-2.43635853e-01  1.00000000e-03
 6.20739718e-02  1.00000000e-03
-1.22495257e-01  1.00000000e-03
 6.43172205e-01  1.00000000e-03
-2.53432822e-01  1.00000000e-03
-1.13368086e-01  1.00000000e-03
-5.04308157e-01  1.00000000e-03
 8.72574609e-01  1.00000000e-03
 3.42174952e-01  1.00000000e-03
 1.06355623e+00  1.00000000e-03
 5.43673718e-01  1.00000000e-03
-2.44995026e-01  1.00000000e-03
-1.97026302e-01  1.00000000e-03
-3.83668344e-01  1.00000000e-03
-5.05253520e-01  1.00000000e-03
-2.51328056e-01  1.00000000e-03
-5.88903121e-01  1.00000000e-03
 3.87769584e-01  1.00000000e-03
 2.09323298e-01  1.00000000e-03
-5.11186838e-01  1.00000000e-03
 4.52885082e-03  1.00000000e-03
-4.87817275e-01  1.00000000e-03
-3.07233604e-01  1.00000000e-03
-4.01604284e-01  1.00000000e-03
-2.51392879e-01  1.00000000e-03
 7.74276342e-01  1.00000000e-03
-2.35030517e-01  1.00000000e-03
-2.72554153e-01  1.00000000e-03
 3.86048391e-01  1.00000000e-03
-3.94611426e-01  1.00000000e-03
-1.48705188e-01  1.00000000e-03
 3.56030679e-01  1.00000000e-03
 9.47107058e-01  1.00000000e-03
-1.38446720e-01  1.00000000e-03
 5.32131966e-02  1.00000000e-03
-1.11381140e-01  1.00000000e-03
 6.43541804e-02  1.00000000e-03
 3.21105380e-01  1.00000000e-03
 1.14219709e+00  1.00000000e-03
-1.23919956e-01  1.00000000e-03
-5.16582221e-01  1.00000000e-03
-1.80778548e-02  1.00000000e-03
 4.32607047e-01  1.00000000e-03
 3.27341054e-01  1.00000000e-03
 9.48916240e-01  1.00000000e-03
-3.78076818e-01  1.00000000e-03
-2.71031579e-01  1.00000000e-03
-2.43302094e-01  1.00000000e-03
-3.24149336e-02  1.00000000e-03
-1.89131782e-01  1.00000000e-03
 3.66666056e-01  1.00000000e-03
-4.12614674e-01  1.00000000e-03
-2.44000593e-01  1.00000000e-03
 2.09852430e-01  1.00000000e-03
-4.68210251e-01  1.00000000e-03
 1.28244602e-01  1.00000000e-03
 1.80119745e-01  1.00000000e-03
-2.35562454e-02  1.00000000e-03
 4.83992889e-01  1.00000000e-03
 2.59773300e-01  1.00000000e-03
 4.41204774e-01  1.00000000e-03
-3.70192416e-01  1.00000000e-03
-6.92673694e-03  1.00000000e-03
 3.09929466e-01  1.00000000e-03
-3.54923337e-01  1.00000000e-03
-2.11157045e-01  1.00000000e-03
 1.94979452e-01  1.00000000e-03
-3.10299197e-01  1.00000000e-03
-1.73089621e-01  1.00000000e-03
-1.62873606e-01  1.00000000e-03
-4.06480150e-01  1.00000000e-03
-5.29999337e-01  1.00000000e-03
 2.48095702e-01  1.00000000e-03
-2.50758235e-01  1.00000000e-03
-4.46651646e-01  1.00000000e-03
-2.81036460e-01  1.00000000e-03
-1.14514574e-02  1.00000000e-03
-4.06475863e-01  1.00000000e-03
 1.61575891e-01  1.00000000e-03
 4.51716404e-01  1.00000000e-03
 7.30749304e-03  1.00000000e-03
 2.41274217e-02  1.00000000e-03
-1.15976885e-01  1.00000000e-03
-8.86441805e-02  1.00000000e-03
-8.85788574e-02  1.00000000e-03
-1.72943376e-01  1.00000000e-03
-2.84623038e-01  1.00000000e-03
 3.25713028e-01  1.00000000e-03
 6.12241289e-01  1.00000000e-03
-5.00503790e-01  1.00000000e-03
 2.63773935e-01  1.00000000e-03
 1.06141201e-01  1.00000000e-03
-1.54611250e-01  1.00000000e-03
-3.07127095e-01  1.00000000e-03
-3.09516977e-01  1.00000000e-03
 2.86240795e-02  1.00000000e-03
 7.01199725e-02  1.00000000e-03
-2.27505957e-01  1.00000000e-03
 3.04387919e-01  1.00000000e-03
-3.73530535e-01  1.00000000e-03
 3.00325561e-02  1.00000000e-03
-1.29810713e-03  1.00000000e-03
-4.40129909e-01  1.00000000e-03
-4.35760889e-01  1.00000000e-03
-7.99186065e-02  1.00000000e-03
 6.17481114e-02  1.00000000e-03
-3.71820711e-01  1.00000000e-03
 7.36229241e-02  1.00000000e-03
 1.82883228e-01  1.00000000e-03
 2.15301322e-01  1.00000000e-03
-1.06444896e-01  1.00000000e-03
 1.84980775e-01  1.00000000e-03
-3.38098536e-01  1.00000000e-03
 3.06060953e-01  1.00000000e-03
 3.76207972e-01  1.00000000e-03
-1.53305810e-01  1.00000000e-03
 4.24709370e-01  1.00000000e-03
-1.54400725e-01  1.00000000e-03
-3.89624376e-01  1.00000000e-03
 1.42957499e-01  1.00000000e-03
 5.39216220e-01  1.00000000e-03
-1.45240827e-01  1.00000000e-03
 5.71937043e-01  1.00000000e-03
-4.39587401e-01  1.00000000e-03
 1.07960632e+00  1.00000000e-03
-1.06050769e-01  1.00000000e-03
 2.02005606e-01  1.00000000e-03
 3.30473730e-01  1.00000000e-03
 3.56839209e-02  1.00000000e-03
 4.48174012e-01  1.00000000e-03
-3.04564608e-01  1.00000000e-03
 6.77421489e-01  1.00000000e-03
-4.48010861e-01  1.00000000e-03
-1.99879663e-01  1.00000000e-03
 2.66906238e-02  1.00000000e-03
-2.59899359e-01  1.00000000e-03
-3.96394525e-01  1.00000000e-03
-4.76453897e-01  1.00000000e-03
 7.07347824e-01  1.00000000e-03
 6.75048612e-02  1.00000000e-03
 4.49324825e-02  1.00000000e-03
 1.01600095e-01  1.00000000e-03
-1.68825228e-01  1.00000000e-03
-4.91442610e-01  1.00000000e-03
 4.31181172e-01  1.00000000e-03
 5.61746627e-01  1.00000000e-03
-5.12900712e-02  1.00000000e-03
-1.52408979e-01  1.00000000e-03
 4.12275912e-01  1.00000000e-03
-8.19854666e-02  1.00000000e-03
-4.18067939e-01  1.00000000e-03
-3.98727290e-01  1.00000000e-03
-9.98404273e-02  1.00000000e-03
-3.52577263e-01  1.00000000e-03
-4.11842511e-01  1.00000000e-03
 2.94358748e-01  1.00000000e-03
-1.33396334e-01  1.00000000e-03
-8.55744622e-02  1.00000000e-03
 3.45932037e-01  1.00000000e-03
 3.72830744e-01  1.00000000e-03
-4.83667206e-01  1.00000000e-03
 1.26847788e-01  1.00000000e-03
-1.26641995e-01  1.00000000e-03
-2.27209210e-01  1.00000000e-03
-2.04549003e-01  1.00000000e-03
 1.84512336e-01  1.00000000e-03
 5.61682603e-01  1.00000000e-03
-2.57520826e-01  1.00000000e-03
 1.05956161e-01  1.00000000e-03
 3.18673681e-01  1.00000000e-03
 5.56975653e-01  1.00000000e-03
 4.25574766e-01  1.00000000e-03
 1.51346855e-01  1.00000000e-03
 4.70951174e-01  1.00000000e-03
-4.07266666e-01  1.00000000e-03
-4.70502703e-01  1.00000000e-03
-5.41746565e-01  1.00000000e-03
 5.81310134e-01  1.00000000e-03
 5.50731547e-01  1.00000000e-03
-4.12884317e-01  1.00000000e-03
 9.43674231e-01  1.00000000e-03
 1.86608838e-01  1.00000000e-03
-2.27395095e-01  1.00000000e-03
 7.56121839e-01  1.00000000e-03
 5.99596567e-01  1.00000000e-03
-2.12209557e-01  1.00000000e-03
 5.14481967e-02  1.00000000e-03
-5.89789309e-01  1.00000000e-03
 7.13673444e-01  1.00000000e-03
-9.56528861e-02  1.00000000e-03
 3.67969378e-01  1.00000000e-03
-2.63785168e-01  1.00000000e-03
-3.01412486e-01  1.00000000e-03
-1.13076972e-01  1.00000000e-03
-3.53839807e-01  1.00000000e-03
-1.22705972e-01  1.00000000e-03
 1.00004249e+00  1.00000000e-03
 1.33709368e-01  1.00000000e-03
 8.99888679e-03  1.00000000e-03
-2.72484376e-02  1.00000000e-03
-2.65747722e-01  1.00000000e-03
-2.83529954e-01  1.00000000e-03
 3.19414115e-01  1.00000000e-03
-3.09556963e-01  1.00000000e-03
 5.68124117e-01  1.00000000e-03
 4.49110494e-02  1.00000000e-03
-1.14749239e-01  1.00000000e-03
-4.03607078e-01  1.00000000e-03
-2.77315092e-01  1.00000000e-03
-4.26782220e-02  1.00000000e-03
-2.97934361e-01  1.00000000e-03
-4.50154125e-01  1.00000000e-03
-4.52377680e-01  1.00000000e-03
-4.56075056e-01  1.00000000e-03
-1.69393385e-01  1.00000000e-03
-1.51340154e-01  1.00000000e-03
 9.44965046e-01  1.00000000e-03
 2.39467448e-01  1.00000000e-03
-2.58976915e-02  1.00000000e-03
 1.50872205e-02  1.00000000e-03
-3.67468080e-01  1.00000000e-03
-4.66396265e-02  1.00000000e-03
-4.70261695e-01  1.00000000e-03
 2.48397136e-01  1.00000000e-03
 5.84531997e-02  1.00000000e-03
-2.93839320e-02  1.00000000e-03
 3.69178321e-02  1.00000000e-03
 2.40272372e-01  1.00000000e-03
 7.63323552e-01  1.00000000e-03
 3.62515496e-01  1.00000000e-03
-1.77855463e-02  1.00000000e-03
-1.23976263e-01  1.00000000e-03
-5.45087494e-02  1.00000000e-03
-1.58765383e-01  1.00000000e-03
-3.04900437e-01  1.00000000e-03
-6.24498620e-01  1.00000000e-03
-2.84493185e-01  1.00000000e-03
 5.15413013e-01  1.00000000e-03
 6.92666319e-01  1.00000000e-03
 2.46976243e-01  1.00000000e-03
-1.34967398e-01  1.00000000e-03
-4.09959575e-04  1.00000000e-03
-1.52298179e-01  1.00000000e-03
-7.24097422e-02  1.00000000e-03
-3.69450393e-01  1.00000000e-03
-2.76939315e-01  1.00000000e-03
-3.59218059e-01  1.00000000e-03
 4.13048533e-02  1.00000000e-03
 9.29417661e-02  1.00000000e-03
 8.05763082e-02  1.00000000e-03
-2.99543502e-01  1.00000000e-03
-1.83288643e-01  1.00000000e-03
 3.18451630e-01  1.00000000e-03
 5.30451173e-02  1.00000000e-03
 4.14462142e-01  1.00000000e-03
-2.71774006e-01  1.00000000e-03
 3.48237192e-01  1.00000000e-03
-4.67179094e-01  1.00000000e-03
-4.33155092e-02  1.00000000e-03
-3.19768221e-01  1.00000000e-03
 1.74730268e-02  1.00000000e-03
-1.35064715e-01  1.00000000e-03
 9.47984717e-03  1.00000000e-03
 5.40951687e-01  1.00000000e-03
-5.93961712e-01  1.00000000e-03
 1.31401269e-01  1.00000000e-03
 3.72570237e-01  1.00000000e-03
 7.61502489e-02  1.00000000e-03
 6.13874952e-01  1.00000000e-03
-1.20213755e-01  1.00000000e-03
-3.68492937e-01  1.00000000e-03
 5.03694183e-01  1.00000000e-03
-1.86855642e-01  1.00000000e-03
 3.02049390e-01  1.00000000e-03
 3.64811209e-02  1.00000000e-03
 4.70862408e-01  1.00000000e-03
 3.48318982e-02  1.00000000e-03
 1.77131369e-01  1.00000000e-03
-1.86015951e-01  1.00000000e-03
 7.49395512e-01  1.00000000e-03
-4.43563424e-01  1.00000000e-03
-2.44546688e-01  1.00000000e-03
 4.43766628e-01  1.00000000e-03
-4.92007753e-01  1.00000000e-03
-3.03941197e-02  1.00000000e-03
-2.42857696e-01  1.00000000e-03
-3.29002385e-01  1.00000000e-03
-1.16814839e-01  1.00000000e-03
-3.55075185e-01  1.00000000e-03
 3.87570587e-01  1.00000000e-03
-4.57422632e-01  1.00000000e-03
-2.00312515e-02  1.00000000e-03
 6.91675171e-01  1.00000000e-03
 2.59131437e-01  1.00000000e-03
-9.35820498e-02  1.00000000e-03
 1.55265243e-01  1.00000000e-03
 5.70504765e-01  1.00000000e-03
-1.15638893e-01  1.00000000e-03
 3.68033404e-01  1.00000000e-03
-3.90763698e-01  1.00000000e-03
 3.00487875e-01  1.00000000e-03
 7.24425298e-01  1.00000000e-03
 6.27476248e-01  1.00000000e-03
-5.07550038e-01  1.00000000e-03
-4.66040638e-01  1.00000000e-03
 5.93014257e-01  1.00000000e-03
-2.28465303e-01  1.00000000e-03
-2.71115307e-01  1.00000000e-03
-2.25805454e-01  1.00000000e-03
 3.72276343e-01  1.00000000e-03
-4.84123738e-01  1.00000000e-03
 2.01445646e-01  1.00000000e-03
-1.91863097e-02  1.00000000e-03
-4.33792785e-01  1.00000000e-03
 1.87701902e-01  1.00000000e-03
 8.95053826e-01  1.00000000e-03
 2.52816527e-01  1.00000000e-03
 5.44094876e-01  1.00000000e-03
-4.51364635e-02  1.00000000e-03
 4.19231015e-01  1.00000000e-03
 1.91145673e-01  1.00000000e-03
-1.23032920e-01  1.00000000e-03
-4.35781275e-02  1.00000000e-03
 2.74973761e-01  1.00000000e-03
 5.84525464e-01  1.00000000e-03
 1.40523869e-01  1.00000000e-03
 4.26641423e-01  1.00000000e-03
 1.85853678e-01  1.00000000e-03
-3.62804665e-01  1.00000000e-03
-2.91367621e-01  1.00000000e-03
 2.78475424e-01  1.00000000e-03
-1.14880333e-01  1.00000000e-03
-2.66488983e-01  1.00000000e-03
-1.53713634e-01  1.00000000e-03
 7.09337692e-01  1.00000000e-03
-6.23875113e-02  1.00000000e-03
-7.16041069e-02  1.00000000e-03
-5.28733219e-01  1.00000000e-03
-1.76847995e-01  1.00000000e-03
-2.90453562e-02  1.00000000e-03
-2.86876545e-01  1.00000000e-03
-2.74186923e-01  1.00000000e-03
-4.45049458e-01  1.00000000e-03
 7.34294315e-01  1.00000000e-03
-6.06188538e-04  1.00000000e-03
-4.26713748e-01  1.00000000e-03
-2.42567203e-01  1.00000000e-03
 2.05831276e-01  1.00000000e-03
-5.25185551e-01  1.00000000e-03
 3.23876129e-01  1.00000000e-03
-3.33459533e-01  1.00000000e-03
 2.59005932e-01  1.00000000e-03
 4.58496734e-01  1.00000000e-03
-2.46598249e-01  1.00000000e-03
 3.62200483e-01  1.00000000e-03
-4.29791033e-02  1.00000000e-03
 7.76956160e-02  1.00000000e-03
 6.04223986e-01  1.00000000e-03
 1.16343022e-01  1.00000000e-03
 6.56672829e-02  1.00000000e-03
-4.20399833e-01  1.00000000e-03
-6.29954716e-02  1.00000000e-03
-1.58039061e-01  1.00000000e-03
 2.70352971e-01  1.00000000e-03
 3.11454460e-01  1.00000000e-03
 1.40185386e-01  1.00000000e-03
 6.15642524e-01  1.00000000e-03
 3.76347545e-01  1.00000000e-03
-9.01463859e-02  1.00000000e-03
-1.71504746e-01  1.00000000e-03
 2.87676829e-01  1.00000000e-03
 4.68749292e-01  1.00000000e-03
 4.11281209e-02  1.00000000e-03
-2.10376429e-01  1.00000000e-03
 2.10648458e-01  1.00000000e-03
 3.90003174e-01  1.00000000e-03
 6.47463934e-02  1.00000000e-03
-5.03722281e-01  1.00000000e-03
-6.83420463e-02  1.00000000e-03
-2.49175055e-01  1.00000000e-03
-6.71468933e-02  1.00000000e-03
 1.04038932e-01  1.00000000e-03
-4.76919391e-01  1.00000000e-03
 1.94841814e-01  1.00000000e-03
 7.70336874e-01  1.00000000e-03
-4.40730543e-01  1.00000000e-03
-1.78351902e-01  1.00000000e-03
-1.33972427e-01  1.00000000e-03
-3.65541221e-01  1.00000000e-03
-2.61989090e-01  1.00000000e-03
-1.86942869e-01  1.00000000e-03
-2.91474726e-01  1.00000000e-03
-3.01140257e-02  1.00000000e-03
-3.14272348e-01  1.00000000e-03
-3.71504096e-01  1.00000000e-03
-3.03959133e-01  1.00000000e-03
 2.85754527e-01  1.00000000e-03
 2.09182477e-01  1.00000000e-03
 3.48821593e-01  1.00000000e-03
-5.53295751e-01  1.00000000e-03
-3.49789696e-01  1.00000000e-03
-2.60119306e-01  1.00000000e-03
-1.04201366e-01  1.00000000e-03
 1.08317463e+00  1.00000000e-03
-1.83855297e-01  1.00000000e-03
-5.09286327e-01  1.00000000e-03
 3.21768003e-01  1.00000000e-03
 3.06678745e-01  1.00000000e-03
 5.60655403e-02  1.00000000e-03
-2.46224881e-01  1.00000000e-03
-1.74026496e-01  1.00000000e-03
 4.06611535e-01  1.00000000e-03
-3.58229117e-01  1.00000000e-03
-1.81389438e-01  1.00000000e-03
 2.98713858e-01  1.00000000e-03
 6.29701138e-01  1.00000000e-03
-3.37852872e-01  1.00000000e-03
-9.25989319e-02  1.00000000e-03
 4.97002347e-01  1.00000000e-03
 4.77941649e-01  1.00000000e-03
-4.22749604e-01  1.00000000e-03
 3.43112308e-01  1.00000000e-03
 1.04389694e-02  1.00000000e-03
 6.63517302e-01  1.00000000e-03
-2.05604830e-01  1.00000000e-03
-4.87255906e-01  1.00000000e-03
 2.48241561e-02  1.00000000e-03
 1.35616760e-01  1.00000000e-03
-5.45545244e-01  1.00000000e-03
 3.12599085e-01  1.00000000e-03
-3.48421386e-01  1.00000000e-03
 3.84636688e-01  1.00000000e-03
-2.54547046e-01  1.00000000e-03
-1.51373075e-01  1.00000000e-03
-4.23777624e-01  1.00000000e-03
 7.87818498e-02  1.00000000e-03
-1.61628926e-01  1.00000000e-03
-3.40006191e-01  1.00000000e-03
-7.42557044e-02  1.00000000e-03
-1.86323743e-01  1.00000000e-03
 5.05145877e-01  1.00000000e-03
-3.54799994e-01  1.00000000e-03
-4.20209180e-01  1.00000000e-03
-3.07500117e-01  1.00000000e-03
-3.45707806e-01  1.00000000e-03
-3.20403049e-01  1.00000000e-03
 7.61859973e-02  1.00000000e-03
-3.05944451e-01  1.00000000e-03
 4.76970461e-01  1.00000000e-03
 3.73207497e-01  1.00000000e-03
-3.15569963e-01  1.00000000e-03
-5.39221647e-01  1.00000000e-03
 6.72006176e-01  1.00000000e-03
-6.14925619e-02  1.00000000e-03
 1.03475867e-02  1.00000000e-03
 1.58642809e-01  1.00000000e-03
-4.00335449e-01  1.00000000e-03
 7.40468527e-01  1.00000000e-03
-2.99325215e-01  1.00000000e-03
 1.78995095e-01  1.00000000e-03
-2.44842390e-01  1.00000000e-03
-3.37852205e-01  1.00000000e-03
 6.91065046e-01  1.00000000e-03
-2.95027494e-01  1.00000000e-03
-1.70308258e-01  1.00000000e-03
 4.04264516e-02  1.00000000e-03
 6.17489354e-01  1.00000000e-03
 9.58789131e-02  1.00000000e-03
-5.56166894e-01  1.00000000e-03
 6.44984290e-01  1.00000000e-03
 2.00049077e-01  1.00000000e-03
-1.11964175e-01  1.00000000e-03
 5.74373508e-01  1.00000000e-03
 2.96414992e-01  1.00000000e-03
-1.61797638e-02  1.00000000e-03
-1.27442737e-01  1.00000000e-03
-4.62100576e-01  1.00000000e-03
-6.16244460e-02  1.00000000e-03
 8.43117418e-01  1.00000000e-03
-4.60662755e-02  1.00000000e-03
-4.89852799e-01  1.00000000e-03
-5.55628607e-01  1.00000000e-03
-5.66178017e-01  1.00000000e-03
-1.99621641e-01  1.00000000e-03
 4.30098758e-01  1.00000000e-03
-3.32288023e-01  1.00000000e-03
-1.46587050e-01  1.00000000e-03
-6.44798739e-02  1.00000000e-03
 3.77109967e-01  1.00000000e-03
-3.71385529e-01  1.00000000e-03
 8.75432628e-02  1.00000000e-03
 3.90646433e-01  1.00000000e-03
-1.39488675e-01  1.00000000e-03
-1.52666135e-01  1.00000000e-03
 8.01053610e-02  1.00000000e-03
 1.35579745e-02  1.00000000e-03
 2.98406373e-01  1.00000000e-03
 9.97613931e-02  1.00000000e-03
 6.21989944e-01  1.00000000e-03
-1.87769215e-01  1.00000000e-03
 8.57869942e-01  1.00000000e-03
 3.21759006e-01  1.00000000e-03
 3.28638787e-02  1.00000000e-03
-6.40859703e-02  1.00000000e-03
 5.08484441e-01  1.00000000e-03
 3.82473373e-02  1.00000000e-03
-2.64495317e-01  1.00000000e-03
-4.93123357e-01  1.00000000e-03
-2.09930952e-01  1.00000000e-03
 8.28328075e-01  1.00000000e-03
 7.33389988e-01  1.00000000e-03
-4.02386862e-01  1.00000000e-03
-4.62485744e-01  1.00000000e-03
-1.23117860e-01  1.00000000e-03
-3.50047982e-01  1.00000000e-03
 3.89623864e-02  1.00000000e-03
-4.15736456e-01  1.00000000e-03
-4.42186282e-01  1.00000000e-03
 3.37138414e-01  1.00000000e-03
 3.75017376e-02  1.00000000e-03
-4.48502922e-01  1.00000000e-03
 7.96609472e-01  1.00000000e-03
 3.63244011e-01  1.00000000e-03
-2.04565022e-01  1.00000000e-03
 9.28682751e-03  1.00000000e-03
 3.71136946e-01  1.00000000e-03
 6.16966094e-03  1.00000000e-03
 7.38034316e-01  1.00000000e-03
 1.09213998e-01  1.00000000e-03
-3.63101913e-01  1.00000000e-03
-2.30348202e-03  1.00000000e-03
 9.12421482e-01  1.00000000e-03
 4.38919024e-01  1.00000000e-03
-2.79945449e-01  1.00000000e-03
 5.65975570e-01  1.00000000e-03
-4.01296307e-01  1.00000000e-03
 7.17514752e-02  1.00000000e-03
-2.60204308e-01  1.00000000e-03
 2.37963198e-01  1.00000000e-03
-4.62974896e-01  1.00000000e-03
-7.80368277e-02  1.00000000e-03
 1.95131652e-01  1.00000000e-03
-4.23710513e-01  1.00000000e-03
 2.19920347e-01  1.00000000e-03
-5.77342080e-01  1.00000000e-03
 1.16207532e-01  1.00000000e-03
-2.67770814e-01  1.00000000e-03
-8.21412415e-03  1.00000000e-03
-5.03319356e-01  1.00000000e-03
-3.64133136e-01  1.00000000e-03
 3.60397515e-01  1.00000000e-03
-9.24057658e-02  1.00000000e-03
-1.34607404e-01  1.00000000e-03
 2.07441112e-01  1.00000000e-03
-1.35644077e-01  1.00000000e-03
-2.89463024e-01  1.00000000e-03
 3.61326515e-01  1.00000000e-03
 1.83362328e-01  1.00000000e-03
-5.49815549e-01  1.00000000e-03
 5.83288162e-01  1.00000000e-03
 2.57414636e-01  1.00000000e-03
-5.13138240e-01  1.00000000e-03
-4.30989175e-01  1.00000000e-03
-3.97309669e-01  1.00000000e-03
-3.09417538e-01  1.00000000e-03
-2.69275824e-01  1.00000000e-03
 3.10213090e-02  1.00000000e-03
-3.53863490e-01  1.00000000e-03
 3.65496334e-01  1.00000000e-03
-2.88569814e-01  1.00000000e-03
-5.11001341e-01  1.00000000e-03
-1.60039075e-01  1.00000000e-03
-1.54681439e-01  1.00000000e-03
-1.57934895e-01  1.00000000e-03
 3.07344185e-01  1.00000000e-03
-5.93456173e-02  1.00000000e-03
-7.75314266e-03  1.00000000e-03
-4.68253885e-01  1.00000000e-03
-3.95168436e-01  1.00000000e-03
 8.62427404e-02  1.00000000e-03
-4.24623577e-01  1.00000000e-03
-2.41573016e-01  1.00000000e-03
 2.35879479e-01  1.00000000e-03
-4.58932762e-01  1.00000000e-03
-3.10000272e-01  1.00000000e-03
 5.19725802e-02  1.00000000e-03
 6.18188734e-01  1.00000000e-03
 3.73804757e-01  1.00000000e-03
-1.79388300e-01  1.00000000e-03
-3.75727025e-01  1.00000000e-03
 1.81850293e-01  1.00000000e-03
-4.15238912e-01  1.00000000e-03
 3.42177741e-01  1.00000000e-03
 6.25713578e-01  1.00000000e-03
 2.25535320e-01  1.00000000e-03
-3.69653576e-01  1.00000000e-03
-5.49670012e-02  1.00000000e-03
 3.80384324e-03  1.00000000e-03
-2.54426742e-01  1.00000000e-03
-3.28126635e-01  1.00000000e-03
 4.95896996e-01  1.00000000e-03
-1.53121172e-01  1.00000000e-03
-5.55122892e-01  1.00000000e-03
 1.09487998e-01  1.00000000e-03
-3.10764186e-01  1.00000000e-03
-4.52694095e-01  1.00000000e-03
 4.08151138e-02  1.00000000e-03
 3.27706856e-01  1.00000000e-03
-4.40153443e-01  1.00000000e-03
-3.20742921e-01  1.00000000e-03
 9.39578534e-01  1.00000000e-03
-8.36007830e-02  1.00000000e-03
 6.44416799e-02  1.00000000e-03
 1.90201763e-01  1.00000000e-03
-5.20628983e-01  1.00000000e-03
 3.92497987e-01  1.00000000e-03
 9.76918658e-01  1.00000000e-03
-2.30435215e-01  1.00000000e-03
-9.84446825e-02  1.00000000e-03
-1.71448921e-02  1.00000000e-03
-4.35491030e-01  1.00000000e-03
 4.02529882e-01  1.00000000e-03
-2.47095869e-01  1.00000000e-03
 2.08751984e-01  1.00000000e-03
 5.69520843e-02  1.00000000e-03
-4.16803729e-02  1.00000000e-03
 7.00722041e-01  1.00000000e-03
 1.43232156e-01  1.00000000e-03
 1.68776791e-02  1.00000000e-03
 3.90447300e-01  1.00000000e-03
 2.25742316e-01  1.00000000e-03
-4.85474311e-01  1.00000000e-03
-3.02631289e-01  1.00000000e-03
-1.26664444e-01  1.00000000e-03
 3.91242884e-01  1.00000000e-03
-4.02853589e-01  1.00000000e-03
-3.81961289e-03  1.00000000e-03
 1.74142782e-01  1.00000000e-03
 7.59943843e-02  1.00000000e-03
 7.60547855e-02  1.00000000e-03
 1.03990491e+00  1.00000000e-03
-8.50406628e-02  1.00000000e-03
-1.75982786e-02  1.00000000e-03
-2.35169569e-01  1.00000000e-03
 1.72418732e-01  1.00000000e-03
 6.43977803e-01  1.00000000e-03
-1.00030835e-01  1.00000000e-03
-2.22324665e-02  1.00000000e-03
 6.70695004e-01  1.00000000e-03
-7.15962084e-02  1.00000000e-03
 2.25898682e-01  1.00000000e-03
-4.09016969e-04  1.00000000e-03
 7.92974381e-01  1.00000000e-03
-5.02498027e-01  1.00000000e-03
 9.35726587e-01  1.00000000e-03
-4.83174335e-02  1.00000000e-03
-4.31824918e-01  1.00000000e-03
-2.46562931e-01  1.00000000e-03
-5.51089804e-01  1.00000000e-03
-4.44375080e-01  1.00000000e-03
-3.39163023e-01  1.00000000e-03
 5.03635041e-01  1.00000000e-03
-4.88305230e-03  1.00000000e-03
 2.36423507e-01  1.00000000e-03
-5.90047359e-01  1.00000000e-03
 8.07980028e-01  1.00000000e-03
 2.77000277e-01  1.00000000e-03
 4.26976069e-01  1.00000000e-03
-4.21464521e-02  1.00000000e-03
 1.30788994e-01  1.00000000e-03
 1.64547377e-01  1.00000000e-03
-5.47497625e-01  1.00000000e-03
 5.07568177e-01  1.00000000e-03
-4.13635464e-02  1.00000000e-03
-3.63013256e-01  1.00000000e-03
-2.67079191e-02  1.00000000e-03
 5.84665587e-03  1.00000000e-03
-4.00490386e-01  1.00000000e-03
 8.76038115e-01  1.00000000e-03
-5.88048770e-02  1.00000000e-03
-3.48080803e-01  1.00000000e-03
-3.85347927e-01  1.00000000e-03
 4.06383873e-01  1.00000000e-03
 4.15008126e-01  1.00000000e-03
-3.81503669e-01  1.00000000e-03
-1.66609324e-01  1.00000000e-03
 5.79516399e-01  1.00000000e-03
-4.43523336e-01  1.00000000e-03
-9.54298258e-02  1.00000000e-03
 5.12347838e-01  1.00000000e-03
 2.88647977e-01  1.00000000e-03
 1.51104562e-01  1.00000000e-03
-2.45201931e-01  1.00000000e-03
 4.09176086e-01  1.00000000e-03
-8.44660282e-02  1.00000000e-03
-2.54853924e-01  1.00000000e-03
-1.04205678e-01  1.00000000e-03
-9.07502530e-02  1.00000000e-03
-5.80273645e-01  1.00000000e-03
-2.65452207e-01  1.00000000e-03
-8.32997164e-02  1.00000000e-03
 3.78383244e-01  1.00000000e-03
 2.08806321e-01  1.00000000e-03
 8.23141805e-01  1.00000000e-03
-2.67007234e-01  1.00000000e-03
-1.99220854e-01  1.00000000e-03
-7.90777530e-02  1.00000000e-03
-3.07033114e-01  1.00000000e-03
 5.99263339e-03  1.00000000e-03
 5.72755087e-02  1.00000000e-03
 3.42921478e-01  1.00000000e-03
 6.55673026e-02  1.00000000e-03
-3.64018874e-01  1.00000000e-03
-2.91148511e-01  1.00000000e-03
 5.69514678e-02  1.00000000e-03
-3.07043136e-01  1.00000000e-03
 3.16565698e-01  1.00000000e-03
-6.80561476e-02  1.00000000e-03
 6.65799040e-02  1.00000000e-03
-1.12006254e-01  1.00000000e-03
-2.32897830e-01  1.00000000e-03
 7.72581911e-01  1.00000000e-03
 5.35009175e-01  1.00000000e-03
-2.79885724e-01  1.00000000e-03
-2.70353720e-01  1.00000000e-03
-6.00719079e-01  1.00000000e-03
 3.86405981e-01  1.00000000e-03
 1.22206564e+00  1.00000000e-03
 2.18722856e-01  1.00000000e-03
 1.37300429e-01  1.00000000e-03
-3.69624579e-01  1.00000000e-03
-3.37150177e-01  1.00000000e-03
-3.74650326e-02  1.00000000e-03
-4.39224075e-01  1.00000000e-03
-4.36377807e-01  1.00000000e-03
-1.17766490e-01  1.00000000e-03
-1.53733197e-01  1.00000000e-03
-2.75769435e-01  1.00000000e-03
 6.31747195e-01  1.00000000e-03
-4.83368945e-01  1.00000000e-03
-4.49808207e-01  1.00000000e-03
-1.05862851e-02  1.00000000e-03
-3.13662707e-02  1.00000000e-03
 1.40717446e-01  1.00000000e-03
 1.33329409e-01  1.00000000e-03
-1.76415402e-01  1.00000000e-03
 1.60503299e-01  1.00000000e-03
 6.72093808e-01  1.00000000e-03
 3.53110247e-01  1.00000000e-03
 7.03881232e-01  1.00000000e-03
-5.19300552e-01  1.00000000e-03
 4.37175454e-01  1.00000000e-03
 2.51653622e-01  1.00000000e-03
-1.61009871e-01  1.00000000e-03
-3.64202271e-01  1.00000000e-03
-4.21666822e-01  1.00000000e-03
-4.01673445e-01  1.00000000e-03
-2.37210443e-01  1.00000000e-03
 5.40227616e-02  1.00000000e-03
-2.41796513e-01  1.00000000e-03
 4.67394250e-01  1.00000000e-03
-3.11525924e-01  1.00000000e-03
 2.59492164e-01  1.00000000e-03
 4.09641541e-01  1.00000000e-03
 4.93211874e-02  1.00000000e-03
-1.50888197e-01  1.00000000e-03
-4.33706357e-01  1.00000000e-03
-3.90404231e-01  1.00000000e-03
-4.23361023e-01  1.00000000e-03
 3.15632056e-01  1.00000000e-03
 5.31836699e-01  1.00000000e-03
-5.00434219e-01  1.00000000e-03
-2.43357663e-01  1.00000000e-03
-3.62355144e-01  1.00000000e-03
 9.92954617e-01  1.00000000e-03
 1.47020180e-01  1.00000000e-03
 5.44960732e-01  1.00000000e-03
-2.09625671e-01  1.00000000e-03
 9.28147856e-01  1.00000000e-03
 2.88793531e-01  1.00000000e-03
 1.60464546e-01  1.00000000e-03
 1.77787459e-01  1.00000000e-03
-8.74662535e-02  1.00000000e-03
-9.80815012e-02  1.00000000e-03
-3.89380131e-01  1.00000000e-03
-3.77878520e-01  1.00000000e-03
 3.49218124e-01  1.00000000e-03
 5.88734810e-02  1.00000000e-03
-4.33446773e-01  1.00000000e-03
-4.83398630e-01  1.00000000e-03
 4.68975303e-01  1.00000000e-03
 4.85755346e-01  1.00000000e-03
-5.42740751e-02  1.00000000e-03
-3.94426597e-01  1.00000000e-03
 2.48177898e-01  1.00000000e-03
-1.63641046e-01  1.00000000e-03
-1.99892220e-01  1.00000000e-03
 2.06285284e-01  1.00000000e-03
-3.05062443e-01  1.00000000e-03
-8.38871819e-02  1.00000000e-03
-3.04313113e-03  1.00000000e-03
-2.72257849e-01  1.00000000e-03
 8.66607050e-01  1.00000000e-03
 4.03550880e-01  1.00000000e-03
-2.86043543e-01  1.00000000e-03
 4.07121084e-01  1.00000000e-03
-4.08436874e-01  1.00000000e-03
 2.92348388e-02  1.00000000e-03
-4.04749249e-01  1.00000000e-03
 4.19322510e-02  1.00000000e-03
-4.93546144e-01  1.00000000e-03
 6.20618684e-01  1.00000000e-03
-3.00132272e-01  1.00000000e-03
 1.42059257e-01  1.00000000e-03
 6.26478750e-01  1.00000000e-03
-4.37440676e-02  1.00000000e-03
-3.26202835e-02  1.00000000e-03
-5.18090284e-01  1.00000000e-03
-4.38732942e-01  1.00000000e-03
-5.73492230e-01  1.00000000e-03
-4.86306011e-01  1.00000000e-03
-3.10314642e-02  1.00000000e-03
-6.59042425e-02  1.00000000e-03
 2.51153072e-01  1.00000000e-03
 1.07800710e+00  1.00000000e-03
-1.32219492e-01  1.00000000e-03
-7.66143275e-02  1.00000000e-03
 4.64443902e-01  1.00000000e-03
 4.02278469e-01  1.00000000e-03
 4.77479143e-01  1.00000000e-03
-5.42676869e-02  1.00000000e-03
 2.54373245e-02  1.00000000e-03
-4.17439519e-01  1.00000000e-03
 4.14209791e-01  1.00000000e-03
-5.11590861e-02  1.00000000e-03
-5.16402373e-01  1.00000000e-03
 1.94059592e-01  1.00000000e-03
-2.31092774e-01  1.00000000e-03
-8.20210377e-02  1.00000000e-03
-2.38235737e-01  1.00000000e-03
 6.90277272e-01  1.00000000e-03
 1.89814985e-01  1.00000000e-03
-3.50438099e-01  1.00000000e-03
 3.71626523e-01  1.00000000e-03
-5.67638804e-01  1.00000000e-03
 2.02817816e-01  1.00000000e-03
-3.14394022e-02  1.00000000e-03
 6.98600407e-01  1.00000000e-03
-4.07722432e-01  1.00000000e-03
-1.46903383e-01  1.00000000e-03
-4.33587435e-01  1.00000000e-03
 1.07924368e-01  1.00000000e-03
-3.01638546e-01  1.00000000e-03
 1.29697117e-01  1.00000000e-03
-9.68587198e-03  1.00000000e-03
-1.64493149e-01  1.00000000e-03
 1.64647135e-01  1.00000000e-03
-3.35191213e-01  1.00000000e-03
 6.11524121e-01  1.00000000e-03
 2.07135018e-01  1.00000000e-03
-4.90359364e-01  1.00000000e-03
-5.05492550e-02  1.00000000e-03
-4.04972074e-01  1.00000000e-03
 8.91960418e-01  1.00000000e-03
-6.36585084e-02  1.00000000e-03
-3.56590022e-01  1.00000000e-03
 2.98841790e-01  1.00000000e-03
 3.66596142e-01  1.00000000e-03
-3.34776045e-01  1.00000000e-03
 3.77330197e-02  1.00000000e-03
 5.12204867e-01  1.00000000e-03
 2.81099592e-01  1.00000000e-03
 9.10810886e-02  1.00000000e-03
 3.06091818e-01  1.00000000e-03
-3.71807598e-01  1.00000000e-03
-3.52902072e-01  1.00000000e-03
 2.63643241e-01  1.00000000e-03
 6.58768959e-01  1.00000000e-03
 5.45810317e-01  1.00000000e-03
-1.69171376e-01  1.00000000e-03
-1.35549000e-01  1.00000000e-03
 2.69051873e-01  1.00000000e-03
 6.55184590e-02  1.00000000e-03
-9.67139130e-02  1.00000000e-03
-1.86371545e-01  1.00000000e-03
-4.50195865e-01  1.00000000e-03
 4.20599009e-01  1.00000000e-03
-9.58706367e-02  1.00000000e-03
-1.38183903e-01  1.00000000e-03
-1.26378200e-01  1.00000000e-03
 1.41176852e-01  1.00000000e-03
 9.04843285e-01  1.00000000e-03
-4.84265061e-01  1.00000000e-03
 6.10125345e-01  1.00000000e-03
-4.13448722e-01  1.00000000e-03
-3.96356710e-01  1.00000000e-03
-4.34392643e-01  1.00000000e-03
-4.66532578e-01  1.00000000e-03
-4.38312519e-01  1.00000000e-03
 1.60151410e-01  1.00000000e-03
 9.87297455e-01  1.00000000e-03
-2.62162723e-02  1.00000000e-03
 3.42794994e-01  1.00000000e-03
 6.90257071e-01  1.00000000e-03
 8.18298348e-03  1.00000000e-03
 3.42452343e-01  1.00000000e-03
-4.22145745e-01  1.00000000e-03
-9.95908825e-02  1.00000000e-03
-1.58710349e-01  1.00000000e-03
-2.07961986e-01  1.00000000e-03
-3.25947357e-01  1.00000000e-03
 4.67042383e-01  1.00000000e-03
-5.31233573e-02  1.00000000e-03
-3.02589166e-01  1.00000000e-03
-2.29819422e-01  1.00000000e-03
-2.17746324e-01  1.00000000e-03
-2.35087270e-01  1.00000000e-03
-2.65055399e-01  1.00000000e-03
-3.40013253e-01  1.00000000e-03
 4.14163127e-01  1.00000000e-03
 3.29416858e-01  1.00000000e-03
-4.43194685e-01  1.00000000e-03
 2.22380008e-01  1.00000000e-03
 2.84069202e-01  1.00000000e-03
 2.47398902e-01  1.00000000e-03
 2.09790662e-01  1.00000000e-03
-5.32484490e-01  1.00000000e-03
-1.31425477e-01  1.00000000e-03
 7.73711328e-02  1.00000000e-03
-3.48784468e-01  1.00000000e-03
-1.85507257e-01  1.00000000e-03
-2.12199380e-01  1.00000000e-03
-2.65862240e-02  1.00000000e-03
 3.88564945e-01  1.00000000e-03
 4.46194702e-01  1.00000000e-03
-2.73116233e-01  1.00000000e-03
 5.82402038e-01  1.00000000e-03
-2.69130290e-01  1.00000000e-03
 5.55654296e-01  1.00000000e-03
-5.02527075e-01  1.00000000e-03
-7.78144800e-02  1.00000000e-03
 3.31513384e-01  1.00000000e-03
 2.33044256e-01  1.00000000e-03
 4.97645311e-01  1.00000000e-03
 4.38844936e-01  1.00000000e-03
-2.36204322e-01  1.00000000e-03
-2.77909550e-01  1.00000000e-03
-2.80132922e-01  1.00000000e-03
 2.19832836e-01  1.00000000e-03
 6.25480198e-01  1.00000000e-03
 1.23451149e-01  1.00000000e-03
-2.03351828e-01  1.00000000e-03
 2.82233634e-01  1.00000000e-03
 9.64654446e-01  1.00000000e-03
-2.43138370e-02  1.00000000e-03
-2.89156969e-01  1.00000000e-03
-3.44285183e-01  1.00000000e-03
-9.04604163e-02  1.00000000e-03
 6.15663439e-01  1.00000000e-03
 8.61845140e-02  1.00000000e-03
 7.99171238e-02  1.00000000e-03
 3.48613041e-01  1.00000000e-03
-1.67645116e-01  1.00000000e-03
-4.69940927e-01  1.00000000e-03
-4.16447759e-01  1.00000000e-03
 2.52873358e-01  1.00000000e-03
-1.34820045e-01  1.00000000e-03
 3.84392758e-02  1.00000000e-03
 5.82476990e-02  1.00000000e-03
 8.56938061e-01  1.00000000e-03
-4.95903726e-01  1.00000000e-03
 4.35468856e-01  1.00000000e-03
 9.09010621e-01  1.00000000e-03
 3.78801983e-01  1.00000000e-03
 4.04443267e-01  1.00000000e-03
-2.20415226e-01  1.00000000e-03
-1.19486675e-01  1.00000000e-03
-6.22883740e-01  1.00000000e-03
-4.97566431e-01  1.00000000e-03
-1.89555978e-01  1.00000000e-03
-1.16905966e-01  1.00000000e-03
-4.31615003e-01  1.00000000e-03
 1.25946081e-01  1.00000000e-03
 2.65062814e-01  1.00000000e-03
 6.83380148e-02  1.00000000e-03
-1.69331237e-01  1.00000000e-03
 3.02435485e-01  1.00000000e-03
-4.08717624e-01  1.00000000e-03
-3.10826608e-02  1.00000000e-03
-8.67220684e-02  1.00000000e-03
-1.82383612e-01  1.00000000e-03
 1.90045915e-01  1.00000000e-03
-5.32323401e-01  1.00000000e-03
 6.03993296e-01  1.00000000e-03
 5.30592702e-01  1.00000000e-03
 5.71220475e-02  1.00000000e-03
 1.76529813e-01  1.00000000e-03
 1.28587963e-01  1.00000000e-03
-2.14349998e-01  1.00000000e-03
 3.81610132e-01  1.00000000e-03
