-1.50174279e-01  1.00000000e-03
 3.10146382e-01  1.00000000e-03
-1.37566276e-01  1.00000000e-03
 3.48779844e-01  1.00000000e-03
-1.44616871e-01  1.00000000e-03
 7.35759835e-02  1.00000000e-03
-1.61456223e-01  1.00000000e-03
 3.25818552e-01  1.00000000e-03
 3.31523988e-01  1.00000000e-03
 3.45403299e-01  1.00000000e-03
 3.55981767e-01  1.00000000e-03
-1.37403216e-01  1.00000000e-03
-1.25972116e-01  1.00000000e-03
-1.50986358e-01  1.00000000e-03
-1.36810404e-01  1.00000000e-03
-3.69106796e-02  1.00000000e-03
-1.69409276e-01  1.00000000e-03
 1.30739867e-01  1.00000000e-03
 2.04608082e-02  1.00000000e-03
-1.55630253e-01  1.00000000e-03
-1.73972547e-02  1.00000000e-03
-1.92985956e-01  1.00000000e-03
-1.20895450e-01  1.00000000e-03
-1.48994182e-01  1.00000000e-03
-1.48312228e-01  1.00000000e-03
 2.97523787e-01  1.00000000e-03
-1.33329602e-01  1.00000000e-03
-1.41880460e-01  1.00000000e-03
 1.44708245e-01  1.00000000e-03
-1.22817193e-01  1.00000000e-03
-8.97964445e-02  1.00000000e-03
 3.56235244e-01  1.00000000e-03
 3.45295083e-01  1.00000000e-03
-1.57286683e-01  1.00000000e-03
-1.51335741e-03  1.00000000e-03
 5.95687813e-02  1.00000000e-03
 6.29174574e-03  1.00000000e-03
 2.96554808e-01  1.00000000e-03
 3.85898277e-01  1.00000000e-03
-1.34493931e-01  1.00000000e-03
-1.45771981e-01  1.00000000e-03
-1.64424684e-01  1.00000000e-03
 4.56602145e-02  1.00000000e-03
 8.60913475e-02  1.00000000e-03
 3.51987416e-01  1.00000000e-03
-1.42778816e-01  1.00000000e-03
-1.46131989e-01  1.00000000e-03
-1.22965729e-01  1.00000000e-03
-1.32839563e-01  1.00000000e-03
-1.42982027e-01  1.00000000e-03
-1.70776594e-01  1.00000000e-03
-1.70943903e-01  1.00000000e-03
-1.52278029e-01  1.00000000e-03
 2.49330448e-02  1.00000000e-03
-1.37042792e-01  1.00000000e-03
 1.85512108e-01  1.00000000e-03
-1.45782050e-01  1.00000000e-03
 3.85427232e-02  1.00000000e-03
 3.26829461e-01  1.00000000e-03
 3.97155153e-02  1.00000000e-03
 6.97085578e-02  1.00000000e-03
-1.61873217e-01  1.00000000e-03
-1.37319070e-01  1.00000000e-03
 3.60705636e-01  1.00000000e-03
-1.57082355e-01  1.00000000e-03
-1.24164175e-01  1.00000000e-03
-7.11975502e-02  1.00000000e-03
-1.70655739e-01  1.00000000e-03
-9.01776417e-02  1.00000000e-03
-6.13989354e-02  1.00000000e-03
-6.57225173e-02  1.00000000e-03
-1.49337747e-01  1.00000000e-03
 3.49661426e-01  1.00000000e-03
-1.59722925e-01  1.00000000e-03
-1.56005083e-01  1.00000000e-03
-8.98741021e-03  1.00000000e-03
-1.36506667e-01  1.00000000e-03
-1.27664165e-01  1.00000000e-03
-6.87224036e-02  1.00000000e-03
 2.19184718e-01  1.00000000e-03
-1.31546927e-01  1.00000000e-03
 3.35183923e-02  1.00000000e-03
-1.44228614e-01  1.00000000e-03
-1.19099083e-01  1.00000000e-03
 2.83285901e-01  1.00000000e-03
-1.38797476e-01  1.00000000e-03
-1.06805864e-01  1.00000000e-03
 6.79633085e-02  1.00000000e-03
 1.84312428e-01  1.00000000e-03
-1.77908137e-01  1.00000000e-03
 3.74486551e-01  1.00000000e-03
-1.42070537e-01  1.00000000e-03
-1.53237883e-01  1.00000000e-03
-1.43844591e-01  1.00000000e-03
-1.60200939e-01  1.00000000e-03
 8.70039971e-02  1.00000000e-03
-5.42257839e-02  1.00000000e-03
-1.26848524e-01  1.00000000e-03
 1.62415555e-01  1.00000000e-03
-1.53558065e-01  1.00000000e-03
 2.43183231e-01  1.00000000e-03
-7.13875546e-02  1.00000000e-03
-1.41583175e-01  1.00000000e-03
-1.29146743e-01  1.00000000e-03
-1.73275721e-01  1.00000000e-03
 4.71569185e-02  1.00000000e-03
-1.57508221e-01  1.00000000e-03
-7.51052349e-02  1.00000000e-03
 3.50084909e-02  1.00000000e-03
 2.95809649e-01  1.00000000e-03
-1.24077285e-01  1.00000000e-03
-1.47417137e-01  1.00000000e-03
 2.05364363e-01  1.00000000e-03
 2.29314842e-01  1.00000000e-03
 3.11351998e-01  1.00000000e-03
 4.21416063e-02  1.00000000e-03
 3.37943459e-01  1.00000000e-03
-1.37676784e-01  1.00000000e-03
-1.08465103e-01  1.00000000e-03
-4.22254112e-02  1.00000000e-03
 2.86957599e-01  1.00000000e-03
-4.72917110e-02  1.00000000e-03
 3.36875933e-01  1.00000000e-03
-1.59802030e-01  1.00000000e-03
 3.53937721e-01  1.00000000e-03
-1.27477381e-01  1.00000000e-03
-1.62849421e-01  1.00000000e-03
 3.51728323e-01  1.00000000e-03
 3.22335600e-01  1.00000000e-03
 3.56968248e-01  1.00000000e-03
-8.08375090e-02  1.00000000e-03
 3.02237261e-01  1.00000000e-03
-1.47148176e-01  1.00000000e-03
-6.83720861e-02  1.00000000e-03
 2.81202534e-01  1.00000000e-03
-1.48926891e-01  1.00000000e-03
-1.38793945e-01  1.00000000e-03
-1.76646803e-01  1.00000000e-03
 2.89407713e-01  1.00000000e-03
 9.05941264e-03  1.00000000e-03
 3.38992443e-01  1.00000000e-03
 2.61365472e-01  1.00000000e-03
-4.62593554e-02  1.00000000e-03
-1.58838962e-01  1.00000000e-03
 2.60098283e-01  1.00000000e-03
 3.16276292e-01  1.00000000e-03
-1.45314837e-01  1.00000000e-03
-1.75246171e-01  1.00000000e-03
 2.81578036e-01  1.00000000e-03
 4.51044471e-02  1.00000000e-03
-1.54786651e-01  1.00000000e-03
-1.48090818e-01  1.00000000e-03
 3.65946399e-01  1.00000000e-03
-1.61364144e-01  1.00000000e-03
-1.49019254e-01  1.00000000e-03
 3.57865954e-01  1.00000000e-03
-1.46923801e-01  1.00000000e-03
-9.54606275e-02  1.00000000e-03
 3.31343135e-01  1.00000000e-03
 3.75636104e-01  1.00000000e-03
-1.61494542e-01  1.00000000e-03
 3.17517464e-01  1.00000000e-03
 3.08609869e-01  1.00000000e-03
-1.66719547e-02  1.00000000e-03
-1.40202859e-01  1.00000000e-03
 1.52066650e-01  1.00000000e-03
 2.81045559e-01  1.00000000e-03
-1.64097370e-01  1.00000000e-03
 3.87532198e-02  1.00000000e-03
-9.79132646e-02  1.00000000e-03
 2.48825764e-01  1.00000000e-03
 2.13472941e-01  1.00000000e-03
 3.59677134e-02  1.00000000e-03
 3.42959205e-01  1.00000000e-03
-1.77477674e-01  1.00000000e-03
-1.79239113e-01  1.00000000e-03
-1.55374230e-01  1.00000000e-03
 3.35897726e-01  1.00000000e-03
 1.35502920e-01  1.00000000e-03
-1.36230928e-01  1.00000000e-03
 3.31175327e-01  1.00000000e-03
-7.01144940e-02  1.00000000e-03
-1.66163300e-02  1.00000000e-03
 3.06758640e-01  1.00000000e-03
 3.09925823e-01  1.00000000e-03
 2.89601345e-02  1.00000000e-03
-1.56657056e-01  1.00000000e-03
-1.46317400e-01  1.00000000e-03
 3.50019013e-01  1.00000000e-03
-7.32477159e-02  1.00000000e-03
-1.46464477e-01  1.00000000e-03
-1.31974409e-01  1.00000000e-03
-1.70710063e-01  1.00000000e-03
-4.77100765e-02  1.00000000e-03
-1.32490185e-01  1.00000000e-03
 5.29627671e-02  1.00000000e-03
 3.29146594e-01  1.00000000e-03
 1.49949220e-01  1.00000000e-03
-1.18084670e-01  1.00000000e-03
 1.02575688e-01  1.00000000e-03
-1.72504928e-01  1.00000000e-03
-1.40860390e-01  1.00000000e-03
-7.50343268e-02  1.00000000e-03
-1.53747928e-01  1.00000000e-03
 2.23862806e-01  1.00000000e-03
-1.41869037e-01  1.00000000e-03
 1.19911770e-01  1.00000000e-03
-1.66349553e-01  1.00000000e-03
-1.40977065e-01  1.00000000e-03
-1.46243546e-01  1.00000000e-03
-1.46945948e-01  1.00000000e-03
-1.42658740e-01  1.00000000e-03
-1.58517623e-01  1.00000000e-03
-1.14588056e-01  1.00000000e-03
-1.40994457e-01  1.00000000e-03
-1.47879713e-01  1.00000000e-03
 3.53079089e-01  1.00000000e-03
 9.82745004e-02  1.00000000e-03
-1.19371439e-01  1.00000000e-03
-5.51406531e-02  1.00000000e-03
-1.57457649e-01  1.00000000e-03
-1.38317715e-01  1.00000000e-03
-1.49361805e-01  1.00000000e-03
 2.20210471e-01  1.00000000e-03
-4.47406575e-02  1.00000000e-03
-1.40018334e-01  1.00000000e-03
-1.35515353e-01  1.00000000e-03
-2.32565614e-03  1.00000000e-03
 3.35532853e-01  1.00000000e-03
 1.20206754e-01  1.00000000e-03
-1.68903206e-01  1.00000000e-03
-1.42416847e-01  1.00000000e-03
 3.40558837e-01  1.00000000e-03
-9.20374559e-02  1.00000000e-03
-1.42502641e-01  1.00000000e-03
-1.79153351e-01  1.00000000e-03
-1.79035163e-01  1.00000000e-03
 1.62440260e-01  1.00000000e-03
 2.22950936e-01  1.00000000e-03
 1.77014035e-01  1.00000000e-03
-1.47620398e-01  1.00000000e-03
-9.04858672e-02  1.00000000e-03
-1.65835161e-01  1.00000000e-03
 2.96765588e-01  1.00000000e-03
-1.27554547e-01  1.00000000e-03
-4.12016376e-02  1.00000000e-03
-1.57072399e-01  1.00000000e-03
-1.12356460e-02  1.00000000e-03
 7.56529395e-02  1.00000000e-03
 1.15083238e-01  1.00000000e-03
-1.57384903e-01  1.00000000e-03
-1.59065449e-01  1.00000000e-03
 1.64249730e-01  1.00000000e-03
 2.99902713e-02  1.00000000e-03
-1.05251450e-01  1.00000000e-03
-1.32437278e-01  1.00000000e-03
 3.04995482e-01  1.00000000e-03
-6.72345435e-02  1.00000000e-03
 2.53870527e-01  1.00000000e-03
-1.33835571e-01  1.00000000e-03
-1.41533680e-01  1.00000000e-03
-1.87118744e-01  1.00000000e-03
 3.37353097e-01  1.00000000e-03
 3.47950904e-01  1.00000000e-03
-1.68479664e-01  1.00000000e-03
-4.98398463e-02  1.00000000e-03
 1.94153806e-01  1.00000000e-03
 1.08917556e-01  1.00000000e-03
 3.51966546e-01  1.00000000e-03
 2.02319244e-02  1.00000000e-03
-1.58552810e-01  1.00000000e-03
 1.85000331e-01  1.00000000e-03
-1.23097087e-01  1.00000000e-03
-3.42596882e-02  1.00000000e-03
 3.26636666e-01  1.00000000e-03
 1.05170477e-01  1.00000000e-03
-1.01959040e-01  1.00000000e-03
-2.87145534e-02  1.00000000e-03
-1.45863605e-01  1.00000000e-03
 2.19754650e-01  1.00000000e-03
-1.46526624e-01  1.00000000e-03
-1.19906225e-01  1.00000000e-03
 3.04593948e-01  1.00000000e-03
-1.56173359e-01  1.00000000e-03
-1.01508387e-01  1.00000000e-03
-1.55014597e-01  1.00000000e-03
-9.15099286e-02  1.00000000e-03
-1.19115955e-01  1.00000000e-03
-1.66819675e-01  1.00000000e-03
-3.83991802e-02  1.00000000e-03
-1.37505931e-01  1.00000000e-03
 4.13730270e-02  1.00000000e-03
 3.71449452e-01  1.00000000e-03
-1.22686977e-03  1.00000000e-03
 4.62298146e-02  1.00000000e-03
-1.19582051e-01  1.00000000e-03
 3.29373495e-01  1.00000000e-03
-1.68272893e-01  1.00000000e-03
 1.44447936e-01  1.00000000e-03
-1.53161075e-01  1.00000000e-03
 1.23056508e-01  1.00000000e-03
 3.69463805e-01  1.00000000e-03
 3.60763274e-01  1.00000000e-03
-1.62928866e-01  1.00000000e-03
-1.93710256e-01  1.00000000e-03
 9.45553445e-02  1.00000000e-03
-1.16233723e-01  1.00000000e-03
-1.74113074e-01  1.00000000e-03
-1.51958388e-01  1.00000000e-03
-1.26614245e-01  1.00000000e-03
-1.49032570e-01  1.00000000e-03
 1.43102375e-01  1.00000000e-03
-7.04610062e-02  1.00000000e-03
-1.61892491e-01  1.00000000e-03
 1.52953113e-01  1.00000000e-03
 3.38411089e-01  1.00000000e-03
-1.42556568e-01  1.00000000e-03
 2.29587638e-01  1.00000000e-03
 2.93567716e-01  1.00000000e-03
 3.39363170e-01  1.00000000e-03
 1.56119853e-01  1.00000000e-03
 1.92336254e-01  1.00000000e-03
-4.50996217e-02  1.00000000e-03
 2.44908897e-01  1.00000000e-03
 7.75719113e-03  1.00000000e-03
-2.73890322e-02  1.00000000e-03
 1.98287134e-01  1.00000000e-03
-1.70524339e-02  1.00000000e-03
-1.54606508e-01  1.00000000e-03
-1.36995121e-01  1.00000000e-03
-3.81148310e-03  1.00000000e-03
-1.41630773e-01  1.00000000e-03
-5.19668090e-02  1.00000000e-03
-7.03409578e-02  1.00000000e-03
 3.53459301e-01  1.00000000e-03
 2.65616718e-01  1.00000000e-03
-1.66451051e-01  1.00000000e-03
-1.51866676e-01  1.00000000e-03
-5.94192495e-02  1.00000000e-03
 2.84292044e-01  1.00000000e-03
-6.42151293e-02  1.00000000e-03
-1.61582113e-01  1.00000000e-03
-1.06471151e-01  1.00000000e-03
 2.59169624e-01  1.00000000e-03
 6.92560857e-03  1.00000000e-03
-1.56566710e-01  1.00000000e-03
-8.53851031e-02  1.00000000e-03
-1.48809081e-01  1.00000000e-03
-1.41533043e-01  1.00000000e-03
 2.49053363e-01  1.00000000e-03
-7.09549594e-02  1.00000000e-03
 2.69465293e-01  1.00000000e-03
 2.63347939e-01  1.00000000e-03
 4.97033104e-02  1.00000000e-03
-1.30068683e-01  1.00000000e-03
 3.53070680e-01  1.00000000e-03
 5.94974129e-02  1.00000000e-03
 3.09602329e-01  1.00000000e-03
-1.01119096e-01  1.00000000e-03
 1.22664640e-01  1.00000000e-03
-1.46059476e-01  1.00000000e-03
 9.53435416e-02  1.00000000e-03
-1.40167661e-01  1.00000000e-03
 2.43509872e-01  1.00000000e-03
 2.64561251e-01  1.00000000e-03
 2.62169632e-02  1.00000000e-03
 1.91031798e-01  1.00000000e-03
 2.34787075e-01  1.00000000e-03
-1.65924478e-01  1.00000000e-03
-1.59683992e-01  1.00000000e-03
 1.31125679e-01  1.00000000e-03
 3.17282765e-01  1.00000000e-03
-7.41957477e-02  1.00000000e-03
-1.34412903e-01  1.00000000e-03
 2.73596060e-01  1.00000000e-03
 3.32829297e-01  1.00000000e-03
-1.49022987e-01  1.00000000e-03
-1.70169617e-01  1.00000000e-03
 9.79200779e-02  1.00000000e-03
 9.35310437e-03  1.00000000e-03
-1.38854633e-01  1.00000000e-03
 3.59484650e-01  1.00000000e-03
-1.33070055e-01  1.00000000e-03
-1.03684532e-01  1.00000000e-03
 3.23063711e-01  1.00000000e-03
-1.54521392e-01  1.00000000e-03
-5.18241397e-02  1.00000000e-03
-1.07005675e-01  1.00000000e-03
-1.52267240e-01  1.00000000e-03
-1.51571931e-01  1.00000000e-03
-1.61839003e-01  1.00000000e-03
-4.09621771e-02  1.00000000e-03
-1.53016912e-01  1.00000000e-03
-1.59429061e-01  1.00000000e-03
-1.40599806e-01  1.00000000e-03
-1.33408829e-01  1.00000000e-03
 2.96542705e-01  1.00000000e-03
 5.85134664e-02  1.00000000e-03
 2.94017063e-01  1.00000000e-03
-1.71561251e-01  1.00000000e-03
-1.67765738e-01  1.00000000e-03
-8.28470793e-02  1.00000000e-03
 3.03463162e-02  1.00000000e-03
 3.35248791e-01  1.00000000e-03
-1.40018957e-01  1.00000000e-03
-1.69098610e-01  1.00000000e-03
-8.88037450e-02  1.00000000e-03
 3.28326773e-01  1.00000000e-03
 2.03503792e-01  1.00000000e-03
-1.45159867e-01  1.00000000e-03
 7.16827470e-02  1.00000000e-03
 3.19728935e-01  1.00000000e-03
-1.44698581e-01  1.00000000e-03
-7.53136463e-02  1.00000000e-03
 2.08119054e-01  1.00000000e-03
 2.73562037e-01  1.00000000e-03
-1.43081011e-01  1.00000000e-03
-1.18587174e-01  1.00000000e-03
 1.96741482e-01  1.00000000e-03
 4.15307109e-02  1.00000000e-03
-1.44316379e-01  1.00000000e-03
 1.99316416e-01  1.00000000e-03
-1.13126925e-01  1.00000000e-03
 7.86808188e-02  1.00000000e-03
 2.22283689e-01  1.00000000e-03
-1.61650538e-01  1.00000000e-03
 6.58148873e-02  1.00000000e-03
 1.16667842e-02  1.00000000e-03
-1.79910815e-01  1.00000000e-03
-1.31954932e-01  1.00000000e-03
-1.18990793e-01  1.00000000e-03
-1.17308486e-01  1.00000000e-03
-1.21557439e-01  1.00000000e-03
-1.53557102e-01  1.00000000e-03
-1.68232241e-01  1.00000000e-03
-3.05362834e-02  1.00000000e-03
 1.69878208e-01  1.00000000e-03
-1.51668317e-01  1.00000000e-03
 1.31436143e-01  1.00000000e-03
-1.73595817e-01  1.00000000e-03
 2.47419343e-01  1.00000000e-03
-1.15092179e-01  1.00000000e-03
-1.59622131e-01  1.00000000e-03
-1.24369728e-01  1.00000000e-03
-5.17118311e-02  1.00000000e-03
-1.38098884e-01  1.00000000e-03
-1.60666613e-01  1.00000000e-03
-1.29228100e-01  1.00000000e-03
 3.22104764e-01  1.00000000e-03
 1.37063320e-01  1.00000000e-03
-3.54019680e-02  1.00000000e-03
-1.62604308e-01  1.00000000e-03
 3.32836999e-01  1.00000000e-03
-8.79787768e-02  1.00000000e-03
 5.76491210e-02  1.00000000e-03
-8.92368178e-02  1.00000000e-03
-1.45119261e-01  1.00000000e-03
 3.47925891e-01  1.00000000e-03
-9.47656033e-02  1.00000000e-03
 3.31564374e-01  1.00000000e-03
-1.35658361e-01  1.00000000e-03
-1.30421630e-01  1.00000000e-03
 1.29074843e-01  1.00000000e-03
-1.25223013e-02  1.00000000e-03
-1.19581047e-01  1.00000000e-03
-7.30037729e-02  1.00000000e-03
-6.17041531e-02  1.00000000e-03
 1.07867683e-01  1.00000000e-03
-1.74140670e-01  1.00000000e-03
 3.52153916e-01  1.00000000e-03
-2.23665237e-02  1.00000000e-03
-2.05767010e-02  1.00000000e-03
 3.04758816e-01  1.00000000e-03
 2.36684015e-01  1.00000000e-03
 4.67442157e-02  1.00000000e-03
 3.60349463e-02  1.00000000e-03
-1.63234580e-01  1.00000000e-03
-1.06378992e-01  1.00000000e-03
 3.32378782e-01  1.00000000e-03
-1.46581870e-01  1.00000000e-03
-1.67490775e-01  1.00000000e-03
-1.77762309e-01  1.00000000e-03
-1.64387270e-01  1.00000000e-03
-1.36180537e-01  1.00000000e-03
 2.94346853e-01  1.00000000e-03
-8.62803866e-02  1.00000000e-03
 4.98888942e-02  1.00000000e-03
-7.88355288e-02  1.00000000e-03
 2.99289088e-01  1.00000000e-03
-1.77417148e-01  1.00000000e-03
 1.82822657e-02  1.00000000e-03
-1.18642256e-01  1.00000000e-03
-9.01784995e-02  1.00000000e-03
-1.48884878e-01  1.00000000e-03
-1.00642518e-01  1.00000000e-03
 3.17248249e-01  1.00000000e-03
 2.98217862e-01  1.00000000e-03
 3.61776001e-01  1.00000000e-03
 3.07717778e-01  1.00000000e-03
-1.58949045e-01  1.00000000e-03
 3.61494138e-01  1.00000000e-03
 2.51689705e-01  1.00000000e-03
 2.53658252e-01  1.00000000e-03
 1.64848774e-01  1.00000000e-03
 1.88485934e-01  1.00000000e-03
 3.52323471e-02  1.00000000e-03
-1.68865562e-01  1.00000000e-03
-1.68455021e-01  1.00000000e-03
-1.32176400e-01  1.00000000e-03
 2.09232632e-01  1.00000000e-03
 2.69693617e-01  1.00000000e-03
-1.48615551e-01  1.00000000e-03
-1.21635182e-01  1.00000000e-03
-1.16124298e-01  1.00000000e-03
-1.37057609e-01  1.00000000e-03
-1.74804257e-01  1.00000000e-03
-1.13297377e-01  1.00000000e-03
-1.44075998e-01  1.00000000e-03
-1.54537797e-01  1.00000000e-03
-1.16858693e-01  1.00000000e-03
-1.49057377e-01  1.00000000e-03
 3.52249182e-01  1.00000000e-03
 1.94112767e-01  1.00000000e-03
 5.53133373e-02  1.00000000e-03
-8.36769742e-02  1.00000000e-03
-9.88071244e-02  1.00000000e-03
 3.04623348e-01  1.00000000e-03
 3.43717428e-01  1.00000000e-03
 1.77053260e-01  1.00000000e-03
-1.52889072e-01  1.00000000e-03
-1.17804176e-01  1.00000000e-03
 3.03394299e-01  1.00000000e-03
 1.93284929e-01  1.00000000e-03
 1.78740016e-01  1.00000000e-03
 3.34791124e-01  1.00000000e-03
-1.65477045e-01  1.00000000e-03
 2.29359660e-02  1.00000000e-03
-1.14875511e-01  1.00000000e-03
-1.46168784e-01  1.00000000e-03
-1.66304833e-01  1.00000000e-03
 5.54885683e-02  1.00000000e-03
 1.15829442e-01  1.00000000e-03
-8.80615571e-02  1.00000000e-03
-1.62638454e-01  1.00000000e-03
-1.80584260e-01  1.00000000e-03
-1.64618066e-01  1.00000000e-03
-1.00303248e-01  1.00000000e-03
-1.16571663e-01  1.00000000e-03
-1.95241533e-01  1.00000000e-03
-1.70289628e-01  1.00000000e-03
 2.64894905e-01  1.00000000e-03
-6.13808222e-02  1.00000000e-03
-1.58858092e-01  1.00000000e-03
 2.19807510e-03  1.00000000e-03
-1.46281941e-01  1.00000000e-03
-1.67454660e-01  1.00000000e-03
 2.09075244e-01  1.00000000e-03
 2.95631511e-01  1.00000000e-03
-1.62285453e-01  1.00000000e-03
 3.25787418e-01  1.00000000e-03
 2.25986962e-01  1.00000000e-03
-1.48414715e-01  1.00000000e-03
-1.69049137e-01  1.00000000e-03
-1.34980452e-01  1.00000000e-03
-1.23954087e-01  1.00000000e-03
-1.61371720e-01  1.00000000e-03
 9.53474621e-02  1.00000000e-03
-1.16547409e-01  1.00000000e-03
 3.36550196e-01  1.00000000e-03
-1.35554546e-01  1.00000000e-03
-1.65607814e-01  1.00000000e-03
-1.44698550e-01  1.00000000e-03
-4.98457545e-02  1.00000000e-03
-1.56030947e-01  1.00000000e-03
 3.07183346e-01  1.00000000e-03
-1.22384797e-01  1.00000000e-03
-7.10971006e-03  1.00000000e-03
-1.56967691e-01  1.00000000e-03
-1.72012641e-01  1.00000000e-03
-1.48952566e-02  1.00000000e-03
-1.56890730e-01  1.00000000e-03
-1.35721474e-01  1.00000000e-03
-7.50230515e-02  1.00000000e-03
-1.59005348e-01  1.00000000e-03
-1.06286558e-01  1.00000000e-03
 1.37297624e-01  1.00000000e-03
 3.40850210e-01  1.00000000e-03
 2.02489909e-01  1.00000000e-03
-1.10842198e-01  1.00000000e-03
-1.23027842e-01  1.00000000e-03
 2.38647873e-01  1.00000000e-03
-1.31042976e-01  1.00000000e-03
 2.44324816e-01  1.00000000e-03
 3.19052514e-01  1.00000000e-03
 6.59676493e-03  1.00000000e-03
-1.57053698e-01  1.00000000e-03
-1.24772642e-01  1.00000000e-03
-1.61644464e-01  1.00000000e-03
-1.85588967e-01  1.00000000e-03
-1.79344790e-01  1.00000000e-03
 5.87738052e-04  1.00000000e-03
-1.29952079e-01  1.00000000e-03
-1.56856433e-01  1.00000000e-03
-1.48745022e-01  1.00000000e-03
-1.44478372e-01  1.00000000e-03
-1.40521375e-01  1.00000000e-03
-1.32181610e-01  1.00000000e-03
 1.33913420e-01  1.00000000e-03
-1.48447871e-01  1.00000000e-03
-1.47673985e-01  1.00000000e-03
 3.61731671e-01  1.00000000e-03
 1.73972718e-01  1.00000000e-03
-6.64045886e-02  1.00000000e-03
 3.34156148e-01  1.00000000e-03
-1.54030464e-01  1.00000000e-03
 3.28982350e-01  1.00000000e-03
 3.79284450e-01  1.00000000e-03
-1.37981149e-01  1.00000000e-03
-1.43633585e-01  1.00000000e-03
 4.31754698e-02  1.00000000e-03
-1.70973744e-01  1.00000000e-03
 2.89778864e-01  1.00000000e-03
-1.61769150e-01  1.00000000e-03
 2.78514406e-01  1.00000000e-03
 8.71593625e-02  1.00000000e-03
-1.41125772e-01  1.00000000e-03
 3.57726617e-01  1.00000000e-03
-1.58080666e-01  1.00000000e-03
-2.77267677e-02  1.00000000e-03
-5.78103710e-03  1.00000000e-03
 2.17950936e-01  1.00000000e-03
-1.73949532e-01  1.00000000e-03
-1.67548922e-01  1.00000000e-03
-1.29230849e-01  1.00000000e-03
-1.24651331e-01  1.00000000e-03
-1.70278038e-01  1.00000000e-03
 1.58434635e-02  1.00000000e-03
-1.25466642e-01  1.00000000e-03
-1.43443513e-01  1.00000000e-03
-2.07441307e-03  1.00000000e-03
 3.41869090e-01  1.00000000e-03
 3.22237453e-03  1.00000000e-03
-1.53347849e-01  1.00000000e-03
-1.30360036e-01  1.00000000e-03
 3.54749544e-01  1.00000000e-03
 2.26731948e-01  1.00000000e-03
 5.09882867e-02  1.00000000e-03
-1.59702429e-01  1.00000000e-03
 3.34862691e-01  1.00000000e-03
-6.40109279e-02  1.00000000e-03
 3.10203707e-01  1.00000000e-03
-1.21260337e-01  1.00000000e-03
 3.60556111e-01  1.00000000e-03
-1.65437266e-01  1.00000000e-03
 3.01540908e-01  1.00000000e-03
-1.60323339e-01  1.00000000e-03
-1.53716919e-01  1.00000000e-03
-1.41447261e-01  1.00000000e-03
-1.87915708e-01  1.00000000e-03
-1.22283683e-01  1.00000000e-03
-1.72179860e-01  1.00000000e-03
 2.22092168e-01  1.00000000e-03
 5.85396865e-02  1.00000000e-03
 1.59136883e-01  1.00000000e-03
-1.68833568e-01  1.00000000e-03
 3.55333136e-01  1.00000000e-03
 1.36679159e-01  1.00000000e-03
-2.36011733e-02  1.00000000e-03
 8.62242916e-02  1.00000000e-03
 2.50930939e-01  1.00000000e-03
 3.31327490e-01  1.00000000e-03
-1.69150889e-01  1.00000000e-03
-1.60312305e-02  1.00000000e-03
-1.32378874e-01  1.00000000e-03
-1.50506094e-01  1.00000000e-03
 1.17211407e-01  1.00000000e-03
-1.64472460e-01  1.00000000e-03
-1.02261422e-01  1.00000000e-03
 2.71444836e-01  1.00000000e-03
-8.93564572e-02  1.00000000e-03
-6.02585875e-02  1.00000000e-03
-1.52616491e-01  1.00000000e-03
-9.97857500e-02  1.00000000e-03
 1.16374189e-01  1.00000000e-03
-1.50561051e-01  1.00000000e-03
-1.01008195e-01  1.00000000e-03
 3.04889129e-01  1.00000000e-03
-1.78087728e-01  1.00000000e-03
-1.62828996e-01  1.00000000e-03
-1.38643299e-01  1.00000000e-03
 1.58515919e-01  1.00000000e-03
 2.20911075e-01  1.00000000e-03
 1.07932328e-01  1.00000000e-03
 3.03437445e-01  1.00000000e-03
-1.26342127e-01  1.00000000e-03
-1.38098120e-01  1.00000000e-03
-1.47703819e-01  1.00000000e-03
-5.31714473e-02  1.00000000e-03
-1.77039251e-01  1.00000000e-03
-4.10507795e-02  1.00000000e-03
-8.82010300e-03  1.00000000e-03
 2.37566222e-01  1.00000000e-03
 2.54193602e-01  1.00000000e-03
 3.27901392e-01  1.00000000e-03
-1.42788732e-01  1.00000000e-03
 3.42974738e-02  1.00000000e-03
-1.71753217e-01  1.00000000e-03
-8.78347293e-02  1.00000000e-03
-1.18337642e-01  1.00000000e-03
 4.90246773e-02  1.00000000e-03
 2.60219434e-01  1.00000000e-03
-1.56498022e-01  1.00000000e-03
-1.21129663e-01  1.00000000e-03
-1.36693300e-01  1.00000000e-03
-9.25393384e-03  1.00000000e-03
-1.72128701e-01  1.00000000e-03
-5.72961783e-02  1.00000000e-03
-1.28182479e-01  1.00000000e-03
 2.13363537e-01  1.00000000e-03
-1.28081096e-01  1.00000000e-03
-1.46882938e-01  1.00000000e-03
 2.38599200e-01  1.00000000e-03
 1.88642915e-01  1.00000000e-03
-1.15435070e-01  1.00000000e-03
-1.23121097e-01  1.00000000e-03
-1.75298474e-01  1.00000000e-03
-1.42844137e-01  1.00000000e-03
 3.74999941e-01  1.00000000e-03
 9.36898265e-02  1.00000000e-03
-1.32534282e-02  1.00000000e-03
-7.36301078e-02  1.00000000e-03
-1.27568312e-01  1.00000000e-03
-1.35995978e-01  1.00000000e-03
-1.23534178e-01  1.00000000e-03
-1.52151299e-01  1.00000000e-03
 1.74232021e-01  1.00000000e-03
 3.89418772e-02  1.00000000e-03
-1.63610878e-01  1.00000000e-03
 3.07771968e-01  1.00000000e-03
-1.23657916e-01  1.00000000e-03
-1.49721081e-01  1.00000000e-03
-1.22946183e-01  1.00000000e-03
 3.27559844e-01  1.00000000e-03
 1.13559209e-01  1.00000000e-03
-5.45580063e-02  1.00000000e-03
-1.49879292e-01  1.00000000e-03
-6.76955468e-02  1.00000000e-03
 3.77146691e-01  1.00000000e-03
 3.83332572e-01  1.00000000e-03
 3.27249749e-01  1.00000000e-03
-1.28110392e-01  1.00000000e-03
-4.78757160e-02  1.00000000e-03
 1.89624309e-01  1.00000000e-03
-1.53445106e-01  1.00000000e-03
-1.32648032e-01  1.00000000e-03
-1.51417978e-01  1.00000000e-03
-1.68926846e-01  1.00000000e-03
-1.14770410e-01  1.00000000e-03
-1.41364066e-01  1.00000000e-03
-1.83691532e-01  1.00000000e-03
 3.81025278e-01  1.00000000e-03
-1.35273276e-01  1.00000000e-03
 1.39193484e-01  1.00000000e-03
-1.60923024e-01  1.00000000e-03
 3.33249385e-01  1.00000000e-03
-1.72591570e-02  1.00000000e-03
-1.55333065e-01  1.00000000e-03
-1.43293402e-01  1.00000000e-03
-1.51652629e-01  1.00000000e-03
 2.64035189e-01  1.00000000e-03
 3.06897378e-01  1.00000000e-03
-1.56692351e-01  1.00000000e-03
 5.42182351e-02  1.00000000e-03
-1.30074624e-01  1.00000000e-03
 3.17996082e-01  1.00000000e-03
 3.08453136e-01  1.00000000e-03
 3.42624932e-01  1.00000000e-03
-9.10696929e-02  1.00000000e-03
 3.55008992e-01  1.00000000e-03
 3.43939796e-01  1.00000000e-03
 7.22630481e-02  1.00000000e-03
-8.41517751e-02  1.00000000e-03
 2.69517749e-01  1.00000000e-03
-1.14467503e-01  1.00000000e-03
-1.59947022e-01  1.00000000e-03
-1.51061870e-01  1.00000000e-03
-7.96748061e-03  1.00000000e-03
-7.34596179e-02  1.00000000e-03
-1.15248307e-01  1.00000000e-03
-1.51122122e-01  1.00000000e-03
 2.94313897e-01  1.00000000e-03
 2.58602945e-01  1.00000000e-03
-9.87255414e-02  1.00000000e-03
-1.35214150e-01  1.00000000e-03
 2.69807066e-02  1.00000000e-03
-1.43081445e-01  1.00000000e-03
-1.23631620e-01  1.00000000e-03
-6.20792183e-02  1.00000000e-03
-1.64495661e-01  1.00000000e-03
-1.64856329e-01  1.00000000e-03
-1.59607264e-01  1.00000000e-03
-1.82069974e-01  1.00000000e-03
 3.09104050e-01  1.00000000e-03
 1.87237089e-01  1.00000000e-03
-9.94258131e-02  1.00000000e-03
 6.70131064e-02  1.00000000e-03
-1.45323695e-01  1.00000000e-03
 2.83474425e-02  1.00000000e-03
-1.40962454e-01  1.00000000e-03
-1.35833811e-01  1.00000000e-03
-1.46085842e-01  1.00000000e-03
 3.51756896e-01  1.00000000e-03
-1.06023489e-01  1.00000000e-03
 3.19536665e-01  1.00000000e-03
 2.86852189e-01  1.00000000e-03
-1.45038712e-01  1.00000000e-03
 1.22457190e-01  1.00000000e-03
-1.51771976e-01  1.00000000e-03
-1.64338942e-01  1.00000000e-03
-1.62934338e-01  1.00000000e-03
-1.13509022e-01  1.00000000e-03
-4.03106768e-02  1.00000000e-03
-4.18726285e-02  1.00000000e-03
 3.20624970e-01  1.00000000e-03
 3.85052686e-01  1.00000000e-03
 3.29424564e-01  1.00000000e-03
 1.26453489e-01  1.00000000e-03
 2.72171672e-01  1.00000000e-03
 3.41410111e-01  1.00000000e-03
 2.80417848e-01  1.00000000e-03
-1.22138006e-01  1.00000000e-03
 3.61342467e-01  1.00000000e-03
-1.57442383e-01  1.00000000e-03
 9.02493488e-02  1.00000000e-03
-8.48013703e-02  1.00000000e-03
-1.57558688e-01  1.00000000e-03
 2.55712608e-01  1.00000000e-03
-1.45771513e-01  1.00000000e-03
-1.54686910e-01  1.00000000e-03
-1.32744165e-01  1.00000000e-03
 2.96457146e-01  1.00000000e-03
 1.95663280e-01  1.00000000e-03
-1.76309481e-01  1.00000000e-03
 3.60750298e-01  1.00000000e-03
-1.65828652e-01  1.00000000e-03
 1.49995202e-01  1.00000000e-03
-1.13820936e-01  1.00000000e-03
 3.26864891e-01  1.00000000e-03
-5.23063635e-02  1.00000000e-03
-5.31039892e-02  1.00000000e-03
-1.65565859e-01  1.00000000e-03
-1.43412982e-01  1.00000000e-03
-1.75191438e-01  1.00000000e-03
-4.10227757e-02  1.00000000e-03
-1.38641410e-01  1.00000000e-03
-1.40509497e-01  1.00000000e-03
-1.28696536e-01  1.00000000e-03
-1.21208414e-01  1.00000000e-03
 3.11001232e-01  1.00000000e-03
-1.35189948e-01  1.00000000e-03
-1.37574693e-01  1.00000000e-03
 1.66046270e-01  1.00000000e-03
-1.53514338e-01  1.00000000e-03
 3.07894411e-01  1.00000000e-03
 3.31709058e-01  1.00000000e-03
-1.45804553e-01  1.00000000e-03
-1.33614498e-01  1.00000000e-03
 1.31340105e-01  1.00000000e-03
-1.49181323e-01  1.00000000e-03
-8.87247610e-02  1.00000000e-03
 2.65396175e-01  1.00000000e-03
 2.79965385e-01  1.00000000e-03
-5.14963129e-02  1.00000000e-03
 1.63925687e-01  1.00000000e-03
-9.15688036e-02  1.00000000e-03
-1.29415476e-01  1.00000000e-03
 7.47561971e-03  1.00000000e-03
 2.69575785e-01  1.00000000e-03
 3.20560144e-01  1.00000000e-03
 1.96527452e-01  1.00000000e-03
 4.06215807e-02  1.00000000e-03
-1.42656199e-01  1.00000000e-03
-1.20125263e-02  1.00000000e-03
-1.43922979e-01  1.00000000e-03
 2.95799495e-01  1.00000000e-03
-1.39848323e-01  1.00000000e-03
 2.94513499e-01  1.00000000e-03
-1.41662502e-01  1.00000000e-03
-1.01214251e-01  1.00000000e-03
 5.27529040e-02  1.00000000e-03
 2.37187678e-01  1.00000000e-03
 3.36030262e-01  1.00000000e-03
-1.25377105e-01  1.00000000e-03
 2.96167446e-01  1.00000000e-03
-1.44356341e-01  1.00000000e-03
-1.63620930e-01  1.00000000e-03
-1.66575853e-01  1.00000000e-03
-1.56347155e-01  1.00000000e-03
-1.62101453e-01  1.00000000e-03
 5.39393814e-02  1.00000000e-03
 3.42593773e-01  1.00000000e-03
 3.46768629e-01  1.00000000e-03
 3.16374964e-01  1.00000000e-03
 1.94013064e-01  1.00000000e-03
 1.56734779e-01  1.00000000e-03
 2.06905240e-01  1.00000000e-03
-1.58836734e-01  1.00000000e-03
-3.48680457e-02  1.00000000e-03
-8.53900368e-02  1.00000000e-03
-1.27498158e-01  1.00000000e-03
-1.65601869e-01  1.00000000e-03
 3.24460952e-01  1.00000000e-03
-1.59120024e-01  1.00000000e-03
-1.60397872e-01  1.00000000e-03
-1.35588497e-01  1.00000000e-03
-4.08039975e-02  1.00000000e-03
-1.61370641e-01  1.00000000e-03
-6.82820719e-02  1.00000000e-03
-1.47969242e-01  1.00000000e-03
-1.47662766e-02  1.00000000e-03
 1.46615345e-01  1.00000000e-03
-1.43898767e-01  1.00000000e-03
-1.76276330e-01  1.00000000e-03
-1.65169975e-01  1.00000000e-03
-1.22608550e-01  1.00000000e-03
 2.05552121e-01  1.00000000e-03
-1.56672900e-01  1.00000000e-03
-7.16133910e-02  1.00000000e-03
-1.51022176e-01  1.00000000e-03
 7.37420038e-02  1.00000000e-03
-1.46509071e-01  1.00000000e-03
-1.57363854e-01  1.00000000e-03
-1.37999087e-01  1.00000000e-03
 3.29922978e-01  1.00000000e-03
 1.80471452e-01  1.00000000e-03
-1.62188893e-01  1.00000000e-03
 3.04505861e-01  1.00000000e-03
-1.59647534e-01  1.00000000e-03
 3.80063660e-01  1.00000000e-03
-1.27700790e-01  1.00000000e-03
 1.30801859e-01  1.00000000e-03
-1.61029724e-01  1.00000000e-03
 7.11713161e-02  1.00000000e-03
 8.74736055e-02  1.00000000e-03
 1.56664582e-01  1.00000000e-03
 3.01491605e-01  1.00000000e-03
-1.61063648e-01  1.00000000e-03
-1.63462378e-01  1.00000000e-03
-8.34686719e-02  1.00000000e-03
 3.18527168e-01  1.00000000e-03
 3.37429943e-01  1.00000000e-03
-1.51420073e-01  1.00000000e-03
-1.00612135e-01  1.00000000e-03
 3.55516136e-01  1.00000000e-03
-1.17592636e-01  1.00000000e-03
-1.09748699e-01  1.00000000e-03
-1.30286013e-01  1.00000000e-03
-1.24472306e-01  1.00000000e-03
 1.94302449e-01  1.00000000e-03
 3.50999043e-01  1.00000000e-03
-7.70196634e-02  1.00000000e-03
 3.48735850e-01  1.00000000e-03
-1.40189191e-01  1.00000000e-03
-1.52467614e-01  1.00000000e-03
-1.49846293e-01  1.00000000e-03
-1.44265882e-01  1.00000000e-03
-1.07592968e-01  1.00000000e-03
 3.56803923e-03  1.00000000e-03
 3.21259542e-01  1.00000000e-03
 3.25312857e-01  1.00000000e-03
-1.67503570e-01  1.00000000e-03
 3.10556156e-01  1.00000000e-03
 3.29671361e-01  1.00000000e-03
 3.83984794e-01  1.00000000e-03
 2.37588414e-01  1.00000000e-03
-1.68945080e-01  1.00000000e-03
-1.50958216e-01  1.00000000e-03
-1.78327457e-01  1.00000000e-03
-1.67025127e-01  1.00000000e-03
-1.26257855e-02  1.00000000e-03
 2.46298419e-01  1.00000000e-03
-1.19458419e-01  1.00000000e-03
-1.47389881e-01  1.00000000e-03
 1.24235413e-01  1.00000000e-03
-1.42981368e-01  1.00000000e-03
-1.68825782e-01  1.00000000e-03
 3.34070180e-01  1.00000000e-03
-1.48701757e-01  1.00000000e-03
-7.70699442e-02  1.00000000e-03
-6.43865166e-02  1.00000000e-03
-1.08622928e-01  1.00000000e-03
 3.95106480e-02  1.00000000e-03
-1.50555045e-01  1.00000000e-03
 3.03846830e-01  1.00000000e-03
 3.06237755e-01  1.00000000e-03
-7.09568448e-02  1.00000000e-03
 3.17349586e-02  1.00000000e-03
-1.40993006e-01  1.00000000e-03
-4.62691355e-03  1.00000000e-03
 3.35791049e-01  1.00000000e-03
