       400  0.8680008E-03
       400  0.1365005E-02
       400  0.1305003E-02
       400  0.1199005E-02
       400  0.1139991E-02
      1000  0.1917996E-02
      1000  0.1835997E-02
      1000  0.1701007E-02
      1000  0.2122008E-02
      1000  0.1615011E-02
      2000  0.3213016E-02
      2000  0.2646998E-02
      2000  0.2683007E-02
      2000  0.2610993E-02
      2000  0.2659008E-02
      4000  0.5026997E-02
      4000  0.5186916E-02
      4000  0.5100009E-02
      4000  0.5067006E-02
      4000  0.5152008E-02
     10000  0.1244504E-01
     10000  0.1245997E-01
     10000  0.1235501E-01
     10000  0.1246798E-01
     10000  0.1279100E-01
     50000  0.6269927E-01
     50000  0.6285632E-01
     50000  0.6236558E-01
     50000  0.6292304E-01
     50000  0.6181780E-01
     50000  0.8588514E-01
     50000  0.7786579E-01
      5000  0.8337952E-02
      5000  0.6778037E-02
       500  0.1584993E-02
       500  0.1307000E-02
     50000  0.8198402E-01
     50000  0.8016307E-01
     50000  0.6238393E-01
     50000  0.8111884E-01
     50000  0.8071613E-01
