-2.27387112e-01  1.00000000e-03
 4.07861462e-01  1.00000000e-03
-3.90522572e-01  1.00000000e-03
 4.36826550e-01  1.00000000e-03
 2.20454774e-01  1.00000000e-03
 8.40974045e-02  1.00000000e-03
-3.34753140e-02  1.00000000e-03
 6.68090470e-01  1.00000000e-03
 4.06140025e-01  1.00000000e-03
 1.12316900e+00  1.00000000e-03
 1.64484887e-01  1.00000000e-03
-2.54665714e-01  1.00000000e-03
-1.05129120e-01  1.00000000e-03
-2.08938128e-01  1.00000000e-03
-1.79518114e-01  1.00000000e-03
 5.49393076e-02  1.00000000e-03
 1.63601471e-01  1.00000000e-03
 1.21344649e-01  1.00000000e-03
-5.22628110e-02  1.00000000e-03
 4.47548636e-02  1.00000000e-03
-1.61093590e-01  1.00000000e-03
-2.90262330e-01  1.00000000e-03
-2.57876932e-01  1.00000000e-03
-6.15917284e-02  1.00000000e-03
 2.14344570e-02  1.00000000e-03
 4.28895661e-01  1.00000000e-03
 1.39344574e-01  1.00000000e-03
-4.59631984e-01  1.00000000e-03
 5.68275108e-02  1.00000000e-03
-4.19392373e-02  1.00000000e-03
-4.10300579e-01  1.00000000e-03
 3.77422845e-01  1.00000000e-03
 6.04080010e-01  1.00000000e-03
-9.19729362e-02  1.00000000e-03
 1.83545403e-01  1.00000000e-03
-1.28220461e-01  1.00000000e-03
-2.52295606e-01  1.00000000e-03
 5.74494763e-01  1.00000000e-03
 4.20734491e-01  1.00000000e-03
-3.08650036e-01  1.00000000e-03
-2.44669287e-01  1.00000000e-03
-1.18079308e-01  1.00000000e-03
 2.25865700e-01  1.00000000e-03
 2.67631158e-01  1.00000000e-03
 6.03159070e-01  1.00000000e-03
-4.68992414e-01  1.00000000e-03
-3.60995028e-01  1.00000000e-03
 1.26165210e-01  1.00000000e-03
-1.60431765e-01  1.00000000e-03
-4.44861132e-01  1.00000000e-03
-1.53960753e-01  1.00000000e-03
-3.90539137e-01  1.00000000e-03
 4.15948001e-01  1.00000000e-03
-8.75579411e-02  1.00000000e-03
-1.31446232e-01  1.00000000e-03
 5.71772815e-02  1.00000000e-03
 1.75847440e-01  1.00000000e-03
-1.80323723e-01  1.00000000e-03
 1.06110485e+00  1.00000000e-03
 9.39341579e-02  1.00000000e-03
-2.27107844e-01  1.00000000e-03
-4.36176160e-01  1.00000000e-03
-3.25478123e-01  1.00000000e-03
 3.42361381e-01  1.00000000e-03
-1.54001625e-01  1.00000000e-03
-3.60848270e-01  1.00000000e-03
-1.41525750e-01  1.00000000e-03
-2.61384389e-01  1.00000000e-03
-3.32316907e-01  1.00000000e-03
-1.92277093e-01  1.00000000e-03
-2.47976778e-01  1.00000000e-03
-5.30029228e-01  1.00000000e-03
 6.14543664e-01  1.00000000e-03
-3.25178007e-01  1.00000000e-03
-4.16059076e-01  1.00000000e-03
 2.48468121e-01  1.00000000e-03
-3.57133378e-01  1.00000000e-03
-3.80075986e-02  1.00000000e-03
-3.74223906e-01  1.00000000e-03
 6.27612799e-01  1.00000000e-03
-2.37488471e-01  1.00000000e-03
-2.70983154e-01  1.00000000e-03
-4.42207850e-01  1.00000000e-03
-4.25870443e-01  1.00000000e-03
 9.08309873e-01  1.00000000e-03
-3.44151191e-01  1.00000000e-03
 2.05396332e-01  1.00000000e-03
-1.02798269e-01  1.00000000e-03
 1.44686002e-01  1.00000000e-03
-1.73076522e-01  1.00000000e-03
 5.36966506e-01  1.00000000e-03
-2.97176592e-01  1.00000000e-03
-1.87844400e-01  1.00000000e-03
 2.20506024e-02  1.00000000e-03
-2.12809677e-01  1.00000000e-03
 1.50382291e-01  1.00000000e-03
-2.12184419e-01  1.00000000e-03
 2.01197577e-01  1.00000000e-03
 1.34755564e-01  1.00000000e-03
-2.66575086e-01  1.00000000e-03
 6.67372497e-01  1.00000000e-03
 6.10055522e-02  1.00000000e-03
-4.00975217e-01  1.00000000e-03
-2.75566292e-01  1.00000000e-03
-1.01107792e-01  1.00000000e-03
 4.72951518e-01  1.00000000e-03
-4.80190256e-01  1.00000000e-03
-3.20545006e-01  1.00000000e-03
-4.08313974e-02  1.00000000e-03
 5.35047017e-01  1.00000000e-03
-3.10252408e-01  1.00000000e-03
-2.17670075e-01  1.00000000e-03
 1.54938027e-01  1.00000000e-03
 7.61346361e-01  1.00000000e-03
 4.62767301e-01  1.00000000e-03
 3.97439074e-01  1.00000000e-03
-4.48446072e-02  1.00000000e-03
 9.87610212e-02  1.00000000e-03
-2.27800230e-01  1.00000000e-03
 4.35418175e-02  1.00000000e-03
 3.59725590e-01  1.00000000e-03
-1.89014339e-01  1.00000000e-03
 1.06126457e+00  1.00000000e-03
-1.19407161e-01  1.00000000e-03
 1.36449765e-01  1.00000000e-03
-3.52143971e-01  1.00000000e-03
 7.12545982e-02  1.00000000e-03
 9.94641933e-01  1.00000000e-03
 2.25208493e-01  1.00000000e-03
 9.74039171e-01  1.00000000e-03
-1.80506644e-01  1.00000000e-03
 5.89162034e-01  1.00000000e-03
-4.20765074e-01  1.00000000e-03
-6.53915096e-02  1.00000000e-03
 4.50535905e-01  1.00000000e-03
-1.30878157e-01  1.00000000e-03
-6.13819621e-02  1.00000000e-03
-4.21274100e-02  1.00000000e-03
 3.99080514e-01  1.00000000e-03
 3.69398767e-01  1.00000000e-03
 6.87680613e-01  1.00000000e-03
 3.55105839e-01  1.00000000e-03
-3.57196294e-01  1.00000000e-03
-2.44912582e-01  1.00000000e-03
 7.43756117e-01  1.00000000e-03
 9.08206687e-01  1.00000000e-03
-5.16556858e-01  1.00000000e-03
-2.75417418e-01  1.00000000e-03
 3.13132777e-02  1.00000000e-03
 4.17678826e-01  1.00000000e-03
 6.60851033e-02  1.00000000e-03
-4.34071842e-01  1.00000000e-03
 6.60172266e-01  1.00000000e-03
-4.99105593e-01  1.00000000e-03
-2.79935605e-01  1.00000000e-03
 1.71842553e-01  1.00000000e-03
-5.04901613e-01  1.00000000e-03
-9.71698554e-02  1.00000000e-03
 7.21786411e-01  1.00000000e-03
 1.14409629e-02  1.00000000e-03
-5.78542989e-02  1.00000000e-03
 5.10442875e-01  1.00000000e-03
 1.28807139e-01  1.00000000e-03
-1.74331489e-01  1.00000000e-03
 3.14031269e-01  1.00000000e-03
-1.12003967e-01  1.00000000e-03
 6.54003957e-01  1.00000000e-03
-1.02412918e-01  1.00000000e-03
 8.21348737e-02  1.00000000e-03
-2.73012825e-01  1.00000000e-03
-7.76266179e-02  1.00000000e-03
 6.80283897e-01  1.00000000e-03
-8.80025377e-02  1.00000000e-03
 2.36031956e-01  1.00000000e-03
-1.67784983e-01  1.00000000e-03
-3.46494825e-01  1.00000000e-03
 6.81222898e-02  1.00000000e-03
 5.57869985e-01  1.00000000e-03
 3.36342207e-01  1.00000000e-03
-3.69358065e-01  1.00000000e-03
 7.57550064e-01  1.00000000e-03
-2.41287126e-01  1.00000000e-03
-1.69410306e-01  1.00000000e-03
 9.17406777e-01  1.00000000e-03
 6.41126052e-01  1.00000000e-03
-1.39511321e-01  1.00000000e-03
-2.85239245e-01  1.00000000e-03
-4.95013045e-02  1.00000000e-03
 7.26621317e-01  1.00000000e-03
-6.86267759e-02  1.00000000e-03
-1.13413630e-02  1.00000000e-03
 3.63709187e-02  1.00000000e-03
-1.51854759e-01  1.00000000e-03
-6.23717417e-02  1.00000000e-03
-3.42210187e-01  1.00000000e-03
-3.11026621e-01  1.00000000e-03
 2.36852624e-01  1.00000000e-03
-1.38428604e-01  1.00000000e-03
-3.48520694e-01  1.00000000e-03
 3.11764887e-01  1.00000000e-03
-2.56637787e-01  1.00000000e-03
-1.23156032e-01  1.00000000e-03
 3.84611175e-02  1.00000000e-03
-1.25637706e-01  1.00000000e-03
 4.00324614e-02  1.00000000e-03
-2.65117654e-01  1.00000000e-03
 6.03912195e-01  1.00000000e-03
-3.06727565e-01  1.00000000e-03
-3.48637195e-01  1.00000000e-03
 1.55186431e-02  1.00000000e-03
-5.30712788e-01  1.00000000e-03
-3.98554691e-01  1.00000000e-03
-2.98374520e-01  1.00000000e-03
-3.93520034e-01  1.00000000e-03
-3.16879342e-01  1.00000000e-03
-4.19448711e-01  1.00000000e-03
 1.21262327e-01  1.00000000e-03
 1.36849694e-01  1.00000000e-03
-4.26486785e-01  1.00000000e-03
 9.34509916e-02  1.00000000e-03
-4.62945806e-01  1.00000000e-03
-3.86029866e-01  1.00000000e-03
-5.20975041e-01  1.00000000e-03
 3.26830442e-01  1.00000000e-03
-1.80490040e-01  1.00000000e-03
-2.02627814e-01  1.00000000e-03
-3.70171319e-01  1.00000000e-03
 5.96802887e-01  1.00000000e-03
-1.08213603e-01  1.00000000e-03
 3.21345972e-01  1.00000000e-03
 1.36307104e-02  1.00000000e-03
-1.97498195e-02  1.00000000e-03
 5.12340714e-01  1.00000000e-03
-2.72243603e-02  1.00000000e-03
 1.60728439e-01  1.00000000e-03
 1.89964930e-02  1.00000000e-03
 1.64616938e-02  1.00000000e-03
 1.01989501e-02  1.00000000e-03
 1.28637219e-01  1.00000000e-03
 2.92162993e-02  1.00000000e-03
-1.70795563e-01  1.00000000e-03
-2.21229082e-01  1.00000000e-03
-5.69025739e-01  1.00000000e-03
 8.38348489e-01  1.00000000e-03
-4.46077128e-01  1.00000000e-03
-2.03620062e-01  1.00000000e-03
-2.39451356e-01  1.00000000e-03
-6.79338837e-02  1.00000000e-03
 2.82623980e-02  1.00000000e-03
 4.62352150e-01  1.00000000e-03
-2.76263297e-01  1.00000000e-03
-4.22741737e-01  1.00000000e-03
 7.85859130e-01  1.00000000e-03
-1.17478640e-01  1.00000000e-03
-2.10593989e-01  1.00000000e-03
 1.54502558e-01  1.00000000e-03
 8.55060238e-01  1.00000000e-03
-1.51442482e-01  1.00000000e-03
 6.02697040e-01  1.00000000e-03
-1.90793928e-01  1.00000000e-03
-1.88072547e-01  1.00000000e-03
 1.12420157e-01  1.00000000e-03
 6.56370442e-01  1.00000000e-03
 5.71934314e-01  1.00000000e-03
-1.55524452e-01  1.00000000e-03
-1.77374512e-01  1.00000000e-03
 5.08172975e-01  1.00000000e-03
 3.93989551e-02  1.00000000e-03
 5.47492812e-01  1.00000000e-03
-4.94943122e-02  1.00000000e-03
 2.21699945e-01  1.00000000e-03
 3.62911256e-01  1.00000000e-03
-8.08728364e-02  1.00000000e-03
-2.04873984e-01  1.00000000e-03
 4.38752643e-01  1.00000000e-03
 1.66715942e-01  1.00000000e-03
-8.98905194e-02  1.00000000e-03
 5.22928623e-02  1.00000000e-03
-1.60699687e-01  1.00000000e-03
 2.68219444e-01  1.00000000e-03
 1.91978372e-01  1.00000000e-03
-1.18719791e-01  1.00000000e-03
 6.83906105e-01  1.00000000e-03
-1.97396714e-01  1.00000000e-03
-3.17366438e-01  1.00000000e-03
 9.85364998e-02  1.00000000e-03
-8.58685390e-02  1.00000000e-03
-1.27573813e-01  1.00000000e-03
-4.28841784e-01  1.00000000e-03
-8.38084292e-02  1.00000000e-03
-5.56966091e-02  1.00000000e-03
 1.08578354e-01  1.00000000e-03
 1.21020175e+00  1.00000000e-03
-4.13607512e-02  1.00000000e-03
-8.22258012e-02  1.00000000e-03
 1.24464338e-01  1.00000000e-03
 4.02527640e-01  1.00000000e-03
-4.68090492e-01  1.00000000e-03
 4.80836509e-01  1.00000000e-03
-1.09645642e-01  1.00000000e-03
 3.78742220e-02  1.00000000e-03
-4.58169195e-02  1.00000000e-03
 8.34667568e-01  1.00000000e-03
 3.01592954e-01  1.00000000e-03
-6.18461932e-01  1.00000000e-03
 1.35984412e-01  1.00000000e-03
-3.89254905e-01  1.00000000e-03
-2.65213124e-01  1.00000000e-03
-4.70491659e-01  1.00000000e-03
-3.61079316e-01  1.00000000e-03
-2.37499350e-01  1.00000000e-03
-1.22315990e-01  1.00000000e-03
-3.10914444e-01  1.00000000e-03
-3.47565730e-01  1.00000000e-03
 2.56805408e-01  1.00000000e-03
 1.64766475e-01  1.00000000e-03
-5.13531481e-01  1.00000000e-03
 6.97936357e-01  1.00000000e-03
 4.90710581e-01  1.00000000e-03
 5.63803978e-01  1.00000000e-03
 3.72372354e-01  1.00000000e-03
 4.20968241e-01  1.00000000e-03
-3.67440074e-01  1.00000000e-03
-4.18971054e-02  1.00000000e-03
-5.06941984e-03  1.00000000e-03
 2.29908156e-01  1.00000000e-03
 7.98508483e-02  1.00000000e-03
-1.03742480e-01  1.00000000e-03
-2.29594819e-01  1.00000000e-03
-2.67122701e-01  1.00000000e-03
 1.07305288e-01  1.00000000e-03
-3.86319639e-01  1.00000000e-03
-1.10872064e-01  1.00000000e-03
-2.65447957e-01  1.00000000e-03
 2.38218728e-01  1.00000000e-03
 4.38340996e-01  1.00000000e-03
-2.81100392e-01  1.00000000e-03
-3.23337756e-01  1.00000000e-03
-2.95069062e-01  1.00000000e-03
 3.93350087e-01  1.00000000e-03
 2.58377604e-01  1.00000000e-03
-3.05496286e-01  1.00000000e-03
-2.12550293e-01  1.00000000e-03
 2.19488356e-02  1.00000000e-03
-3.83764800e-01  1.00000000e-03
-5.18745192e-01  1.00000000e-03
-4.46709981e-02  1.00000000e-03
 2.72104691e-01  1.00000000e-03
-9.42617943e-02  1.00000000e-03
 6.76253287e-01  1.00000000e-03
-1.97141858e-01  1.00000000e-03
 1.24541976e-01  1.00000000e-03
 4.55658910e-01  1.00000000e-03
 1.32836127e-01  1.00000000e-03
-1.36917843e-01  1.00000000e-03
 6.76759184e-01  1.00000000e-03
-3.63282089e-01  1.00000000e-03
 5.47515375e-01  1.00000000e-03
-1.42884159e-01  1.00000000e-03
 8.46775492e-02  1.00000000e-03
-5.20792843e-01  1.00000000e-03
 3.62656408e-01  1.00000000e-03
-9.47340827e-02  1.00000000e-03
 1.69072773e-01  1.00000000e-03
 8.53036739e-01  1.00000000e-03
-4.36164657e-02  1.00000000e-03
 3.56449529e-01  1.00000000e-03
 2.82542215e-02  1.00000000e-03
-2.66827213e-01  1.00000000e-03
-2.80909434e-01  1.00000000e-03
 4.07164170e-01  1.00000000e-03
 2.87828442e-01  1.00000000e-03
-2.94884377e-01  1.00000000e-03
 3.26932951e-01  1.00000000e-03
 8.83226391e-01  1.00000000e-03
 1.55549481e-01  1.00000000e-03
-1.65193140e-01  1.00000000e-03
-4.47929432e-01  1.00000000e-03
 3.25550421e-02  1.00000000e-03
-4.35319518e-03  1.00000000e-03
 1.92445188e-01  1.00000000e-03
 1.01203947e-01  1.00000000e-03
-4.00094443e-01  1.00000000e-03
-2.64634723e-01  1.00000000e-03
 1.19926097e-01  1.00000000e-03
-4.08798095e-01  1.00000000e-03
-2.04416790e-01  1.00000000e-03
-2.33271532e-01  1.00000000e-03
-4.39368232e-01  1.00000000e-03
-3.58319070e-01  1.00000000e-03
-1.34856869e-01  1.00000000e-03
-1.98800521e-01  1.00000000e-03
 3.37779252e-02  1.00000000e-03
-2.02070774e-02  1.00000000e-03
 5.66398716e-02  1.00000000e-03
-2.10986549e-01  1.00000000e-03
 4.67693770e-01  1.00000000e-03
-1.10001183e-02  1.00000000e-03
 2.69832727e-01  1.00000000e-03
-4.85377388e-01  1.00000000e-03
-1.58306948e-01  1.00000000e-03
-4.12436978e-03  1.00000000e-03
-1.32103660e-02  1.00000000e-03
 1.32213698e-01  1.00000000e-03
-2.20388769e-01  1.00000000e-03
 1.24738919e-01  1.00000000e-03
-1.64439281e-01  1.00000000e-03
 1.27895236e-01  1.00000000e-03
 6.49014336e-01  1.00000000e-03
-5.29952733e-02  1.00000000e-03
 2.10559532e-01  1.00000000e-03
 2.28023677e-01  1.00000000e-03
-4.83519782e-01  1.00000000e-03
-3.21229566e-01  1.00000000e-03
 4.07438526e-01  1.00000000e-03
 5.40401247e-01  1.00000000e-03
-5.09092568e-01  1.00000000e-03
-4.30641914e-01  1.00000000e-03
 3.78731607e-01  1.00000000e-03
 1.11953007e-01  1.00000000e-03
-1.49080838e-01  1.00000000e-03
 3.75675225e-01  1.00000000e-03
-4.09001525e-01  1.00000000e-03
 9.04718031e-02  1.00000000e-03
-7.89439182e-02  1.00000000e-03
-5.08232839e-01  1.00000000e-03
-1.37505007e-01  1.00000000e-03
-3.72387844e-02  1.00000000e-03
-4.91627225e-01  1.00000000e-03
-2.55159088e-01  1.00000000e-03
-3.35126191e-01  1.00000000e-03
-3.22224588e-01  1.00000000e-03
-2.53923566e-01  1.00000000e-03
-3.58295433e-01  1.00000000e-03
-2.92138609e-02  1.00000000e-03
 3.99767374e-01  1.00000000e-03
-4.87300737e-02  1.00000000e-03
-8.60119638e-02  1.00000000e-03
 4.08201579e-01  1.00000000e-03
-4.29825675e-02  1.00000000e-03
 4.75908817e-01  1.00000000e-03
-3.08789478e-01  1.00000000e-03
 3.04065725e-01  1.00000000e-03
-3.05980248e-01  1.00000000e-03
-1.95813026e-01  1.00000000e-03
-4.92444879e-01  1.00000000e-03
-5.25388877e-01  1.00000000e-03
-4.63000394e-01  1.00000000e-03
 5.13123328e-01  1.00000000e-03
 2.31793562e-01  1.00000000e-03
-2.12312455e-01  1.00000000e-03
-5.61308268e-01  1.00000000e-03
-6.65682257e-02  1.00000000e-03
 1.00902553e-01  1.00000000e-03
-7.22604029e-03  1.00000000e-03
 5.31939683e-02  1.00000000e-03
-1.00994265e-01  1.00000000e-03
 8.99992305e-01  1.00000000e-03
-2.63249513e-01  1.00000000e-03
 6.64415967e-02  1.00000000e-03
-4.84289917e-01  1.00000000e-03
-4.12130086e-01  1.00000000e-03
 2.66300154e-01  1.00000000e-03
 7.08991035e-02  1.00000000e-03
-3.48812268e-01  1.00000000e-03
-2.92699776e-01  1.00000000e-03
-2.37173256e-01  1.00000000e-03
 3.54270483e-02  1.00000000e-03
-2.83655576e-01  1.00000000e-03
 3.96425245e-02  1.00000000e-03
-1.65562104e-01  1.00000000e-03
-2.50819797e-01  1.00000000e-03
 3.88395994e-01  1.00000000e-03
 7.74603908e-02  1.00000000e-03
-7.61224640e-02  1.00000000e-03
 1.41209203e-01  1.00000000e-03
-5.20394994e-01  1.00000000e-03
 4.76830375e-04  1.00000000e-03
 8.03842540e-01  1.00000000e-03
-9.74956439e-02  1.00000000e-03
-2.49770254e-01  1.00000000e-03
 1.81064594e-01  1.00000000e-03
-3.82761891e-01  1.00000000e-03
 8.34390766e-02  1.00000000e-03
 4.54073347e-01  1.00000000e-03
-3.25781410e-01  1.00000000e-03
 1.35712910e-01  1.00000000e-03
-1.57810306e-01  1.00000000e-03
 7.20493789e-01  1.00000000e-03
-4.88165318e-02  1.00000000e-03
 2.91256281e-01  1.00000000e-03
-3.71717632e-01  1.00000000e-03
-2.04178640e-01  1.00000000e-03
-4.27790040e-01  1.00000000e-03
-5.15042589e-02  1.00000000e-03
 4.08506973e-01  1.00000000e-03
 6.40916597e-01  1.00000000e-03
 3.60617639e-01  1.00000000e-03
 8.14812824e-01  1.00000000e-03
-5.62115317e-01  1.00000000e-03
 5.58682058e-01  1.00000000e-03
 2.38638476e-01  1.00000000e-03
 4.36135284e-01  1.00000000e-03
 2.73905860e-01  1.00000000e-03
-6.06387052e-02  1.00000000e-03
 1.64694644e-01  1.00000000e-03
 2.48283620e-01  1.00000000e-03
-4.86651741e-01  1.00000000e-03
 6.50493357e-03  1.00000000e-03
 3.23944045e-01  1.00000000e-03
 3.59750481e-01  1.00000000e-03
-5.12813065e-01  1.00000000e-03
-1.98429497e-01  1.00000000e-03
-3.58030473e-01  1.00000000e-03
-4.88965476e-01  1.00000000e-03
-2.78948968e-01  1.00000000e-03
-3.17174420e-01  1.00000000e-03
-5.15426388e-01  1.00000000e-03
-3.99656091e-01  1.00000000e-03
-4.57354760e-02  1.00000000e-03
 1.00460784e-01  1.00000000e-03
 1.11035870e+00  1.00000000e-03
 1.37848338e-01  1.00000000e-03
-2.36833546e-01  1.00000000e-03
-6.06357324e-02  1.00000000e-03
-3.54929225e-01  1.00000000e-03
-7.52732201e-02  1.00000000e-03
 7.52294364e-01  1.00000000e-03
-1.03719798e-01  1.00000000e-03
-1.43736226e-01  1.00000000e-03
-4.54079415e-01  1.00000000e-03
 1.40144231e-01  1.00000000e-03
 6.11127006e-01  1.00000000e-03
 3.38543674e-01  1.00000000e-03
 4.38253028e-01  1.00000000e-03
-3.53123770e-01  1.00000000e-03
-2.19589069e-01  1.00000000e-03
 2.05018498e-02  1.00000000e-03
-3.49142527e-01  1.00000000e-03
-2.37499887e-01  1.00000000e-03
-1.01513795e-01  1.00000000e-03
 1.96941547e-01  1.00000000e-03
-3.06385346e-01  1.00000000e-03
-4.29958266e-01  1.00000000e-03
-4.20420615e-01  1.00000000e-03
-2.46314686e-01  1.00000000e-03
-1.15798412e-01  1.00000000e-03
 7.45837812e-02  1.00000000e-03
-6.83386017e-01  1.00000000e-03
-1.67414786e-01  1.00000000e-03
 2.67264606e-01  1.00000000e-03
 1.40116866e-01  1.00000000e-03
-2.39177602e-01  1.00000000e-03
-9.69616095e-02  1.00000000e-03
-4.33227555e-01  1.00000000e-03
-5.15529745e-01  1.00000000e-03
 2.32219578e-01  1.00000000e-03
 5.98682478e-01  1.00000000e-03
-5.26751490e-01  1.00000000e-03
 9.84118334e-01  1.00000000e-03
 5.68740463e-01  1.00000000e-03
-5.29974558e-01  1.00000000e-03
-3.99934444e-01  1.00000000e-03
-4.87253902e-01  1.00000000e-03
-4.51493590e-01  1.00000000e-03
-3.05660356e-01  1.00000000e-03
-2.15127385e-01  1.00000000e-03
-3.56023388e-01  1.00000000e-03
 3.37077127e-02  1.00000000e-03
-2.32534904e-01  1.00000000e-03
-5.84365477e-01  1.00000000e-03
-2.77426573e-01  1.00000000e-03
-6.93364718e-02  1.00000000e-03
-5.00255594e-01  1.00000000e-03
 4.91144895e-01  1.00000000e-03
-4.30606247e-01  1.00000000e-03
 3.68893066e-02  1.00000000e-03
-3.07752136e-01  1.00000000e-03
-2.26539944e-01  1.00000000e-03
-1.09254934e-01  1.00000000e-03
-3.87480080e-01  1.00000000e-03
-4.84500806e-01  1.00000000e-03
-3.15010830e-01  1.00000000e-03
 1.88123683e-01  1.00000000e-03
-5.87732075e-02  1.00000000e-03
 3.94596616e-01  1.00000000e-03
 4.74937542e-01  1.00000000e-03
 4.63294624e-01  1.00000000e-03
-3.63933419e-01  1.00000000e-03
-3.30313218e-01  1.00000000e-03
 8.79563162e-01  1.00000000e-03
-1.14698137e-01  1.00000000e-03
 3.18203266e-01  1.00000000e-03
 1.01111819e-01  1.00000000e-03
 5.48511692e-02  1.00000000e-03
-5.09283977e-02  1.00000000e-03
-1.87080913e-01  1.00000000e-03
-4.37854104e-01  1.00000000e-03
-1.53770906e-01  1.00000000e-03
 2.36829352e-01  1.00000000e-03
 5.42548012e-02  1.00000000e-03
 1.60170820e-01  1.00000000e-03
-4.43979787e-01  1.00000000e-03
-1.43415077e-01  1.00000000e-03
-9.85276514e-02  1.00000000e-03
 9.27294623e-02  1.00000000e-03
-4.63664561e-01  1.00000000e-03
 6.50524650e-02  1.00000000e-03
-2.09307310e-01  1.00000000e-03
-3.46330167e-01  1.00000000e-03
 7.62144353e-01  1.00000000e-03
 2.88083186e-01  1.00000000e-03
-2.62547052e-01  1.00000000e-03
 2.41356270e-01  1.00000000e-03
-8.78318123e-02  1.00000000e-03
 1.06829869e+00  1.00000000e-03
 9.75671890e-01  1.00000000e-03
-6.27921455e-02  1.00000000e-03
-3.05446186e-01  1.00000000e-03
-1.57032886e-02  1.00000000e-03
 1.29605488e-01  1.00000000e-03
 6.73058253e-01  1.00000000e-03
-2.34163285e-01  1.00000000e-03
 2.06194154e-02  1.00000000e-03
 3.59538496e-01  1.00000000e-03
-3.08201137e-01  1.00000000e-03
 4.02472628e-01  1.00000000e-03
-3.60928799e-01  1.00000000e-03
 2.58990977e-01  1.00000000e-03
-5.32907216e-02  1.00000000e-03
 3.54701398e-01  1.00000000e-03
-6.12239176e-01  1.00000000e-03
-5.76409453e-02  1.00000000e-03
-2.54078129e-01  1.00000000e-03
 1.03710938e-01  1.00000000e-03
-5.00246667e-01  1.00000000e-03
 1.73432135e-01  1.00000000e-03
 5.27157854e-02  1.00000000e-03
-2.44012472e-01  1.00000000e-03
-3.79215490e-02  1.00000000e-03
 6.90822050e-01  1.00000000e-03
-3.90497710e-02  1.00000000e-03
-2.51854924e-01  1.00000000e-03
-4.66585657e-01  1.00000000e-03
 8.73890706e-01  1.00000000e-03
 4.42163315e-01  1.00000000e-03
 1.12165142e-01  1.00000000e-03
-1.28415021e-01  1.00000000e-03
 3.96310523e-01  1.00000000e-03
-1.41375464e-01  1.00000000e-03
 1.00555019e+00  1.00000000e-03
-4.14842855e-01  1.00000000e-03
 4.45199823e-01  1.00000000e-03
-4.40264076e-01  1.00000000e-03
 8.53552791e-01  1.00000000e-03
-4.31329898e-01  1.00000000e-03
-1.42670132e-01  1.00000000e-03
-5.03633421e-01  1.00000000e-03
-2.31832707e-01  1.00000000e-03
-2.00274344e-01  1.00000000e-03
-5.57186874e-01  1.00000000e-03
 5.18910654e-01  1.00000000e-03
 7.86920013e-02  1.00000000e-03
 1.71190692e-01  1.00000000e-03
-5.90028620e-01  1.00000000e-03
 6.52154856e-01  1.00000000e-03
 4.10534388e-01  1.00000000e-03
 3.48896745e-01  1.00000000e-03
 8.75690226e-02  1.00000000e-03
 2.28556562e-01  1.00000000e-03
 8.72961098e-01  1.00000000e-03
 2.55155366e-01  1.00000000e-03
 6.33727680e-02  1.00000000e-03
-4.89917922e-02  1.00000000e-03
-4.78270361e-01  1.00000000e-03
 3.40579474e-01  1.00000000e-03
-4.78938364e-01  1.00000000e-03
 7.48332425e-02  1.00000000e-03
 5.74047490e-01  1.00000000e-03
-3.34845858e-01  1.00000000e-03
-1.27345203e-01  1.00000000e-03
-9.42847414e-02  1.00000000e-03
-4.49706111e-01  1.00000000e-03
 3.98306407e-01  1.00000000e-03
-5.34086985e-01  1.00000000e-03
-3.72129131e-01  1.00000000e-03
 5.92636282e-01  1.00000000e-03
-2.99080784e-01  1.00000000e-03
 3.74034743e-01  1.00000000e-03
-1.95339920e-01  1.00000000e-03
 3.99523925e-01  1.00000000e-03
 4.97478966e-01  1.00000000e-03
 2.36224516e-01  1.00000000e-03
 5.41750919e-01  1.00000000e-03
-2.26091802e-01  1.00000000e-03
-2.36017520e-01  1.00000000e-03
-6.83304276e-02  1.00000000e-03
-2.61592571e-01  1.00000000e-03
-5.03014134e-01  1.00000000e-03
 7.25362540e-02  1.00000000e-03
-2.43405368e-01  1.00000000e-03
-2.14622890e-01  1.00000000e-03
 7.62695016e-01  1.00000000e-03
 9.42086210e-01  1.00000000e-03
-3.00938275e-01  1.00000000e-03
-7.90241797e-02  1.00000000e-03
-9.88829227e-02  1.00000000e-03
-2.70379151e-02  1.00000000e-03
-1.86742909e-01  1.00000000e-03
 4.12913131e-02  1.00000000e-03
 8.70231407e-01  1.00000000e-03
 6.95033044e-02  1.00000000e-03
-2.35435446e-01  1.00000000e-03
-1.52730862e-01  1.00000000e-03
 1.01367183e-01  1.00000000e-03
-5.65831698e-01  1.00000000e-03
-3.42424720e-01  1.00000000e-03
 1.16691124e-02  1.00000000e-03
 2.26431592e-01  1.00000000e-03
-1.96220822e-01  1.00000000e-03
-1.85199033e-01  1.00000000e-03
 5.80965983e-01  1.00000000e-03
 2.17704131e-02  1.00000000e-03
-2.59252748e-01  1.00000000e-03
-3.81549029e-01  1.00000000e-03
-3.37045497e-01  1.00000000e-03
-4.23096961e-01  1.00000000e-03
 4.77166930e-01  1.00000000e-03
 6.09595510e-01  1.00000000e-03
 7.92460543e-02  1.00000000e-03
-2.73569591e-01  1.00000000e-03
-2.53805350e-01  1.00000000e-03
-4.85418057e-01  1.00000000e-03
 1.18008132e-01  1.00000000e-03
-2.26170167e-01  1.00000000e-03
-2.55226489e-02  1.00000000e-03
 2.65361542e-01  1.00000000e-03
-4.16309403e-01  1.00000000e-03
 7.81851761e-01  1.00000000e-03
 1.30651483e-02  1.00000000e-03
 6.51314480e-02  1.00000000e-03
-3.75912094e-01  1.00000000e-03
 8.66948829e-01  1.00000000e-03
 1.67619823e-01  1.00000000e-03
-9.71300086e-03  1.00000000e-03
 7.95853036e-02  1.00000000e-03
-1.58245800e-01  1.00000000e-03
 4.64240028e-01  1.00000000e-03
 9.47844202e-01  1.00000000e-03
 5.69902860e-01  1.00000000e-03
 3.51467089e-01  1.00000000e-03
-1.91591894e-01  1.00000000e-03
 2.26985079e-01  1.00000000e-03
-4.06188001e-01  1.00000000e-03
-4.42798510e-01  1.00000000e-03
 1.17498080e-01  1.00000000e-03
-5.47667093e-01  1.00000000e-03
 7.60545253e-02  1.00000000e-03
-5.03355426e-01  1.00000000e-03
-6.13430319e-01  1.00000000e-03
 8.26123925e-02  1.00000000e-03
-3.21801707e-01  1.00000000e-03
 9.34683760e-02  1.00000000e-03
-2.82660119e-02  1.00000000e-03
 1.08255691e+00  1.00000000e-03
-2.01052351e-01  1.00000000e-03
-4.34720554e-01  1.00000000e-03
-2.15061446e-01  1.00000000e-03
 1.15498026e-01  1.00000000e-03
 1.69976217e-01  1.00000000e-03
 7.58146023e-01  1.00000000e-03
-3.26035546e-01  1.00000000e-03
 1.05736772e-01  1.00000000e-03
-7.96329869e-02  1.00000000e-03
 7.02990910e-01  1.00000000e-03
 8.61562727e-01  1.00000000e-03
 3.67847401e-01  1.00000000e-03
 1.04303084e-01  1.00000000e-03
 3.32088966e-01  1.00000000e-03
-1.87288562e-02  1.00000000e-03
-8.03539679e-02  1.00000000e-03
-3.25590945e-02  1.00000000e-03
 8.95009594e-01  1.00000000e-03
-3.08036659e-01  1.00000000e-03
-3.12368735e-01  1.00000000e-03
-2.57574021e-01  1.00000000e-03
 8.78494311e-02  1.00000000e-03
-3.28118558e-01  1.00000000e-03
-2.55642502e-03  1.00000000e-03
-5.11090568e-01  1.00000000e-03
 4.91140095e-01  1.00000000e-03
 3.64419467e-01  1.00000000e-03
-2.35343605e-01  1.00000000e-03
-9.58465201e-02  1.00000000e-03
-9.16253349e-03  1.00000000e-03
-3.67461467e-01  1.00000000e-03
-1.19774210e-01  1.00000000e-03
-2.60854070e-01  1.00000000e-03
-6.99760285e-02  1.00000000e-03
-5.85601948e-01  1.00000000e-03
-3.78709125e-01  1.00000000e-03
-2.82516007e-01  1.00000000e-03
 1.47051245e-01  1.00000000e-03
-2.62593789e-01  1.00000000e-03
-4.26154218e-01  1.00000000e-03
 1.45624215e-01  1.00000000e-03
-2.68002109e-01  1.00000000e-03
-6.01928767e-02  1.00000000e-03
-3.17937656e-01  1.00000000e-03
-2.55953095e-01  1.00000000e-03
-2.50115338e-01  1.00000000e-03
 9.57459880e-01  1.00000000e-03
-4.29468662e-02  1.00000000e-03
 9.12466025e-01  1.00000000e-03
 4.29080932e-01  1.00000000e-03
-4.97861097e-01  1.00000000e-03
 2.84470674e-01  1.00000000e-03
-5.22466653e-01  1.00000000e-03
-3.81979568e-01  1.00000000e-03
-2.38203022e-01  1.00000000e-03
-4.10278297e-01  1.00000000e-03
-2.51240920e-01  1.00000000e-03
 1.32597826e-01  1.00000000e-03
 5.46105978e-01  1.00000000e-03
 7.29470193e-01  1.00000000e-03
 1.70478560e-01  1.00000000e-03
 4.03985603e-01  1.00000000e-03
 7.96651949e-01  1.00000000e-03
 6.05376073e-01  1.00000000e-03
 2.12857965e-01  1.00000000e-03
-3.55570967e-01  1.00000000e-03
 4.21931815e-01  1.00000000e-03
-5.57080835e-01  1.00000000e-03
 1.49087490e-01  1.00000000e-03
-1.28675230e-02  1.00000000e-03
-2.81303893e-01  1.00000000e-03
 4.08313695e-01  1.00000000e-03
-3.36451025e-02  1.00000000e-03
 2.85123039e-01  1.00000000e-03
-2.81961062e-01  1.00000000e-03
 3.21352465e-01  1.00000000e-03
 4.68901855e-01  1.00000000e-03
-3.37760612e-01  1.00000000e-03
 1.07541332e+00  1.00000000e-03
-3.05307443e-01  1.00000000e-03
-1.30705398e-01  1.00000000e-03
-4.13621538e-01  1.00000000e-03
 4.46632822e-01  1.00000000e-03
 5.61396874e-02  1.00000000e-03
-1.92598065e-01  1.00000000e-03
-2.32188867e-01  1.00000000e-03
-2.83157858e-01  1.00000000e-03
-5.98734496e-02  1.00000000e-03
-1.95175623e-01  1.00000000e-03
 5.11011084e-01  1.00000000e-03
-4.80629700e-01  1.00000000e-03
-2.15295472e-01  1.00000000e-03
-1.41247792e-01  1.00000000e-03
 3.36540689e-01  1.00000000e-03
-3.76151384e-01  1.00000000e-03
-3.02553952e-01  1.00000000e-03
 1.88026991e-01  1.00000000e-03
-2.06310902e-01  1.00000000e-03
 3.99282146e-02  1.00000000e-03
 5.43670253e-01  1.00000000e-03
-2.10547239e-01  1.00000000e-03
-4.74694738e-01  1.00000000e-03
 4.34052487e-01  1.00000000e-03
-1.82681171e-01  1.00000000e-03
-2.97039188e-01  1.00000000e-03
 6.92813265e-01  1.00000000e-03
 3.35830367e-01  1.00000000e-03
 1.78059571e-01  1.00000000e-03
 1.34161230e-02  1.00000000e-03
-1.96094838e-01  1.00000000e-03
-1.95113036e-01  1.00000000e-03
-2.81869873e-02  1.00000000e-03
 5.66286281e-01  1.00000000e-03
 2.22981506e-01  1.00000000e-03
-2.00825331e-02  1.00000000e-03
-1.21104170e-01  1.00000000e-03
-3.94997279e-01  1.00000000e-03
-6.66233665e-02  1.00000000e-03
 8.58374604e-02  1.00000000e-03
 8.17683749e-01  1.00000000e-03
 1.22180407e-01  1.00000000e-03
 3.88656838e-01  1.00000000e-03
 3.06121860e-01  1.00000000e-03
-3.87184258e-01  1.00000000e-03
-2.91672116e-02  1.00000000e-03
 6.70986389e-01  1.00000000e-03
 3.61400171e-01  1.00000000e-03
-3.26932748e-01  1.00000000e-03
 2.60224566e-01  1.00000000e-03
-5.13354059e-01  1.00000000e-03
-5.77726338e-01  1.00000000e-03
-1.19116497e-01  1.00000000e-03
-4.80381351e-01  1.00000000e-03
-4.98706607e-02  1.00000000e-03
 1.49063320e-01  1.00000000e-03
 7.26621767e-02  1.00000000e-03
 6.07532597e-01  1.00000000e-03
 3.39676093e-01  1.00000000e-03
 4.71534638e-01  1.00000000e-03
 4.92736518e-01  1.00000000e-03
 3.66006655e-01  1.00000000e-03
-2.43278062e-01  1.00000000e-03
 4.03662419e-01  1.00000000e-03
-3.21453696e-01  1.00000000e-03
-1.38865687e-01  1.00000000e-03
-5.84345609e-01  1.00000000e-03
 4.26108655e-01  1.00000000e-03
-4.38966914e-01  1.00000000e-03
-5.07211438e-01  1.00000000e-03
 2.25861322e-01  1.00000000e-03
-5.84225363e-02  1.00000000e-03
-2.74417678e-01  1.00000000e-03
-2.59153253e-01  1.00000000e-03
-4.43777759e-01  1.00000000e-03
-3.79320384e-02  1.00000000e-03
 2.21192082e-01  1.00000000e-03
-8.25105847e-02  1.00000000e-03
-9.98911452e-02  1.00000000e-03
-5.47562296e-01  1.00000000e-03
-3.37067837e-01  1.00000000e-03
 8.34285779e-02  1.00000000e-03
-2.48449324e-01  1.00000000e-03
-2.70284797e-01  1.00000000e-03
-1.33462102e-01  1.00000000e-03
 6.92171615e-02  1.00000000e-03
 1.44155182e-01  1.00000000e-03
 1.17108611e-01  1.00000000e-03
-4.78756269e-01  1.00000000e-03
 5.75634131e-01  1.00000000e-03
 5.72052187e-01  1.00000000e-03
-5.37261157e-01  1.00000000e-03
 7.99524785e-01  1.00000000e-03
-1.50317435e-01  1.00000000e-03
 1.19211563e+00  1.00000000e-03
-1.54925400e-01  1.00000000e-03
 2.88572716e-01  1.00000000e-03
 2.86183878e-02  1.00000000e-03
-1.58026775e-01  1.00000000e-03
 2.61301549e-01  1.00000000e-03
 4.85342774e-01  1.00000000e-03
 5.77807910e-02  1.00000000e-03
-1.19973323e-01  1.00000000e-03
-5.77196540e-01  1.00000000e-03
-2.92567746e-01  1.00000000e-03
 7.47785245e-01  1.00000000e-03
 2.41908641e-01  1.00000000e-03
-3.95587240e-01  1.00000000e-03
-2.33731356e-01  1.00000000e-03
 1.42317110e-01  1.00000000e-03
 1.05692822e-01  1.00000000e-03
-2.08591795e-01  1.00000000e-03
-1.22281481e-01  1.00000000e-03
-4.62910214e-01  1.00000000e-03
 1.12410232e-01  1.00000000e-03
 8.43300196e-01  1.00000000e-03
-5.85748304e-02  1.00000000e-03
 7.91980508e-01  1.00000000e-03
-1.09661186e-01  1.00000000e-03
-5.40457732e-01  1.00000000e-03
-4.53043508e-01  1.00000000e-03
 7.33223673e-03  1.00000000e-03
-5.94060942e-02  1.00000000e-03
 3.41089112e-02  1.00000000e-03
 4.50226207e-01  1.00000000e-03
 2.07978481e-01  1.00000000e-03
-3.95082297e-01  1.00000000e-03
 5.52506784e-01  1.00000000e-03
 4.95316377e-01  1.00000000e-03
 3.50395543e-01  1.00000000e-03
 2.49282478e-01  1.00000000e-03
-1.06854885e-01  1.00000000e-03
-3.04097672e-01  1.00000000e-03
-5.05646286e-01  1.00000000e-03
-4.03615440e-01  1.00000000e-03
 3.17074674e-01  1.00000000e-03
 5.72036741e-02  1.00000000e-03
-3.88298259e-01  1.00000000e-03
-6.77426484e-02  1.00000000e-03
 3.16873160e-01  1.00000000e-03
-3.44851062e-01  1.00000000e-03
-2.33858369e-01  1.00000000e-03
 7.73143777e-01  1.00000000e-03
-4.04990996e-01  1.00000000e-03
 7.65500276e-02  1.00000000e-03
-2.90964371e-01  1.00000000e-03
 1.50406140e-02  1.00000000e-03
 1.16708018e-01  1.00000000e-03
-1.24979652e-01  1.00000000e-03
 2.09565608e-01  1.00000000e-03
 9.02698267e-01  1.00000000e-03
-3.47142326e-01  1.00000000e-03
-3.40794816e-02  1.00000000e-03
-3.39177564e-01  1.00000000e-03
-3.21855344e-01  1.00000000e-03
 6.86804082e-01  1.00000000e-03
