 -0.5269263E+00  0.2000000E-04
  0.7028424E-01  0.2000000E-04
 -0.5347880E+00  0.2000000E-04
 -0.1380501E-01  0.2000000E-04
  0.1440025E+00  0.2000000E-04
 -0.4554690E+00  0.2000000E-04
 -0.4499964E+00  0.2000000E-04
  0.7150448E+00  0.2000000E-04
 -0.5779018E+00  0.2000000E-04
 -0.7341608E-01  0.2000000E-04
  0.1086785E+01  0.2000000E-04
  0.1125668E+01  0.2000000E-04
 -0.6847579E-01  0.2000000E-04
 -0.5692249E+00  0.2000000E-04
 -0.5376282E+00  0.2000000E-04
 -0.5572278E+00  0.2000000E-04
  0.1049056E+01  0.2000000E-04
 -0.3445833E-02  0.2000000E-04
 -0.4175788E+00  0.2000000E-04
 -0.5385353E+00  0.2000000E-04
 -0.4752778E+00  0.2000000E-04
 -0.4525525E+00  0.2000000E-04
  0.7942908E+00  0.2000000E-04
 -0.4727713E+00  0.2000000E-04
  0.1191004E+01  0.2000000E-04
 -0.3703211E+00  0.2000000E-04
 -0.5562761E+00  0.2000000E-04
  0.8408767E+00  0.2000000E-04
  0.1083208E+01  0.2000000E-04
  0.4636801E+00  0.2000000E-04
  0.1080931E+01  0.2000000E-04
 -0.4837853E+00  0.2000000E-04
 -0.5477325E+00  0.2000000E-04
 -0.4965597E+00  0.2000000E-04
 -0.5000662E+00  0.2000000E-04
 -0.4849423E+00  0.2000000E-04
 -0.3686226E-01  0.2000000E-04
 -0.5081239E+00  0.2000000E-04
 -0.5071549E+00  0.2000000E-04
  0.6688997E+00  0.2000000E-04
 -0.2777943E+00  0.2000000E-04
  0.8833979E+00  0.2000000E-04
 -0.3626756E+00  0.2000000E-04
 -0.5478324E+00  0.2000000E-04
 -0.5061578E+00  0.2000000E-04
  0.9130116E+00  0.2000000E-04
 -0.4044347E+00  0.2000000E-04
 -0.4419239E+00  0.2000000E-04
  0.1772244E+00  0.2000000E-04
  0.1046589E+01  0.2000000E-04
 -0.4752570E+00  0.2000000E-04
 -0.5243027E+00  0.2000000E-04
 -0.5389586E+00  0.2000000E-04
  0.4133073E+00  0.2000000E-04
 -0.6520336E+00  0.2000000E-04
  0.4635659E+00  0.2000000E-04
  0.1081891E+01  0.2000000E-04
 -0.6176581E+00  0.2000000E-04
  0.1036674E+01  0.2000000E-04
  0.1068198E+01  0.2000000E-04
 -0.5022140E+00  0.2000000E-04
  0.1087052E+01  0.2000000E-04
  0.2654861E+00  0.2000000E-04
  0.9276224E+00  0.2000000E-04
 -0.4907056E+00  0.2000000E-04
 -0.5754805E+00  0.2000000E-04
 -0.5549833E+00  0.2000000E-04
 -0.1264110E+00  0.2000000E-04
  0.1064311E+01  0.2000000E-04
 -0.2843536E+00  0.2000000E-04
  0.5345343E+00  0.2000000E-04
 -0.5113333E+00  0.2000000E-04
  0.1095585E+01  0.2000000E-04
 -0.5035143E+00  0.2000000E-04
 -0.2913086E+00  0.2000000E-04
 -0.6006465E+00  0.2000000E-04
 -0.5446956E+00  0.2000000E-04
 -0.4744324E+00  0.2000000E-04
 -0.4905916E+00  0.2000000E-04
 -0.3383756E+00  0.2000000E-04
  0.5613596E+00  0.2000000E-04
  0.7715105E-01  0.2000000E-04
  0.8056984E+00  0.2000000E-04
  0.1048128E+01  0.2000000E-04
  0.1314532E+00  0.2000000E-04
 -0.1954292E-02  0.2000000E-04
 -0.1165436E+00  0.2000000E-04
  0.3925937E+00  0.2000000E-04
  0.7028534E+00  0.2000000E-04
 -0.4278038E+00  0.2000000E-04
 -0.5513495E+00  0.2000000E-04
  0.4322998E+00  0.2000000E-04
  0.5136271E+00  0.2000000E-04
 -0.2253470E+00  0.2000000E-04
  0.8126338E+00  0.2000000E-04
 -0.3796490E+00  0.2000000E-04
 -0.5335396E+00  0.2000000E-04
 -0.2014790E+00  0.2000000E-04
 -0.5021039E+00  0.2000000E-04
 -0.4760974E+00  0.2000000E-04
  0.6899726E+00  0.2000000E-04
 -0.3211021E-01  0.2000000E-04
 -0.4920038E+00  0.2000000E-04
  0.4134329E+00  0.2000000E-04
  0.1052110E+01  0.2000000E-04
 -0.2968394E+00  0.2000000E-04
  0.1037491E+01  0.2000000E-04
 -0.6220125E+00  0.2000000E-04
  0.9505687E+00  0.2000000E-04
 -0.4715189E+00  0.2000000E-04
  0.4548054E-01  0.2000000E-04
 -0.5156589E+00  0.2000000E-04
 -0.2977006E+00  0.2000000E-04
 -0.3862750E+00  0.2000000E-04
 -0.3968718E+00  0.2000000E-04
 -0.4368537E+00  0.2000000E-04
 -0.5614842E+00  0.2000000E-04
 -0.4738033E+00  0.2000000E-04
 -0.5262060E+00  0.2000000E-04
 -0.1851733E+00  0.2000000E-04
 -0.4403878E-01  0.2000000E-04
 -0.5824234E-01  0.2000000E-04
 -0.5409725E+00  0.2000000E-04
 -0.4897980E+00  0.2000000E-04
 -0.5220715E+00  0.2000000E-04
 -0.4944596E+00  0.2000000E-04
 -0.3846429E+00  0.2000000E-04
 -0.5630278E+00  0.2000000E-04
  0.5387937E+00  0.2000000E-04
  0.3812496E+00  0.2000000E-04
 -0.5550758E+00  0.2000000E-04
 -0.4134312E+00  0.2000000E-04
 -0.3571112E+00  0.2000000E-04
 -0.5462417E+00  0.2000000E-04
  0.8617055E-01  0.2000000E-04
 -0.5682602E+00  0.2000000E-04
 -0.1662347E+00  0.2000000E-04
 -0.2641701E+00  0.2000000E-04
 -0.5525355E+00  0.2000000E-04
  0.5872756E+00  0.2000000E-04
 -0.4661132E+00  0.2000000E-04
 -0.2856596E+00  0.2000000E-04
 -0.4309539E+00  0.2000000E-04
 -0.3553861E+00  0.2000000E-04
 -0.1509546E+00  0.2000000E-04
 -0.5011037E+00  0.2000000E-04
  0.8958290E+00  0.2000000E-04
 -0.5928063E+00  0.2000000E-04
  0.1065990E+01  0.2000000E-04
 -0.4697118E+00  0.2000000E-04
 -0.3130232E+00  0.2000000E-04
 -0.4612613E+00  0.2000000E-04
  0.1349659E+00  0.2000000E-04
 -0.3904344E+00  0.2000000E-04
 -0.1652739E+00  0.2000000E-04
  0.2303027E+00  0.2000000E-04
 -0.4089661E+00  0.2000000E-04
 -0.2871130E+00  0.2000000E-04
 -0.8814532E-01  0.2000000E-04
 -0.5334375E+00  0.2000000E-04
 -0.4993211E+00  0.2000000E-04
 -0.4831025E+00  0.2000000E-04
  0.2266773E+00  0.2000000E-04
 -0.5299396E+00  0.2000000E-04
 -0.5447838E+00  0.2000000E-04
  0.8177857E+00  0.2000000E-04
  0.2558748E+00  0.2000000E-04
 -0.4270823E+00  0.2000000E-04
 -0.4150719E+00  0.2000000E-04
 -0.3579510E+00  0.2000000E-04
  0.6764084E+00  0.2000000E-04
 -0.3792820E+00  0.2000000E-04
 -0.2412932E+00  0.2000000E-04
 -0.4683316E+00  0.2000000E-04
 -0.3363236E+00  0.2000000E-04
 -0.5800380E+00  0.2000000E-04
 -0.5750554E+00  0.2000000E-04
 -0.4840312E+00  0.2000000E-04
 -0.5716208E+00  0.2000000E-04
 -0.2223443E+00  0.2000000E-04
 -0.5103790E+00  0.2000000E-04
  0.1216242E+01  0.2000000E-04
 -0.5337884E+00  0.2000000E-04
 -0.4381790E+00  0.2000000E-04
 -0.2547308E-01  0.2000000E-04
 -0.5206781E+00  0.2000000E-04
 -0.5496796E+00  0.2000000E-04
 -0.4787385E+00  0.2000000E-04
 -0.4908939E+00  0.2000000E-04
 -0.5761750E+00  0.2000000E-04
  0.9543107E+00  0.2000000E-04
 -0.5958931E+00  0.2000000E-04
 -0.5174211E+00  0.2000000E-04
 -0.4961429E+00  0.2000000E-04
 -0.3978370E+00  0.2000000E-04
 -0.4867890E+00  0.2000000E-04
 -0.5033464E+00  0.2000000E-04
 -0.5107507E+00  0.2000000E-04
 -0.5870607E+00  0.2000000E-04
  0.1049700E+01  0.2000000E-04
 -0.5175003E+00  0.2000000E-04
 -0.1161263E+00  0.2000000E-04
 -0.2231251E+00  0.2000000E-04
  0.7237945E+00  0.2000000E-04
  0.5277689E+00  0.2000000E-04
 -0.5383397E+00  0.2000000E-04
  0.1030266E+01  0.2000000E-04
 -0.4523562E+00  0.2000000E-04
 -0.4995634E+00  0.2000000E-04
  0.3174450E+00  0.2000000E-04
  0.1086459E+01  0.2000000E-04
  0.5954310E+00  0.2000000E-04
 -0.5885373E+00  0.2000000E-04
 -0.4376138E+00  0.2000000E-04
  0.5550893E+00  0.2000000E-04
  0.1100936E+01  0.2000000E-04
 -0.5346032E+00  0.2000000E-04
  0.1134494E+01  0.2000000E-04
 -0.5310757E+00  0.2000000E-04
 -0.5780222E+00  0.2000000E-04
 -0.6072704E+00  0.2000000E-04
 -0.5137910E+00  0.2000000E-04
 -0.5631540E+00  0.2000000E-04
  0.8490611E+00  0.2000000E-04
 -0.3402055E+00  0.2000000E-04
  0.5255246E+00  0.2000000E-04
  0.8587812E+00  0.2000000E-04
 -0.5078931E+00  0.2000000E-04
  0.4107495E+00  0.2000000E-04
  0.9615992E+00  0.2000000E-04
 -0.4752023E+00  0.2000000E-04
 -0.5409192E+00  0.2000000E-04
 -0.4898233E+00  0.2000000E-04
  0.9910768E+00  0.2000000E-04
 -0.5056358E+00  0.2000000E-04
 -0.1245829E+00  0.2000000E-04
  0.8106092E+00  0.2000000E-04
  0.1264660E+00  0.2000000E-04
 -0.2897204E+00  0.2000000E-04
  0.4165847E+00  0.2000000E-04
 -0.4094440E+00  0.2000000E-04
  0.1516705E+00  0.2000000E-04
 -0.5375074E+00  0.2000000E-04
  0.9384384E+00  0.2000000E-04
  0.5588210E+00  0.2000000E-04
  0.1075876E+01  0.2000000E-04
 -0.5635395E+00  0.2000000E-04
 -0.5083755E+00  0.2000000E-04
 -0.9852567E-01  0.2000000E-04
 -0.2224822E+00  0.2000000E-04
 -0.2142713E+00  0.2000000E-04
  0.5449139E+00  0.2000000E-04
 -0.2678226E+00  0.2000000E-04
 -0.4266405E-01  0.2000000E-04
  0.1091748E+01  0.2000000E-04
 -0.5203739E+00  0.2000000E-04
  0.5986299E-01  0.2000000E-04
 -0.4663284E+00  0.2000000E-04
 -0.1346643E+00  0.2000000E-04
 -0.7985166E-01  0.2000000E-04
 -0.5628546E+00  0.2000000E-04
 -0.5396935E+00  0.2000000E-04
 -0.5437915E+00  0.2000000E-04
 -0.2475575E+00  0.2000000E-04
  0.2089852E+00  0.2000000E-04
  0.8104468E+00  0.2000000E-04
 -0.5407208E+00  0.2000000E-04
 -0.6113113E+00  0.2000000E-04
 -0.4893909E+00  0.2000000E-04
 -0.5816576E+00  0.2000000E-04
  0.1075732E+01  0.2000000E-04
  0.8623613E+00  0.2000000E-04
 -0.5520232E+00  0.2000000E-04
 -0.4996696E+00  0.2000000E-04
 -0.5042518E+00  0.2000000E-04
 -0.2708207E-01  0.2000000E-04
 -0.4427320E+00  0.2000000E-04
 -0.5437677E+00  0.2000000E-04
 -0.6317707E+00  0.2000000E-04
 -0.4785421E+00  0.2000000E-04
 -0.5302311E+00  0.2000000E-04
  0.4983911E+00  0.2000000E-04
  0.1169744E+01  0.2000000E-04
 -0.3561669E+00  0.2000000E-04
 -0.5652580E+00  0.2000000E-04
 -0.4178290E+00  0.2000000E-04
 -0.4719291E+00  0.2000000E-04
 -0.5614644E+00  0.2000000E-04
 -0.4674274E+00  0.2000000E-04
  0.1226320E+00  0.2000000E-04
 -0.5489439E+00  0.2000000E-04
  0.1067818E+01  0.2000000E-04
  0.1194672E+01  0.2000000E-04
  0.1068787E+01  0.2000000E-04
 -0.4708614E+00  0.2000000E-04
 -0.5221349E+00  0.2000000E-04
 -0.2079767E+00  0.2000000E-04
  0.1106250E+01  0.2000000E-04
 -0.5443593E+00  0.2000000E-04
 -0.3129106E+00  0.2000000E-04
  0.6364363E+00  0.2000000E-04
 -0.1988619E+00  0.2000000E-04
 -0.8411692E-01  0.2000000E-04
  0.7980955E+00  0.2000000E-04
 -0.5670688E+00  0.2000000E-04
 -0.3629661E+00  0.2000000E-04
 -0.4524391E+00  0.2000000E-04
 -0.4709985E+00  0.2000000E-04
  0.4541167E-01  0.2000000E-04
 -0.5227180E+00  0.2000000E-04
  0.9020788E+00  0.2000000E-04
 -0.5861126E+00  0.2000000E-04
  0.1101053E+01  0.2000000E-04
 -0.1809066E+00  0.2000000E-04
 -0.3892197E+00  0.2000000E-04
  0.2698112E+00  0.2000000E-04
 -0.4659787E+00  0.2000000E-04
 -0.5078342E+00  0.2000000E-04
 -0.5419706E+00  0.2000000E-04
 -0.6088024E+00  0.2000000E-04
  0.1013566E+01  0.2000000E-04
  0.5466227E+00  0.2000000E-04
 -0.5860441E+00  0.2000000E-04
  0.7794980E+00  0.2000000E-04
  0.1032491E+01  0.2000000E-04
  0.8769663E+00  0.2000000E-04
  0.1082271E+01  0.2000000E-04
 -0.4702578E+00  0.2000000E-04
 -0.4788271E+00  0.2000000E-04
 -0.6195863E+00  0.2000000E-04
 -0.1041783E+00  0.2000000E-04
  0.1134987E+01  0.2000000E-04
 -0.3826092E+00  0.2000000E-04
 -0.5463024E+00  0.2000000E-04
  0.7658980E+00  0.2000000E-04
 -0.2194213E+00  0.2000000E-04
 -0.6093754E+00  0.2000000E-04
  0.6277298E+00  0.2000000E-04
  0.9428808E+00  0.2000000E-04
  0.1070146E+01  0.2000000E-04
 -0.5547506E+00  0.2000000E-04
 -0.4680264E+00  0.2000000E-04
 -0.1145213E+00  0.2000000E-04
 -0.3387731E+00  0.2000000E-04
  0.1140299E+01  0.2000000E-04
  0.4146831E+00  0.2000000E-04
  0.2486222E+00  0.2000000E-04
 -0.2033847E+00  0.2000000E-04
  0.6673372E+00  0.2000000E-04
  0.1079978E+01  0.2000000E-04
  0.1129172E+01  0.2000000E-04
 -0.3295208E+00  0.2000000E-04
 -0.4471416E+00  0.2000000E-04
 -0.5847563E+00  0.2000000E-04
  0.6179133E+00  0.2000000E-04
 -0.4911296E+00  0.2000000E-04
 -0.4798309E+00  0.2000000E-04
  0.1992314E+00  0.2000000E-04
 -0.3305909E+00  0.2000000E-04
  0.1117950E+01  0.2000000E-04
 -0.4592597E+00  0.2000000E-04
 -0.5688906E-01  0.2000000E-04
 -0.5894259E+00  0.2000000E-04
 -0.4833641E+00  0.2000000E-04
 -0.9071506E-01  0.2000000E-04
 -0.5596938E+00  0.2000000E-04
 -0.7387509E-01  0.2000000E-04
  0.6714368E+00  0.2000000E-04
 -0.5462006E+00  0.2000000E-04
 -0.2240672E+00  0.2000000E-04
 -0.4933496E+00  0.2000000E-04
 -0.3200957E+00  0.2000000E-04
 -0.2575292E+00  0.2000000E-04
 -0.6659814E+00  0.2000000E-04
  0.8652486E+00  0.2000000E-04
  0.8332416E+00  0.2000000E-04
 -0.4951400E+00  0.2000000E-04
 -0.4872611E+00  0.2000000E-04
 -0.5811505E+00  0.2000000E-04
 -0.5255994E+00  0.2000000E-04
 -0.5092434E+00  0.2000000E-04
  0.1079381E+01  0.2000000E-04
  0.9177496E+00  0.2000000E-04
 -0.5535386E+00  0.2000000E-04
  0.4167407E-02  0.2000000E-04
 -0.5943191E+00  0.2000000E-04
  0.9979638E+00  0.2000000E-04
 -0.4680050E+00  0.2000000E-04
 -0.5871479E+00  0.2000000E-04
  0.3383771E+00  0.2000000E-04
  0.1622719E+00  0.2000000E-04
 -0.3951915E+00  0.2000000E-04
 -0.4968631E+00  0.2000000E-04
  0.5137973E+00  0.2000000E-04
 -0.5874574E+00  0.2000000E-04
 -0.5430362E+00  0.2000000E-04
 -0.4707611E+00  0.2000000E-04
  0.9365432E+00  0.2000000E-04
  0.1157352E+01  0.2000000E-04
  0.6130377E+00  0.2000000E-04
 -0.2316622E+00  0.2000000E-04
 -0.6345967E+00  0.2000000E-04
  0.1108277E+01  0.2000000E-04
 -0.4684669E+00  0.2000000E-04
  0.1106162E+01  0.2000000E-04
 -0.5392836E+00  0.2000000E-04
 -0.5382494E+00  0.2000000E-04
 -0.4829527E+00  0.2000000E-04
  0.9724191E+00  0.2000000E-04
 -0.4543166E+00  0.2000000E-04
  0.1002524E+00  0.2000000E-04
 -0.5437229E+00  0.2000000E-04
 -0.5423594E+00  0.2000000E-04
 -0.2085903E+00  0.2000000E-04
 -0.5468324E+00  0.2000000E-04
 -0.4535910E+00  0.2000000E-04
 -0.6440372E+00  0.2000000E-04
 -0.2983666E+00  0.2000000E-04
  0.2438156E+00  0.2000000E-04
  0.7409243E+00  0.2000000E-04
  0.1084543E+01  0.2000000E-04
 -0.4747057E+00  0.2000000E-04
 -0.4387300E+00  0.2000000E-04
  0.1030789E+01  0.2000000E-04
  0.3372391E+00  0.2000000E-04
  0.5264359E+00  0.2000000E-04
  0.4655362E+00  0.2000000E-04
 -0.5744829E+00  0.2000000E-04
  0.5084866E+00  0.2000000E-04
 -0.4191590E+00  0.2000000E-04
 -0.5059220E+00  0.2000000E-04
 -0.5601895E+00  0.2000000E-04
  0.2320403E+00  0.2000000E-04
 -0.4977095E+00  0.2000000E-04
  0.7840770E+00  0.2000000E-04
  0.2095453E+00  0.2000000E-04
  0.1070197E+01  0.2000000E-04
 -0.4873708E+00  0.2000000E-04
  0.1038501E+01  0.2000000E-04
 -0.3624472E-01  0.2000000E-04
 -0.5587036E+00  0.2000000E-04
 -0.5544990E+00  0.2000000E-04
 -0.4978334E+00  0.2000000E-04
 -0.5126857E+00  0.2000000E-04
  0.1101294E+01  0.2000000E-04
 -0.5971605E+00  0.2000000E-04
 -0.5067523E+00  0.2000000E-04
 -0.5036643E+00  0.2000000E-04
 -0.5379882E+00  0.2000000E-04
 -0.5724528E-01  0.2000000E-04
  0.9892936E+00  0.2000000E-04
 -0.5653330E+00  0.2000000E-04
 -0.2916513E+00  0.2000000E-04
  0.9974726E+00  0.2000000E-04
  0.7547437E-01  0.2000000E-04
 -0.1882367E-01  0.2000000E-04
 -0.5507656E+00  0.2000000E-04
 -0.5013952E+00  0.2000000E-04
 -0.6080561E+00  0.2000000E-04
  0.1093166E+01  0.2000000E-04
 -0.4098457E+00  0.2000000E-04
 -0.3400319E+00  0.2000000E-04
  0.5868846E+00  0.2000000E-04
  0.7082481E+00  0.2000000E-04
 -0.4154213E+00  0.2000000E-04
 -0.5349738E+00  0.2000000E-04
 -0.5323806E+00  0.2000000E-04
 -0.4163698E+00  0.2000000E-04
  0.9310502E+00  0.2000000E-04
  0.6326644E+00  0.2000000E-04
 -0.5739585E+00  0.2000000E-04
  0.9477531E+00  0.2000000E-04
 -0.5517770E+00  0.2000000E-04
  0.8627938E+00  0.2000000E-04
  0.8870333E+00  0.2000000E-04
 -0.4131420E+00  0.2000000E-04
 -0.4679148E+00  0.2000000E-04
 -0.5178305E+00  0.2000000E-04
 -0.4521750E-01  0.2000000E-04
 -0.5029941E+00  0.2000000E-04
  0.4266098E+00  0.2000000E-04
  0.8420303E+00  0.2000000E-04
 -0.5400429E+00  0.2000000E-04
  0.1143108E+01  0.2000000E-04
  0.1019024E+01  0.2000000E-04
  0.1145705E+01  0.2000000E-04
 -0.3867984E+00  0.2000000E-04
  0.1125123E+01  0.2000000E-04
  0.3265004E+00  0.2000000E-04
 -0.3984884E+00  0.2000000E-04
 -0.6063242E+00  0.2000000E-04
  0.5916213E+00  0.2000000E-04
 -0.3624444E-02  0.2000000E-04
  0.1820586E+00  0.2000000E-04
  0.1519281E+00  0.2000000E-04
 -0.4847932E+00  0.2000000E-04
  0.1037938E+01  0.2000000E-04
 -0.5246801E+00  0.2000000E-04
 -0.6152788E+00  0.2000000E-04
 -0.4625003E+00  0.2000000E-04
 -0.3512275E+00  0.2000000E-04
  0.1346649E+00  0.2000000E-04
 -0.5752186E+00  0.2000000E-04
 -0.5191454E+00  0.2000000E-04
 -0.1711597E+00  0.2000000E-04
 -0.2735805E+00  0.2000000E-04
  0.4685778E+00  0.2000000E-04
 -0.4186947E+00  0.2000000E-04
 -0.6163166E+00  0.2000000E-04
 -0.5793843E-01  0.2000000E-04
 -0.4871739E+00  0.2000000E-04
 -0.5583298E+00  0.2000000E-04
  0.1087069E+01  0.2000000E-04
  0.9227331E+00  0.2000000E-04
 -0.1735237E+00  0.2000000E-04
  0.8523616E+00  0.2000000E-04
 -0.2713560E+00  0.2000000E-04
  0.9427831E+00  0.2000000E-04
 -0.4475231E+00  0.2000000E-04
  0.4361846E+00  0.2000000E-04
 -0.5014698E+00  0.2000000E-04
  0.1028951E+00  0.2000000E-04
  0.3826081E-01  0.2000000E-04
 -0.4751134E+00  0.2000000E-04
 -0.4382944E+00  0.2000000E-04
  0.6097984E+00  0.2000000E-04
  0.1264939E+00  0.2000000E-04
 -0.1840687E-01  0.2000000E-04
 -0.4620034E+00  0.2000000E-04
  0.7086927E+00  0.2000000E-04
 -0.5178870E+00  0.2000000E-04
 -0.5439858E+00  0.2000000E-04
 -0.4943992E+00  0.2000000E-04
  0.1121876E+01  0.2000000E-04
 -0.4007758E+00  0.2000000E-04
  0.5430372E+00  0.2000000E-04
  0.8111396E+00  0.2000000E-04
 -0.5117308E+00  0.2000000E-04
  0.8843468E+00  0.2000000E-04
  0.5488741E+00  0.2000000E-04
 -0.5051079E+00  0.2000000E-04
 -0.2453429E+00  0.2000000E-04
 -0.4819521E+00  0.2000000E-04
  0.6208561E-01  0.2000000E-04
  0.1114926E+01  0.2000000E-04
  0.3137076E+00  0.2000000E-04
 -0.5211437E+00  0.2000000E-04
  0.1203476E+01  0.2000000E-04
  0.2823579E+00  0.2000000E-04
  0.5113542E+00  0.2000000E-04
 -0.5475535E+00  0.2000000E-04
 -0.5376220E+00  0.2000000E-04
  0.2737564E+00  0.2000000E-04
  0.3930082E+00  0.2000000E-04
 -0.4607985E+00  0.2000000E-04
 -0.5353837E+00  0.2000000E-04
  0.7967102E+00  0.2000000E-04
  0.1007677E+01  0.2000000E-04
 -0.5401757E+00  0.2000000E-04
  0.1096015E+01  0.2000000E-04
  0.1077248E+01  0.2000000E-04
 -0.5329711E+00  0.2000000E-04
 -0.5704909E+00  0.2000000E-04
  0.1139036E+01  0.2000000E-04
 -0.5040367E+00  0.2000000E-04
  0.3860413E+00  0.2000000E-04
  0.9142798E+00  0.2000000E-04
 -0.5287592E+00  0.2000000E-04
 -0.5646070E+00  0.2000000E-04
 -0.6339703E+00  0.2000000E-04
 -0.5281516E+00  0.2000000E-04
 -0.5779769E+00  0.2000000E-04
 -0.3190386E+00  0.2000000E-04
 -0.5515075E+00  0.2000000E-04
 -0.5286964E+00  0.2000000E-04
 -0.3000418E+00  0.2000000E-04
 -0.2576407E+00  0.2000000E-04
 -0.3531823E+00  0.2000000E-04
 -0.3082306E+00  0.2000000E-04
  0.9367780E+00  0.2000000E-04
  0.5218163E+00  0.2000000E-04
 -0.2500456E+00  0.2000000E-04
  0.6637571E+00  0.2000000E-04
 -0.1923414E+00  0.2000000E-04
 -0.5079733E+00  0.2000000E-04
  0.2811230E+00  0.2000000E-04
  0.1053973E+01  0.2000000E-04
  0.1032228E+01  0.2000000E-04
  0.3845012E+00  0.2000000E-04
 -0.5021117E+00  0.2000000E-04
 -0.5562409E+00  0.2000000E-04
 -0.5968511E+00  0.2000000E-04
  0.4696140E+00  0.2000000E-04
 -0.5562022E+00  0.2000000E-04
  0.8628892E+00  0.2000000E-04
  0.1184362E+01  0.2000000E-04
  0.8989060E+00  0.2000000E-04
 -0.5821807E+00  0.2000000E-04
  0.4228661E+00  0.2000000E-04
 -0.2647452E+00  0.2000000E-04
  0.1012131E+01  0.2000000E-04
 -0.3361856E+00  0.2000000E-04
  0.4353781E-01  0.2000000E-04
 -0.5782102E+00  0.2000000E-04
  0.1102342E+01  0.2000000E-04
 -0.5937752E+00  0.2000000E-04
  0.5477745E+00  0.2000000E-04
 -0.6292042E+00  0.2000000E-04
  0.1093947E+01  0.2000000E-04
  0.1092210E+01  0.2000000E-04
 -0.4144877E+00  0.2000000E-04
 -0.4899550E+00  0.2000000E-04
 -0.5539243E+00  0.2000000E-04
 -0.4385344E+00  0.2000000E-04
 -0.6071864E+00  0.2000000E-04
 -0.4361193E+00  0.2000000E-04
 -0.4762315E+00  0.2000000E-04
 -0.3363793E+00  0.2000000E-04
  0.2311208E+00  0.2000000E-04
 -0.3667109E+00  0.2000000E-04
  0.5379404E+00  0.2000000E-04
 -0.5167677E+00  0.2000000E-04
 -0.6053717E+00  0.2000000E-04
 -0.2170812E-01  0.2000000E-04
  0.5293564E+00  0.2000000E-04
 -0.3483824E+00  0.2000000E-04
 -0.4312848E+00  0.2000000E-04
  0.3163163E+00  0.2000000E-04
  0.5223594E+00  0.2000000E-04
 -0.4938081E+00  0.2000000E-04
 -0.3599166E+00  0.2000000E-04
  0.1082556E+01  0.2000000E-04
 -0.5534093E+00  0.2000000E-04
  0.8791852E+00  0.2000000E-04
 -0.4031453E+00  0.2000000E-04
  0.8414126E+00  0.2000000E-04
  0.1062670E+01  0.2000000E-04
  0.2424051E+00  0.2000000E-04
 -0.5704276E+00  0.2000000E-04
 -0.5602593E+00  0.2000000E-04
  0.8300478E+00  0.2000000E-04
 -0.1436578E+00  0.2000000E-04
 -0.4137956E+00  0.2000000E-04
 -0.4793172E+00  0.2000000E-04
  0.2180247E+00  0.2000000E-04
 -0.4030157E+00  0.2000000E-04
 -0.1568029E+00  0.2000000E-04
 -0.4079625E+00  0.2000000E-04
 -0.4898330E+00  0.2000000E-04
  0.1027848E+01  0.2000000E-04
  0.9753585E-01  0.2000000E-04
 -0.6274456E+00  0.2000000E-04
 -0.5148693E+00  0.2000000E-04
 -0.5497633E+00  0.2000000E-04
  0.1082046E+01  0.2000000E-04
  0.3266869E+00  0.2000000E-04
 -0.3921630E+00  0.2000000E-04
 -0.3565173E+00  0.2000000E-04
 -0.4102102E+00  0.2000000E-04
 -0.5963552E+00  0.2000000E-04
  0.8460775E+00  0.2000000E-04
  0.7822008E+00  0.2000000E-04
 -0.5589221E+00  0.2000000E-04
 -0.2115673E+00  0.2000000E-04
 -0.5487100E+00  0.2000000E-04
  0.3646095E+00  0.2000000E-04
 -0.4528525E+00  0.2000000E-04
  0.9561620E+00  0.2000000E-04
  0.1909655E+00  0.2000000E-04
 -0.4841654E+00  0.2000000E-04
 -0.5325292E+00  0.2000000E-04
 -0.5337490E+00  0.2000000E-04
 -0.5383400E+00  0.2000000E-04
  0.1015536E+01  0.2000000E-04
 -0.2803741E+00  0.2000000E-04
 -0.1994748E+00  0.2000000E-04
 -0.4759464E+00  0.2000000E-04
 -0.4908026E+00  0.2000000E-04
 -0.2914809E+00  0.2000000E-04
  0.6267406E+00  0.2000000E-04
  0.1040036E+01  0.2000000E-04
 -0.4855058E+00  0.2000000E-04
 -0.1980774E+00  0.2000000E-04
 -0.4377936E+00  0.2000000E-04
 -0.5234514E+00  0.2000000E-04
 -0.4473005E+00  0.2000000E-04
 -0.1591345E+00  0.2000000E-04
 -0.5494367E+00  0.2000000E-04
 -0.5860631E+00  0.2000000E-04
  0.1120323E+01  0.2000000E-04
  0.1142771E+01  0.2000000E-04
 -0.1585084E+00  0.2000000E-04
  0.6207393E+00  0.2000000E-04
  0.7573472E+00  0.2000000E-04
 -0.2504466E+00  0.2000000E-04
 -0.1140925E+00  0.2000000E-04
 -0.6073683E+00  0.2000000E-04
 -0.4753785E+00  0.2000000E-04
 -0.4807823E+00  0.2000000E-04
 -0.1486218E+00  0.2000000E-04
 -0.3405071E+00  0.2000000E-04
 -0.5180179E+00  0.2000000E-04
  0.1160082E+01  0.2000000E-04
  0.1062050E+01  0.2000000E-04
  0.1176645E+01  0.2000000E-04
 -0.4509285E+00  0.2000000E-04
 -0.5088238E+00  0.2000000E-04
 -0.4783820E+00  0.2000000E-04
  0.8269926E+00  0.2000000E-04
  0.7505993E+00  0.2000000E-04
  0.1051664E+01  0.2000000E-04
  0.2129556E+00  0.2000000E-04
 -0.3649536E+00  0.2000000E-04
  0.8916211E+00  0.2000000E-04
 -0.2160755E+00  0.2000000E-04
 -0.5122488E+00  0.2000000E-04
 -0.6232837E+00  0.2000000E-04
 -0.5341763E+00  0.2000000E-04
  0.8501631E+00  0.2000000E-04
 -0.5320805E+00  0.2000000E-04
  0.1019829E+01  0.2000000E-04
 -0.5758712E+00  0.2000000E-04
  0.1806549E-01  0.2000000E-04
 -0.3941335E+00  0.2000000E-04
 -0.4715942E+00  0.2000000E-04
  0.1424092E+00  0.2000000E-04
 -0.5439116E+00  0.2000000E-04
 -0.5418501E+00  0.2000000E-04
 -0.5284956E+00  0.2000000E-04
 -0.5562292E+00  0.2000000E-04
 -0.4887024E+00  0.2000000E-04
 -0.5396265E+00  0.2000000E-04
 -0.5905729E+00  0.2000000E-04
 -0.5360783E+00  0.2000000E-04
 -0.5109426E+00  0.2000000E-04
  0.3462454E-01  0.2000000E-04
 -0.4761464E+00  0.2000000E-04
  0.3728710E+00  0.2000000E-04
 -0.1979029E+00  0.2000000E-04
  0.1048181E+01  0.2000000E-04
  0.7177837E+00  0.2000000E-04
 -0.2137155E-01  0.2000000E-04
 -0.4971127E+00  0.2000000E-04
  0.9590650E+00  0.2000000E-04
 -0.3241338E+00  0.2000000E-04
 -0.5759385E+00  0.2000000E-04
 -0.5661526E+00  0.2000000E-04
 -0.5074394E+00  0.2000000E-04
 -0.5030244E+00  0.2000000E-04
  0.1467043E+00  0.2000000E-04
 -0.1638785E+00  0.2000000E-04
  0.7945577E+00  0.2000000E-04
 -0.5280632E+00  0.2000000E-04
 -0.5256649E+00  0.2000000E-04
 -0.5772703E+00  0.2000000E-04
 -0.5511127E+00  0.2000000E-04
 -0.1182266E+00  0.2000000E-04
  0.1205338E+01  0.2000000E-04
 -0.2467850E+00  0.2000000E-04
 -0.4737477E+00  0.2000000E-04
 -0.4153388E+00  0.2000000E-04
 -0.5411940E+00  0.2000000E-04
  0.9869701E+00  0.2000000E-04
 -0.5710437E+00  0.2000000E-04
 -0.4469947E+00  0.2000000E-04
  0.5176948E+00  0.2000000E-04
 -0.1050121E+00  0.2000000E-04
  0.6135727E+00  0.2000000E-04
  0.5157685E+00  0.2000000E-04
 -0.5318530E+00  0.2000000E-04
 -0.6495129E+00  0.2000000E-04
 -0.6377714E+00  0.2000000E-04
  0.8791668E+00  0.2000000E-04
  0.1013076E+01  0.2000000E-04
 -0.4588968E+00  0.2000000E-04
 -0.5229201E+00  0.2000000E-04
  0.1137072E+01  0.2000000E-04
  0.1143072E+01  0.2000000E-04
  0.8173959E+00  0.2000000E-04
 -0.6368491E+00  0.2000000E-04
 -0.3276217E+00  0.2000000E-04
  0.9705875E+00  0.2000000E-04
  0.1088707E+01  0.2000000E-04
 -0.3875132E+00  0.2000000E-04
 -0.4524516E+00  0.2000000E-04
  0.1040414E+01  0.2000000E-04
  0.3322187E-01  0.2000000E-04
  0.2491248E+00  0.2000000E-04
 -0.6442085E+00  0.2000000E-04
  0.1812356E+00  0.2000000E-04
 -0.5370886E+00  0.2000000E-04
 -0.4986805E+00  0.2000000E-04
 -0.6095434E+00  0.2000000E-04
  0.6124673E+00  0.2000000E-04
 -0.5903323E+00  0.2000000E-04
  0.6520008E+00  0.2000000E-04
 -0.4592052E+00  0.2000000E-04
 -0.5097938E+00  0.2000000E-04
 -0.6003206E+00  0.2000000E-04
  0.5282933E+00  0.2000000E-04
  0.5856544E+00  0.2000000E-04
 -0.5153265E+00  0.2000000E-04
 -0.4870290E+00  0.2000000E-04
 -0.4147899E+00  0.2000000E-04
 -0.5182586E+00  0.2000000E-04
 -0.5768830E+00  0.2000000E-04
  0.5669708E+00  0.2000000E-04
 -0.4760458E+00  0.2000000E-04
 -0.4677918E+00  0.2000000E-04
  0.1138947E+01  0.2000000E-04
  0.1097826E+00  0.2000000E-04
 -0.3640712E+00  0.2000000E-04
 -0.5487069E+00  0.2000000E-04
  0.1110421E+01  0.2000000E-04
 -0.5398121E+00  0.2000000E-04
 -0.5019159E+00  0.2000000E-04
 -0.4696715E+00  0.2000000E-04
 -0.5556560E+00  0.2000000E-04
 -0.1528277E+00  0.2000000E-04
 -0.3513115E+00  0.2000000E-04
 -0.5840399E+00  0.2000000E-04
 -0.5733238E+00  0.2000000E-04
  0.3406040E+00  0.2000000E-04
 -0.2235567E+00  0.2000000E-04
 -0.5426225E+00  0.2000000E-04
 -0.6794779E+00  0.2000000E-04
 -0.5783671E+00  0.2000000E-04
 -0.4781266E+00  0.2000000E-04
 -0.5704547E+00  0.2000000E-04
 -0.1862009E+00  0.2000000E-04
 -0.5602692E+00  0.2000000E-04
 -0.3630810E+00  0.2000000E-04
  0.1150852E+00  0.2000000E-04
 -0.5675393E+00  0.2000000E-04
  0.9874476E+00  0.2000000E-04
 -0.5559893E+00  0.2000000E-04
  0.8868475E-01  0.2000000E-04
 -0.3685801E+00  0.2000000E-04
 -0.4754759E+00  0.2000000E-04
 -0.4883108E+00  0.2000000E-04
  0.4453802E+00  0.2000000E-04
  0.1160758E+00  0.2000000E-04
  0.8501197E+00  0.2000000E-04
 -0.5279223E+00  0.2000000E-04
 -0.6227266E+00  0.2000000E-04
  0.6345608E+00  0.2000000E-04
 -0.2915604E+00  0.2000000E-04
  0.1084555E+00  0.2000000E-04
  0.1013369E+01  0.2000000E-04
 -0.3332873E-01  0.2000000E-04
 -0.3144563E+00  0.2000000E-04
 -0.4186296E+00  0.2000000E-04
  0.5685995E+00  0.2000000E-04
 -0.5298129E+00  0.2000000E-04
 -0.5051933E+00  0.2000000E-04
 -0.5433187E+00  0.2000000E-04
 -0.5387533E+00  0.2000000E-04
  0.6954961E+00  0.2000000E-04
  0.3757843E+00  0.2000000E-04
  0.1160554E+01  0.2000000E-04
  0.1094087E+01  0.2000000E-04
 -0.5863051E+00  0.2000000E-04
 -0.5917979E+00  0.2000000E-04
 -0.3649945E+00  0.2000000E-04
  0.8684716E+00  0.2000000E-04
  0.1023934E+01  0.2000000E-04
 -0.5014505E+00  0.2000000E-04
 -0.2187703E+00  0.2000000E-04
  0.6784335E-02  0.2000000E-04
 -0.5235831E+00  0.2000000E-04
 -0.1277202E+00  0.2000000E-04
  0.1158768E+01  0.2000000E-04
  0.3788133E+00  0.2000000E-04
 -0.3469449E+00  0.2000000E-04
 -0.5320971E+00  0.2000000E-04
  0.7965555E+00  0.2000000E-04
  0.1030948E+01  0.2000000E-04
 -0.4944360E+00  0.2000000E-04
  0.8682317E-01  0.2000000E-04
 -0.5355998E+00  0.2000000E-04
 -0.5392438E+00  0.2000000E-04
 -0.4562150E+00  0.2000000E-04
  0.1160909E+01  0.2000000E-04
 -0.5250728E+00  0.2000000E-04
 -0.5207499E+00  0.2000000E-04
  0.4517164E+00  0.2000000E-04
 -0.4208430E+00  0.2000000E-04
  0.1003485E+01  0.2000000E-04
 -0.6729785E+00  0.2000000E-04
  0.3019888E+00  0.2000000E-04
 -0.5749906E+00  0.2000000E-04
 -0.5153905E+00  0.2000000E-04
 -0.5600388E+00  0.2000000E-04
  0.3275905E+00  0.2000000E-04
  0.6993473E-01  0.2000000E-04
  0.9900634E+00  0.2000000E-04
 -0.5882780E+00  0.2000000E-04
 -0.4881439E+00  0.2000000E-04
 -0.3231185E-01  0.2000000E-04
  0.7621474E+00  0.2000000E-04
 -0.4920136E+00  0.2000000E-04
 -0.4257444E+00  0.2000000E-04
 -0.4487814E+00  0.2000000E-04
 -0.5864053E+00  0.2000000E-04
  0.1907555E+00  0.2000000E-04
  0.1131347E+01  0.2000000E-04
  0.9925349E+00  0.2000000E-04
  0.1049522E+01  0.2000000E-04
  0.7398654E+00  0.2000000E-04
 -0.4756709E+00  0.2000000E-04
 -0.6232883E+00  0.2000000E-04
 -0.5355112E+00  0.2000000E-04
  0.1058132E+01  0.2000000E-04
 -0.5196534E+00  0.2000000E-04
 -0.5256785E+00  0.2000000E-04
 -0.2839772E+00  0.2000000E-04
 -0.5370319E+00  0.2000000E-04
 -0.5461190E+00  0.2000000E-04
 -0.1337617E+00  0.2000000E-04
 -0.5766555E+00  0.2000000E-04
  0.9979398E-01  0.2000000E-04
  0.6709002E+00  0.2000000E-04
  0.1069142E+01  0.2000000E-04
 -0.5606883E+00  0.2000000E-04
  0.5227952E+00  0.2000000E-04
 -0.5307739E+00  0.2000000E-04
 -0.5910535E+00  0.2000000E-04
  0.1026856E+01  0.2000000E-04
 -0.5280822E+00  0.2000000E-04
 -0.5395337E+00  0.2000000E-04
  0.4919158E+00  0.2000000E-04
  0.8401805E+00  0.2000000E-04
 -0.1663536E-01  0.2000000E-04
  0.9668177E+00  0.2000000E-04
  0.7257064E+00  0.2000000E-04
 -0.2951940E+00  0.2000000E-04
  0.1877868E+00  0.2000000E-04
  0.3863014E-01  0.2000000E-04
  0.3513893E-02  0.2000000E-04
  0.7181892E+00  0.2000000E-04
 -0.5108574E+00  0.2000000E-04
  0.4667459E+00  0.2000000E-04
 -0.3656338E+00  0.2000000E-04
 -0.6394206E+00  0.2000000E-04
 -0.5181192E+00  0.2000000E-04
 -0.5436537E+00  0.2000000E-04
  0.2090316E+00  0.2000000E-04
  0.6745363E+00  0.2000000E-04
 -0.3205219E+00  0.2000000E-04
  0.1094015E+01  0.2000000E-04
  0.7686557E+00  0.2000000E-04
  0.1773292E+00  0.2000000E-04
  0.1168555E+01  0.2000000E-04
  0.7553887E+00  0.2000000E-04
  0.9128346E+00  0.2000000E-04
 -0.5492941E+00  0.2000000E-04
  0.1046432E+01  0.2000000E-04
  0.9180092E+00  0.2000000E-04
  0.7987181E-01  0.2000000E-04
  0.8257335E+00  0.2000000E-04
 -0.6084510E+00  0.2000000E-04
 -0.5586711E+00  0.2000000E-04
  0.4143784E-01  0.2000000E-04
  0.1073651E+01  0.2000000E-04
 -0.5158488E+00  0.2000000E-04
 -0.5784571E+00  0.2000000E-04
  0.1097846E+01  0.2000000E-04
  0.4380000E-01  0.2000000E-04
 -0.5097291E+00  0.2000000E-04
 -0.4998330E+00  0.2000000E-04
  0.1091653E+01  0.2000000E-04
  0.1159905E+01  0.2000000E-04
  0.8069891E+00  0.2000000E-04
 -0.4963173E+00  0.2000000E-04
  0.6891312E+00  0.2000000E-04
  0.9767022E+00  0.2000000E-04
 -0.5564624E+00  0.2000000E-04
 -0.2988108E+00  0.2000000E-04
  0.8791326E+00  0.2000000E-04
 -0.2261058E+00  0.2000000E-04
  0.1056681E+01  0.2000000E-04
 -0.3672939E+00  0.2000000E-04
  0.1345201E+00  0.2000000E-04
 -0.6119277E+00  0.2000000E-04
  0.6954166E+00  0.2000000E-04
  0.1163733E+01  0.2000000E-04
  0.1231290E+00  0.2000000E-04
 -0.5174208E+00  0.2000000E-04
 -0.5474157E+00  0.2000000E-04
 -0.2852145E+00  0.2000000E-04
 -0.3848563E+00  0.2000000E-04
  0.5289248E+00  0.2000000E-04
  0.4081508E+00  0.2000000E-04
  0.1048358E+01  0.2000000E-04
  0.9529866E+00  0.2000000E-04
 -0.5544237E+00  0.2000000E-04
 -0.5131890E-01  0.2000000E-04
  0.7677096E+00  0.2000000E-04
 -0.4948510E+00  0.2000000E-04
 -0.2341972E+00  0.2000000E-04
