-4.77837854e-01  1.00000000e-03
 7.48953279e-01  1.00000000e-03
-3.11138983e-01  1.00000000e-03
 9.63859925e-01  1.00000000e-03
-3.82139862e-01  1.00000000e-03
 4.50668796e-01  1.00000000e-03
-5.37328859e-01  1.00000000e-03
 8.14239247e-01  1.00000000e-03
 8.60274186e-01  1.00000000e-03
 9.50808324e-01  1.00000000e-03
 1.01009155e+00  1.00000000e-03
-3.05886504e-01  1.00000000e-03
-1.87640920e-01  1.00000000e-03
-4.81387021e-01  1.00000000e-03
-9.57863242e-02  1.00000000e-03
-6.55712010e-04  1.00000000e-03
-5.70721186e-01  1.00000000e-03
-3.20922940e-01  1.00000000e-03
 7.47917284e-02  1.00000000e-03
-5.06228867e-01  1.00000000e-03
 3.24956782e-01  1.00000000e-03
-5.93576753e-01  1.00000000e-03
-3.07329456e-01  1.00000000e-03
-4.70588050e-01  1.00000000e-03
-4.06020418e-01  1.00000000e-03
 6.75761701e-01  1.00000000e-03
-1.27488810e-01  1.00000000e-03
-3.39467595e-01  1.00000000e-03
 4.55752001e-01  1.00000000e-03
-2.02872710e-01  1.00000000e-03
-3.77402969e-02  1.00000000e-03
 1.01262155e+00  1.00000000e-03
 9.48188282e-01  1.00000000e-03
-5.16239974e-01  1.00000000e-03
-1.00493945e-02  1.00000000e-03
-2.52239502e-03  1.00000000e-03
-2.78406146e-01  1.00000000e-03
 6.70371310e-01  1.00000000e-03
 1.07672438e+00  1.00000000e-03
 2.78111453e-01  1.00000000e-03
-3.83798335e-01  1.00000000e-03
-5.50992139e-01  1.00000000e-03
-2.39268823e-01  1.00000000e-03
 4.46885963e-01  1.00000000e-03
 9.81986887e-01  1.00000000e-03
-3.79432849e-01  1.00000000e-03
-2.05440232e-01  1.00000000e-03
-4.51353300e-01  1.00000000e-03
-4.57077276e-01  1.00000000e-03
-3.53875894e-01  1.00000000e-03
-5.73768629e-01  1.00000000e-03
-5.74275654e-01  1.00000000e-03
-4.91074374e-01  1.00000000e-03
-2.61824663e-01  1.00000000e-03
-4.20190516e-01  1.00000000e-03
 4.15071935e-01  1.00000000e-03
-9.46478490e-02  1.00000000e-03
 4.43162254e-02  1.00000000e-03
 8.19669986e-01  1.00000000e-03
 1.65098279e-01  1.00000000e-03
 1.54166257e-01  1.00000000e-03
-5.41225528e-01  1.00000000e-03
-3.67795532e-01  1.00000000e-03
 1.02770799e+00  1.00000000e-03
-5.15626510e-01  1.00000000e-03
-6.39157434e-02  1.00000000e-03
 5.53560109e-02  1.00000000e-03
-5.72753897e-01  1.00000000e-03
-1.61487981e-01  1.00000000e-03
 1.89266719e-01  1.00000000e-03
-2.76870771e-01  1.00000000e-03
-4.74238976e-01  1.00000000e-03
 9.66460171e-01  1.00000000e-03
-5.29926226e-01  1.00000000e-03
-5.06867013e-01  1.00000000e-03
-1.81845297e-01  1.00000000e-03
-7.79934171e-02  1.00000000e-03
-3.22147975e-01  1.00000000e-03
 1.82342176e-01  1.00000000e-03
 5.07587367e-01  1.00000000e-03
 1.59519311e-01  1.00000000e-03
-1.50362588e-01  1.00000000e-03
-3.02200367e-01  1.00000000e-03
-2.34203992e-02  1.00000000e-03
 6.24818071e-01  1.00000000e-03
-4.18597158e-01  1.00000000e-03
-2.99072056e-01  1.00000000e-03
 1.19146729e-01  1.00000000e-03
-7.61372610e-02  1.00000000e-03
-5.86428881e-01  1.00000000e-03
 1.05247345e+00  1.00000000e-03
-3.49153782e-01  1.00000000e-03
-4.95117250e-01  1.00000000e-03
-3.58666067e-01  1.00000000e-03
-5.31654607e-01  1.00000000e-03
 9.71058426e-02  1.00000000e-03
-3.09497927e-01  1.00000000e-03
-4.31846289e-01  1.00000000e-03
 2.37810634e-01  1.00000000e-03
-4.99096370e-01  1.00000000e-03
 5.25421326e-01  1.00000000e-03
-2.30762065e-01  1.00000000e-03
-4.63120122e-01  1.00000000e-03
-4.33662119e-01  1.00000000e-03
-5.78326192e-01  1.00000000e-03
 5.02520808e-01  1.00000000e-03
-5.19283555e-01  1.00000000e-03
-3.28562598e-01  1.00000000e-03
 2.52702056e-01  1.00000000e-03
 6.59608381e-01  1.00000000e-03
 6.21389275e-02  1.00000000e-03
-4.62363342e-01  1.00000000e-03
 1.95917501e-01  1.00000000e-03
 3.68225098e-01  1.00000000e-03
 7.59836526e-01  1.00000000e-03
 3.40617062e-01  1.00000000e-03
 9.13861823e-01  1.00000000e-03
-4.22485371e-01  1.00000000e-03
 1.23716347e-01  1.00000000e-03
 2.64176889e-01  1.00000000e-03
 6.32818467e-01  1.00000000e-03
-5.41445609e-02  1.00000000e-03
 9.05877024e-01  1.00000000e-03
-5.30503734e-01  1.00000000e-03
 9.97377614e-01  1.00000000e-03
-3.88819982e-01  1.00000000e-03
-5.45608772e-01  1.00000000e-03
 9.74239849e-01  1.00000000e-03
 8.00650940e-01  1.00000000e-03
 1.01514718e+00  1.00000000e-03
-2.74026685e-01  1.00000000e-03
 6.89261383e-01  1.00000000e-03
-4.29717870e-01  1.00000000e-03
 2.74047740e-01  1.00000000e-03
 6.19494729e-01  1.00000000e-03
-2.45841018e-01  1.00000000e-03
-1.30854864e-02  1.00000000e-03
-5.83892985e-01  1.00000000e-03
 6.35489227e-01  1.00000000e-03
-1.66307274e-01  1.00000000e-03
 9.19172750e-01  1.00000000e-03
 5.69390841e-01  1.00000000e-03
 3.74285504e-01  1.00000000e-03
-5.22884648e-01  1.00000000e-03
 5.58965090e-01  1.00000000e-03
 7.62557872e-01  1.00000000e-03
-4.67628036e-01  1.00000000e-03
-5.81867641e-01  1.00000000e-03
 6.22155351e-01  1.00000000e-03
 9.27985664e-02  1.00000000e-03
-5.03659296e-01  1.00000000e-03
-2.75902188e-01  1.00000000e-03
 1.04509570e+00  1.00000000e-03
-5.35640267e-01  1.00000000e-03
-4.69851531e-01  1.00000000e-03
 1.02018512e+00  1.00000000e-03
-3.36887037e-01  1.00000000e-03
-2.14667171e-01  1.00000000e-03
 8.57575917e-01  1.00000000e-03
 1.05736629e+00  1.00000000e-03
-5.37889199e-01  1.00000000e-03
 7.73444132e-01  1.00000000e-03
 7.38075441e-01  1.00000000e-03
-5.90135793e-02  1.00000000e-03
-2.21929681e-01  1.00000000e-03
 2.42929689e-01  1.00000000e-03
 6.16836241e-01  1.00000000e-03
-5.49387602e-01  1.00000000e-03
 4.31525849e-01  1.00000000e-03
 2.02610855e-01  1.00000000e-03
 5.48587169e-01  1.00000000e-03
-1.53788902e-02  1.00000000e-03
 1.93755929e-01  1.00000000e-03
 9.40309616e-01  1.00000000e-03
-5.85413810e-01  1.00000000e-03
-5.88971994e-01  1.00000000e-03
-5.05589028e-01  1.00000000e-03
 8.97871328e-01  1.00000000e-03
 4.61852559e-01  1.00000000e-03
 1.60312056e-01  1.00000000e-03
 8.52175094e-01  1.00000000e-03
 2.99996090e-01  1.00000000e-03
-8.79626951e-02  1.00000000e-03
 7.19060097e-01  1.00000000e-03
 7.46233210e-01  1.00000000e-03
-2.88704449e-02  1.00000000e-03
-5.10660640e-01  1.00000000e-03
-3.42709271e-01  1.00000000e-03
 9.69056940e-01  1.00000000e-03
 3.10206565e-01  1.00000000e-03
-4.54498293e-01  1.00000000e-03
-4.40472212e-01  1.00000000e-03
-5.73261383e-01  1.00000000e-03
-5.65304161e-02  1.00000000e-03
-4.64631627e-01  1.00000000e-03
 4.21260444e-01  1.00000000e-03
 8.38650254e-01  1.00000000e-03
 1.47773213e-01  1.00000000e-03
 8.58890862e-02  1.00000000e-03
 3.41622685e-01  1.00000000e-03
-5.77820245e-01  1.00000000e-03
-2.80433978e-01  1.00000000e-03
-1.93182551e-01  1.00000000e-03
-4.99753420e-01  1.00000000e-03
 4.00368235e-01  1.00000000e-03
-3.63354693e-01  1.00000000e-03
 4.51918645e-01  1.00000000e-03
-5.58895913e-01  1.00000000e-03
-2.62782924e-01  1.00000000e-03
-2.18774703e-01  1.00000000e-03
-3.79853520e-01  1.00000000e-03
-4.48096332e-01  1.00000000e-03
-5.21090988e-01  1.00000000e-03
-3.81562183e-01  1.00000000e-03
-3.31798741e-01  1.00000000e-03
-2.87027217e-01  1.00000000e-03
 9.92263150e-01  1.00000000e-03
 4.45598576e-01  1.00000000e-03
-8.54737131e-02  1.00000000e-03
 2.17496828e-01  1.00000000e-03
-5.18677979e-01  1.00000000e-03
-3.56275953e-01  1.00000000e-03
-4.75684632e-01  1.00000000e-03
 2.53981607e-01  1.00000000e-03
-2.20475692e-01  1.00000000e-03
-3.98020632e-01  1.00000000e-03
-4.49327479e-01  1.00000000e-03
-1.32001552e-01  1.00000000e-03
 8.92523248e-01  1.00000000e-03
-4.10555905e-02  1.00000000e-03
-5.67661817e-01  1.00000000e-03
-3.70117017e-01  1.00000000e-03
 9.24473393e-01  1.00000000e-03
 2.22844694e-02  1.00000000e-03
-4.66883265e-01  1.00000000e-03
-5.88462661e-01  1.00000000e-03
-5.87953706e-01  1.00000000e-03
-1.41228733e-01  1.00000000e-03
 1.07164818e-01  1.00000000e-03
 3.63028181e-01  1.00000000e-03
-4.20543776e-01  1.00000000e-03
 2.39276330e-02  1.00000000e-03
-5.57329703e-01  1.00000000e-03
 6.73065792e-01  1.00000000e-03
-3.00726402e-01  1.00000000e-03
-1.90660591e-01  1.00000000e-03
-5.15011447e-01  1.00000000e-03
 1.35289080e-01  1.00000000e-03
 2.23864371e-01  1.00000000e-03
-1.59814963e-01  1.00000000e-03
-5.17462131e-01  1.00000000e-03
-5.25255162e-01  1.00000000e-03
 5.86047257e-02  1.00000000e-03
 2.79343860e-01  1.00000000e-03
 1.53351672e-01  1.00000000e-03
-7.54051345e-03  1.00000000e-03
 7.13633586e-01  1.00000000e-03
-4.26630230e-02  1.00000000e-03
 5.46000396e-01  1.00000000e-03
-2.85190622e-01  1.00000000e-03
-3.37371259e-01  1.00000000e-03
-5.92549810e-01  1.00000000e-03
 9.08541011e-01  1.00000000e-03
 9.58649209e-01  1.00000000e-03
-5.65613714e-01  1.00000000e-03
-2.36727720e-01  1.00000000e-03
 3.89227940e-01  1.00000000e-03
 1.02935254e-01  1.00000000e-03
 9.79408252e-01  1.00000000e-03
 2.69524325e-02  1.00000000e-03
-5.21690394e-01  1.00000000e-03
 1.16162421e-01  1.00000000e-03
-2.51594167e-01  1.00000000e-03
-3.19090820e-01  1.00000000e-03
 8.16954989e-01  1.00000000e-03
 4.66457132e-02  1.00000000e-03
 2.88549566e-01  1.00000000e-03
-2.24470255e-01  1.00000000e-03
-4.61601902e-01  1.00000000e-03
 4.97464629e-01  1.00000000e-03
-4.01892308e-01  1.00000000e-03
-1.38801840e-01  1.00000000e-03
 7.02791208e-01  1.00000000e-03
-5.08138246e-01  1.00000000e-03
-2.30045866e-01  1.00000000e-03
-5.04304247e-01  1.00000000e-03
-1.64564054e-01  1.00000000e-03
-3.58066386e-01  1.00000000e-03
-5.60455667e-01  1.00000000e-03
 3.03788747e-02  1.00000000e-03
-3.34374761e-01  1.00000000e-03
 2.97185682e-02  1.00000000e-03
 1.05001928e+00  1.00000000e-03
-6.04043787e-02  1.00000000e-03
 1.33940220e-01  1.00000000e-03
-4.44309292e-01  1.00000000e-03
 8.41357637e-01  1.00000000e-03
-5.64586691e-01  1.00000000e-03
-1.71750303e-01  1.00000000e-03
-4.94447888e-01  1.00000000e-03
 6.58443080e-02  1.00000000e-03
 1.04756002e+00  1.00000000e-03
 1.03269998e+00  1.00000000e-03
-5.46151717e-01  1.00000000e-03
-5.94091128e-01  1.00000000e-03
-1.69817020e-01  1.00000000e-03
-8.70297204e-02  1.00000000e-03
-5.79843833e-01  1.00000000e-03
-4.89028741e-01  1.00000000e-03
-3.77060293e-01  1.00000000e-03
-4.72054828e-01  1.00000000e-03
 7.99794003e-02  1.00000000e-03
-1.96699068e-01  1.00000000e-03
-5.41777408e-01  1.00000000e-03
 4.10746980e-01  1.00000000e-03
 9.16518547e-01  1.00000000e-03
-3.86466650e-01  1.00000000e-03
-1.79582984e-01  1.00000000e-03
 6.40836478e-01  1.00000000e-03
 9.21824382e-01  1.00000000e-03
 5.94039802e-02  1.00000000e-03
-3.86386032e-02  1.00000000e-03
 1.42920939e-01  1.00000000e-03
 5.27982290e-01  1.00000000e-03
 4.75184624e-01  1.00000000e-03
 9.90864132e-02  1.00000000e-03
-1.37268338e-01  1.00000000e-03
 3.89962310e-01  1.00000000e-03
-5.02364245e-01  1.00000000e-03
-4.65385945e-01  1.00000000e-03
-4.37247497e-01  1.00000000e-03
-4.10645895e-01  1.00000000e-03
 2.43853324e-01  1.00000000e-03
 2.27689562e-01  1.00000000e-03
 9.94822396e-01  1.00000000e-03
 5.82486909e-01  1.00000000e-03
-5.59416528e-01  1.00000000e-03
-4.88343245e-01  1.00000000e-03
-3.05478460e-01  1.00000000e-03
 6.27482854e-01  1.00000000e-03
-3.65040413e-01  1.00000000e-03
-5.38448294e-01  1.00000000e-03
-2.88643687e-01  1.00000000e-03
 5.64172119e-01  1.00000000e-03
 1.38378165e-01  1.00000000e-03
-5.10032536e-01  1.00000000e-03
-4.46055639e-01  1.00000000e-03
-4.08091996e-01  1.00000000e-03
-7.18896054e-02  1.00000000e-03
 5.33114134e-01  1.00000000e-03
-2.33928742e-01  1.00000000e-03
 5.90376817e-01  1.00000000e-03
 5.72004499e-01  1.00000000e-03
-4.76488021e-02  1.00000000e-03
-9.13566483e-02  1.00000000e-03
 9.89699926e-01  1.00000000e-03
 4.05592258e-01  1.00000000e-03
 7.43513519e-01  1.00000000e-03
 1.76871254e-01  1.00000000e-03
-2.23423559e-01  1.00000000e-03
-3.50974920e-01  1.00000000e-03
 3.04165273e-01  1.00000000e-03
-4.14653901e-01  1.00000000e-03
 5.30546576e-01  1.00000000e-03
 5.77240224e-01  1.00000000e-03
-3.08956915e-02  1.00000000e-03
-2.25044942e-01  1.00000000e-03
 4.56893697e-01  1.00000000e-03
-5.57852516e-01  1.00000000e-03
-5.28767018e-01  1.00000000e-03
-4.99766532e-03  1.00000000e-03
 7.70722520e-01  1.00000000e-03
-2.08278623e-02  1.00000000e-03
-3.60973130e-01  1.00000000e-03
 6.08873945e-01  1.00000000e-03
 8.71051862e-01  1.00000000e-03
-4.71322570e-01  1.00000000e-03
-5.71229816e-01  1.00000000e-03
 2.12641429e-01  1.00000000e-03
 2.38798632e-01  1.00000000e-03
-9.72568097e-02  1.00000000e-03
 1.02269734e+00  1.00000000e-03
-4.03974550e-01  1.00000000e-03
-2.96327115e-01  1.00000000e-03
 8.03369731e-01  1.00000000e-03
-5.01062299e-01  1.00000000e-03
-2.42214644e-01  1.00000000e-03
-3.45846387e-01  1.00000000e-03
-4.90394300e-01  1.00000000e-03
-4.84191841e-01  1.00000000e-03
-5.40672474e-01  1.00000000e-03
 4.88191876e-02  1.00000000e-03
-4.93776752e-01  1.00000000e-03
-5.26431563e-01  1.00000000e-03
-4.02306428e-01  1.00000000e-03
-1.97181050e-01  1.00000000e-03
 6.67678292e-01  1.00000000e-03
-2.99543142e-01  1.00000000e-03
 6.43512900e-01  1.00000000e-03
-5.75289117e-01  1.00000000e-03
-5.63557507e-01  1.00000000e-03
 1.70006645e-01  1.00000000e-03
 7.05622487e-02  1.00000000e-03
 8.89846072e-01  1.00000000e-03
-2.10739117e-01  1.00000000e-03
-5.69702914e-01  1.00000000e-03
-4.63879619e-01  1.00000000e-03
 8.33232193e-01  1.00000000e-03
 1.54572287e-02  1.00000000e-03
-3.53399886e-01  1.00000000e-03
-7.01928987e-02  1.00000000e-03
 7.87050735e-01  1.00000000e-03
-4.56105995e-01  1.00000000e-03
 2.29084088e-01  1.00000000e-03
 3.94449427e-01  1.00000000e-03
 6.00932170e-01  1.00000000e-03
-3.97642571e-01  1.00000000e-03
-1.68222153e-01  1.00000000e-03
 3.69095192e-01  1.00000000e-03
-8.98591396e-02  1.00000000e-03
-3.99737461e-01  1.00000000e-03
 1.32343220e-01  1.00000000e-03
 1.92715771e-02  1.00000000e-03
 2.84368120e-01  1.00000000e-03
 3.36363922e-01  1.00000000e-03
-5.39562801e-01  1.00000000e-03
 1.11866580e-01  1.00000000e-03
-1.34493341e-01  1.00000000e-03
-5.89991882e-01  1.00000000e-03
-3.62630993e-01  1.00000000e-03
-4.57712222e-01  1.00000000e-03
-4.55608062e-01  1.00000000e-03
 3.52778685e-02  1.00000000e-03
-4.97777026e-01  1.00000000e-03
-5.64072377e-01  1.00000000e-03
-1.39959362e-01  1.00000000e-03
 1.29188444e-01  1.00000000e-03
-4.86966793e-01  1.00000000e-03
 4.25316468e-01  1.00000000e-03
-5.78832092e-01  1.00000000e-03
 5.38259018e-01  1.00000000e-03
-4.52572222e-01  1.00000000e-03
-5.27602156e-01  1.00000000e-03
-3.41423702e-01  1.00000000e-03
-2.28397425e-01  1.00000000e-03
-3.69622064e-01  1.00000000e-03
-5.33370718e-01  1.00000000e-03
 1.41127974e-02  1.00000000e-03
 7.97931673e-01  1.00000000e-03
-1.35420107e-01  1.00000000e-03
-3.77595104e-01  1.00000000e-03
-5.43973449e-01  1.00000000e-03
 8.73742191e-01  1.00000000e-03
 1.69099802e-01  1.00000000e-03
-2.90033480e-01  1.00000000e-03
-4.46062304e-02  1.00000000e-03
-4.26298105e-01  1.00000000e-03
 9.56038838e-01  1.00000000e-03
 8.24009042e-02  1.00000000e-03
 8.62970963e-01  1.00000000e-03
-4.42120482e-01  1.00000000e-03
-3.56593435e-02  1.00000000e-03
-2.17358882e-01  1.00000000e-03
 2.00457228e-01  1.00000000e-03
-1.52874088e-01  1.00000000e-03
-2.11912641e-01  1.00000000e-03
 2.83439874e-01  1.00000000e-03
 1.10032265e-01  1.00000000e-03
-5.80349714e-01  1.00000000e-03
 9.84561744e-01  1.00000000e-03
 3.62293449e-02  1.00000000e-03
 3.20876191e-01  1.00000000e-03
 7.08210519e-01  1.00000000e-03
 1.28045800e-01  1.00000000e-03
 3.30201979e-01  1.00000000e-03
 3.84743880e-01  1.00000000e-03
-5.47234443e-01  1.00000000e-03
 4.60780345e-01  1.00000000e-03
 8.68359849e-01  1.00000000e-03
-4.38751478e-01  1.00000000e-03
-5.62009388e-01  1.00000000e-03
-5.85921212e-01  1.00000000e-03
-5.50458250e-01  1.00000000e-03
-3.24418717e-01  1.00000000e-03
 6.48871163e-01  1.00000000e-03
-2.03552291e-01  1.00000000e-03
 4.80040726e-01  1.00000000e-03
-2.76010845e-02  1.00000000e-03
 6.81157658e-01  1.00000000e-03
-5.84906652e-01  1.00000000e-03
 1.80111950e-01  1.00000000e-03
-3.32597575e-01  1.00000000e-03
-3.14546996e-01  1.00000000e-03
-3.75282074e-01  1.00000000e-03
-9.88271852e-02  1.00000000e-03
 7.68000911e-01  1.00000000e-03
 6.78459002e-01  1.00000000e-03
 1.04262637e+00  1.00000000e-03
 7.27205632e-01  1.00000000e-03
-5.24072881e-01  1.00000000e-03
 1.03767290e+00  1.00000000e-03
 5.40836295e-01  1.00000000e-03
 5.43416762e-01  1.00000000e-03
 4.98360675e-02  1.00000000e-03
 4.30440373e-01  1.00000000e-03
-5.78155842e-02  1.00000000e-03
-5.67150492e-01  1.00000000e-03
-5.65100465e-01  1.00000000e-03
-1.58177600e-01  1.00000000e-03
 5.10126079e-01  1.00000000e-03
 5.98289647e-01  1.00000000e-03
-4.68371782e-01  1.00000000e-03
-5.23752538e-02  1.00000000e-03
 2.32603284e-01  1.00000000e-03
-4.24403894e-01  1.00000000e-03
-5.80855628e-01  1.00000000e-03
 1.99826601e-01  1.00000000e-03
-2.90571513e-01  1.00000000e-03
-5.01714137e-01  1.00000000e-03
 1.00915823e-02  1.00000000e-03
-4.72785006e-01  1.00000000e-03
 9.87132774e-01  1.00000000e-03
-7.32487726e-02  1.00000000e-03
-1.55103242e-01  1.00000000e-03
-4.90322034e-02  1.00000000e-03
-1.57001386e-01  1.00000000e-03
 7.05500375e-01  1.00000000e-03
 9.42938877e-01  1.00000000e-03
 4.99999748e-01  1.00000000e-03
-4.93103837e-01  1.00000000e-03
-3.26647318e-01  1.00000000e-03
 6.91965086e-01  1.00000000e-03
 4.92414366e-01  1.00000000e-03
 4.89947211e-01  1.00000000e-03
 8.84485692e-01  1.00000000e-03
-5.54703883e-01  1.00000000e-03
 2.68970344e-01  1.00000000e-03
-4.08622114e-01  1.00000000e-03
-3.26048760e-01  1.00000000e-03
-5.58374581e-01  1.00000000e-03
 4.70402539e-01  1.00000000e-03
 2.47828282e-02  1.00000000e-03
-1.76028894e-01  1.00000000e-03
-5.44519650e-01  1.00000000e-03
-5.90502484e-01  1.00000000e-03
-5.52588233e-01  1.00000000e-03
-1.73259855e-01  1.00000000e-03
 4.40543852e-01  1.00000000e-03
-5.94606137e-01  1.00000000e-03
-5.72246153e-01  1.00000000e-03
 5.79862215e-01  1.00000000e-03
-2.37494991e-01  1.00000000e-03
-5.23479513e-01  1.00000000e-03
 5.21259744e-02  1.00000000e-03
-4.47697572e-01  1.00000000e-03
-5.61492125e-01  1.00000000e-03
 6.31586002e-02  1.00000000e-03
 6.54236416e-01  1.00000000e-03
-5.43426136e-01  1.00000000e-03
 8.11522805e-01  1.00000000e-03
 3.59386018e-01  1.00000000e-03
-3.16164084e-01  1.00000000e-03
-5.69193235e-01  1.00000000e-03
-4.25951818e-01  1.00000000e-03
-8.11406150e-02  1.00000000e-03
-5.36767265e-01  1.00000000e-03
 2.94854865e-01  1.00000000e-03
 4.66903867e-01  1.00000000e-03
 9.03210714e-01  1.00000000e-03
-3.95898339e-01  1.00000000e-03
-5.56281771e-01  1.00000000e-03
-4.54126374e-01  1.00000000e-03
-1.77783505e-01  1.00000000e-03
-5.07503471e-01  1.00000000e-03
 7.24489737e-01  1.00000000e-03
-6.27417006e-02  1.00000000e-03
-1.44279078e-01  1.00000000e-03
-5.13776494e-01  1.00000000e-03
-5.76301925e-01  1.00000000e-03
 4.28536803e-03  1.00000000e-03
-5.13156590e-01  1.00000000e-03
-4.30019224e-01  1.00000000e-03
-3.55663554e-01  1.00000000e-03
-5.24664761e-01  1.00000000e-03
 1.13608405e-02  1.00000000e-03
 4.04823555e-01  1.00000000e-03
 9.27119733e-01  1.00000000e-03
 4.35505995e-01  1.00000000e-03
-1.47904739e-01  1.00000000e-03
-2.56879678e-01  1.00000000e-03
 5.17758298e-01  1.00000000e-03
-2.00657816e-01  1.00000000e-03
 5.22863640e-01  1.00000000e-03
 7.81608557e-01  1.00000000e-03
-2.69371135e-01  1.00000000e-03
-5.14394777e-01  1.00000000e-03
-2.52185744e-01  1.00000000e-03
-5.39006158e-01  1.00000000e-03
-5.92037194e-01  1.00000000e-03
-5.89481727e-01  1.00000000e-03
-2.59775138e-01  1.00000000e-03
-2.49558088e-01  1.00000000e-03
-5.12535060e-01  1.00000000e-03
-3.47482131e-01  1.00000000e-03
-3.95488340e-01  1.00000000e-03
-3.11945631e-01  1.00000000e-03
 6.83232678e-03  1.00000000e-03
 3.78766124e-01  1.00000000e-03
-4.28171575e-01  1.00000000e-03
-4.04408352e-01  1.00000000e-03
 1.04015209e+00  1.00000000e-03
 5.05055363e-01  1.00000000e-03
 9.02309391e-02  1.00000000e-03
 8.81802586e-01  1.00000000e-03
-5.00408729e-01  1.00000000e-03
 8.35941757e-01  1.00000000e-03
 1.06223818e+00  1.00000000e-03
-2.96823131e-01  1.00000000e-03
-4.33392622e-01  1.00000000e-03
 3.09328322e-01  1.00000000e-03
-5.74782477e-01  1.00000000e-03
 6.38161909e-01  1.00000000e-03
-5.40118236e-01  1.00000000e-03
 6.03577086e-01  1.00000000e-03
 4.36660883e-01  1.00000000e-03
-4.12222652e-01  1.00000000e-03
 1.01766839e+00  1.00000000e-03
-5.20490052e-01  1.00000000e-03
 2.22879806e-01  1.00000000e-03
 2.14199256e-03  1.00000000e-03
 4.20173360e-01  1.00000000e-03
-5.79337966e-01  1.00000000e-03
-5.63042062e-01  1.00000000e-03
-3.03413823e-01  1.00000000e-03
-7.48779678e-02  1.00000000e-03
-5.71738132e-01  1.00000000e-03
 4.84967586e-01  1.00000000e-03
-3.51498436e-01  1.00000000e-03
-3.91583929e-01  1.00000000e-03
-3.34848412e-01  1.00000000e-03
 9.32404201e-01  1.00000000e-03
 2.73099193e-01  1.00000000e-03
-4.95784840e-01  1.00000000e-03
-3.86130927e-01  1.00000000e-03
 9.99928755e-01  1.00000000e-03
-3.48245484e-02  1.00000000e-03
-3.19012453e-02  1.00000000e-03
-5.29347324e-01  1.00000000e-03
 8.87166870e-01  1.00000000e-03
-1.83849771e-01  1.00000000e-03
 7.51673687e-01  1.00000000e-03
-2.53491626e-01  1.00000000e-03
 1.02520498e+00  1.00000000e-03
-5.54176264e-01  1.00000000e-03
 6.86558885e-01  1.00000000e-03
-5.32227994e-01  1.00000000e-03
-4.98437573e-01  1.00000000e-03
-4.43517606e-01  1.00000000e-03
-5.93062989e-01  1.00000000e-03
-2.39967427e-01  1.00000000e-03
-5.77314231e-01  1.00000000e-03
 7.97705546e-03  1.00000000e-03
 9.44381182e-02  1.00000000e-03
 3.14395271e-01  1.00000000e-03
-5.66638711e-01  1.00000000e-03
 1.00501860e+00  1.00000000e-03
 3.45876246e-01  1.00000000e-03
-2.59055290e-01  1.00000000e-03
 2.93558074e-01  1.00000000e-03
 5.51177054e-01  1.00000000e-03
 8.54876204e-01  1.00000000e-03
-5.70212225e-01  1.00000000e-03
 4.77190146e-01  1.00000000e-03
-6.57525681e-02  1.00000000e-03
-4.78551597e-01  1.00000000e-03
 7.58702648e-02  1.00000000e-03
-5.51525090e-01  1.00000000e-03
 4.11821317e-02  1.00000000e-03
 5.93011932e-01  1.00000000e-03
-5.17254757e-02  1.00000000e-03
-2.67734374e-01  1.00000000e-03
-4.92429138e-01  1.00000000e-03
-4.44864403e-01  1.00000000e-03
 3.73509184e-01  1.00000000e-03
-4.80681067e-01  1.00000000e-03
-3.72331896e-01  1.00000000e-03
 7.10921603e-01  1.00000000e-03
-5.86936838e-01  1.00000000e-03
-5.45064754e-01  1.00000000e-03
-4.00226219e-01  1.00000000e-03
 3.83991163e-01  1.00000000e-03
 3.19607586e-01  1.00000000e-03
 1.73182598e-01  1.00000000e-03
 6.94669959e-01  1.00000000e-03
-4.06539657e-01  1.00000000e-03
 1.20541043e-01  1.00000000e-03
-4.59286650e-01  1.00000000e-03
-1.46178127e-01  1.00000000e-03
-5.84399718e-01  1.00000000e-03
 1.64015506e-01  1.00000000e-03
 4.16037376e-01  1.00000000e-03
 5.12666278e-01  1.00000000e-03
 5.56366045e-01  1.00000000e-03
 8.30521608e-01  1.00000000e-03
-4.49746898e-01  1.00000000e-03
 2.07016138e-01  1.00000000e-03
-5.75795593e-01  1.00000000e-03
 1.05802065e-01  1.00000000e-03
-3.17124301e-01  1.00000000e-03
-6.27365725e-03  1.00000000e-03
 5.66780036e-01  1.00000000e-03
-5.09402773e-01  1.00000000e-03
-2.70803446e-01  1.00000000e-03
-3.60295784e-01  1.00000000e-03
-3.08820919e-01  1.00000000e-03
-5.76808131e-01  1.00000000e-03
 4.82291845e-01  1.00000000e-03
-3.30816857e-01  1.00000000e-03
 3.79502031e-01  1.00000000e-03
 1.90080435e-01  1.00000000e-03
-3.73658601e-01  1.00000000e-03
 5.20309374e-01  1.00000000e-03
 4.10030784e-01  1.00000000e-03
-2.93930938e-01  1.00000000e-03
-3.88132095e-01  1.00000000e-03
-5.82373781e-01  1.00000000e-03
-2.43017165e-01  1.00000000e-03
 1.05492247e+00  1.00000000e-03
-1.07179038e-01  1.00000000e-03
 2.59322085e-01  1.00000000e-03
-1.00614905e-01  1.00000000e-03
-1.85055068e-01  1.00000000e-03
-4.46423574e-01  1.00000000e-03
-2.54862965e-01  1.00000000e-03
-4.89712424e-01  1.00000000e-03
 4.87361346e-01  1.00000000e-03
 3.51936001e-01  1.00000000e-03
-5.48313036e-01  1.00000000e-03
 7.29922189e-01  1.00000000e-03
-2.57457034e-01  1.00000000e-03
-4.73513032e-01  1.00000000e-03
-1.62474608e-01  1.00000000e-03
 8.27810049e-01  1.00000000e-03
 4.94961760e-01  1.00000000e-03
 8.49027386e-02  1.00000000e-03
-4.77122124e-01  1.00000000e-03
 6.82048534e-02  1.00000000e-03
 1.05980488e+00  1.00000000e-03
 1.06950589e+00  1.00000000e-03
 8.25097561e-01  1.00000000e-03
-3.65568872e-01  1.00000000e-03
-4.52923866e-01  1.00000000e-03
 3.95172384e-01  1.00000000e-03
-4.96450664e-01  1.00000000e-03
-3.91050177e-01  1.00000000e-03
-4.84888355e-01  1.00000000e-03
-5.68172705e-01  1.00000000e-03
-4.36968371e-01  1.00000000e-03
-2.13684668e-01  1.00000000e-03
-5.91525116e-01  1.00000000e-03
 1.06708873e+00  1.00000000e-03
-2.44540867e-01  1.00000000e-03
 1.24847005e-01  1.00000000e-03
-5.33940076e-01  1.00000000e-03
 8.76430787e-01  1.00000000e-03
 1.01801639e-01  1.00000000e-03
-5.04947490e-01  1.00000000e-03
-4.69112517e-01  1.00000000e-03
-4.86275822e-01  1.00000000e-03
 5.74620972e-01  1.00000000e-03
 7.21774545e-01  1.00000000e-03
-5.11911895e-01  1.00000000e-03
-1.89144465e-01  1.00000000e-03
-2.79700772e-01  1.00000000e-03
 7.76165704e-01  1.00000000e-03
 7.35357134e-01  1.00000000e-03
 9.37677383e-01  1.00000000e-03
-3.23781517e-01  1.00000000e-03
 1.00247577e+00  1.00000000e-03
 9.45565116e-01  1.00000000e-03
-6.69735184e-02  1.00000000e-03
 3.82832513e-02  1.00000000e-03
 5.95649554e-01  1.00000000e-03
-4.24044355e-01  1.00000000e-03
-5.31079857e-01  1.00000000e-03
-4.82793206e-01  1.00000000e-03
 8.87585063e-02  1.00000000e-03
-2.85980251e-01  1.00000000e-03
 1.49913604e-01  1.00000000e-03
-4.83493462e-01  1.00000000e-03
 6.46191140e-01  1.00000000e-03
 5.61567125e-01  1.00000000e-03
-2.09140330e-01  1.00000000e-03
-4.40728288e-01  1.00000000e-03
-1.76901044e-01  1.00000000e-03
-4.50956890e-01  1.00000000e-03
 5.42412780e-02  1.00000000e-03
-3.67409240e-01  1.00000000e-03
-5.52057116e-01  1.00000000e-03
-5.53118453e-01  1.00000000e-03
-5.27017581e-01  1.00000000e-03
-5.91013554e-01  1.00000000e-03
 7.40794249e-01  1.00000000e-03
 3.63789205e-01  1.00000000e-03
-2.47306117e-01  1.00000000e-03
-2.82294330e-01  1.00000000e-03
-3.93756659e-01  1.00000000e-03
-2.92358473e-01  1.00000000e-03
-4.35191120e-01  1.00000000e-03
-2.71294899e-01  1.00000000e-03
-4.16640982e-01  1.00000000e-03
 9.76825889e-01  1.00000000e-03
-8.41076926e-02  1.00000000e-03
 7.84329752e-01  1.00000000e-03
 6.30149664e-01  1.00000000e-03
-3.89568678e-01  1.00000000e-03
-2.15900743e-01  1.00000000e-03
-4.87655931e-01  1.00000000e-03
-5.49923409e-01  1.00000000e-03
-5.46693603e-01  1.00000000e-03
-1.16594747e-02  1.00000000e-03
 2.47781090e-01  1.00000000e-03
-3.45156650e-01  1.00000000e-03
 7.92491890e-01  1.00000000e-03
 1.07432376e+00  1.00000000e-03
 8.44063860e-01  1.00000000e-03
 3.99659293e-01  1.00000000e-03
 6.06224357e-01  1.00000000e-03
 9.29763353e-01  1.00000000e-03
 6.14179924e-01  1.00000000e-03
 3.35428649e-01  1.00000000e-03
 1.03518885e+00  1.00000000e-03
-5.18070840e-01  1.00000000e-03
 4.26407137e-01  1.00000000e-03
 1.56155085e-01  1.00000000e-03
-5.19887577e-01  1.00000000e-03
 5.53770022e-01  1.00000000e-03
-2.39408382e-02  1.00000000e-03
-5.03012630e-01  1.00000000e-03
-2.95412731e-01  1.00000000e-03
 6.64986774e-01  1.00000000e-03
 1.44931421e-01  1.00000000e-03
-5.83386432e-01  1.00000000e-03
 1.03020635e+00  1.00000000e-03
-5.56806126e-01  1.00000000e-03
-2.27064237e-01  1.00000000e-03
-4.10171584e-01  1.00000000e-03
 8.22384192e-01  1.00000000e-03
 2.75859407e-03  1.00000000e-03
-3.13819414e-01  1.00000000e-03
-5.55230664e-01  1.00000000e-03
-2.35495683e-01  1.00000000e-03
-5.81361597e-01  1.00000000e-03
-2.32507461e-01  1.00000000e-03
-4.60082112e-01  1.00000000e-03
-2.52179420e-02  1.00000000e-03
-3.39917904e-01  1.00000000e-03
-2.48849136e-01  1.00000000e-03
 7.57115352e-01  1.00000000e-03
-3.93307671e-01  1.00000000e-03
-4.31570332e-01  1.00000000e-03
 7.90892713e-02  1.00000000e-03
-4.97114724e-01  1.00000000e-03
 7.32639370e-01  1.00000000e-03
 8.65666200e-01  1.00000000e-03
-4.12650502e-01  1.00000000e-03
 2.06241642e-01  1.00000000e-03
 2.62931779e-01  1.00000000e-03
-4.74962831e-01  1.00000000e-03
-1.98959384e-01  1.00000000e-03
 5.85114267e-01  1.00000000e-03
 6.11525813e-01  1.00000000e-03
 1.86966246e-01  1.00000000e-03
-6.80360152e-02  1.00000000e-03
-3.71942380e-01  1.00000000e-03
-2.73192424e-01  1.00000000e-03
-3.43302387e-01  1.00000000e-03
 5.87744249e-01  1.00000000e-03
 7.89771462e-01  1.00000000e-03
 3.15541267e-01  1.00000000e-03
 7.25404996e-02  1.00000000e-03
-1.42406248e-01  1.00000000e-03
-4.58570210e-01  1.00000000e-03
-4.38982570e-01  1.00000000e-03
 6.56921577e-01  1.00000000e-03
-4.16238672e-01  1.00000000e-03
 6.51552933e-01  1.00000000e-03
-3.29284434e-01  1.00000000e-03
 2.48883630e-01  1.00000000e-03
 4.24384238e-02  1.00000000e-03
 2.18991220e-01  1.00000000e-03
 9.00542132e-01  1.00000000e-03
 2.98879913e-01  1.00000000e-03
 6.62296791e-01  1.00000000e-03
-4.66134424e-01  1.00000000e-03
-5.48850815e-01  1.00000000e-03
-5.59936441e-01  1.00000000e-03
-5.08771345e-01  1.00000000e-03
-5.42328128e-01  1.00000000e-03
-1.60913395e-02  1.00000000e-03
 9.35042228e-01  1.00000000e-03
 9.53425193e-01  1.00000000e-03
 7.65279348e-01  1.00000000e-03
 4.72048237e-01  1.00000000e-03
 1.79371651e-02  1.00000000e-03
 3.51197207e-01  1.00000000e-03
-5.22288278e-01  1.00000000e-03
 4.65644901e-01  1.00000000e-03
 2.89467683e-01  1.00000000e-03
-1.83347091e-02  1.00000000e-03
-5.55756622e-01  1.00000000e-03
 8.06088002e-01  1.00000000e-03
-5.25844093e-01  1.00000000e-03
-5.32800027e-01  1.00000000e-03
-4.14237460e-01  1.00000000e-03
-4.60798111e-02  1.00000000e-03
-5.36204405e-01  1.00000000e-03
-2.07259095e-01  1.00000000e-03
-3.74840502e-01  1.00000000e-03
-1.02050914e-01  1.00000000e-03
 2.57584600e-01  1.00000000e-03
-1.91465872e-01  1.00000000e-03
-5.82880038e-01  1.00000000e-03
-5.53647792e-01  1.00000000e-03
-1.95096450e-01  1.00000000e-03
-7.95375637e-02  1.00000000e-03
-5.11287091e-01  1.00000000e-03
 1.14630283e-01  1.00000000e-03
-4.82091063e-01  1.00000000e-03
 3.57453012e-01  1.00000000e-03
-2.67187032e-01  1.00000000e-03
-5.16851845e-01  1.00000000e-03
-2.65307496e-01  1.00000000e-03
 8.49472636e-01  1.00000000e-03
 3.25964143e-01  1.00000000e-03
-5.42877700e-01  1.00000000e-03
 7.00083058e-01  1.00000000e-03
-5.28185299e-01  1.00000000e-03
 1.06466614e+00  1.00000000e-03
 3.46848418e-01  1.00000000e-03
 3.55742688e-01  1.00000000e-03
-5.34508113e-01  1.00000000e-03
 3.24080991e-02  1.00000000e-03
 3.31149278e-01  1.00000000e-03
 4.41796517e-01  1.00000000e-03
 6.83857631e-01  1.00000000e-03
-5.35074840e-01  1.00000000e-03
-5.47774249e-01  1.00000000e-03
-2.82952674e-01  1.00000000e-03
 7.78887193e-01  1.00000000e-03
 9.11202628e-01  1.00000000e-03
-4.85583012e-01  1.00000000e-03
 2.13629157e-01  1.00000000e-03
 1.00755721e+00  1.00000000e-03
-3.84370442e-01  1.00000000e-03
-1.53742697e-01  1.00000000e-03
 1.75483716e-01  1.00000000e-03
-3.18690975e-01  1.00000000e-03
 1.83561354e-01  1.00000000e-03
 9.71650183e-01  1.00000000e-03
-4.18230686e-01  1.00000000e-03
 9.61256255e-01  1.00000000e-03
-4.27842077e-01  1.00000000e-03
-4.91752652e-01  1.00000000e-03
-4.76404388e-01  1.00000000e-03
-3.48412588e-01  1.00000000e-03
 2.33964662e-01  1.00000000e-03
-2.06043797e-01  1.00000000e-03
 7.95211975e-01  1.00000000e-03
 8.08805708e-01  1.00000000e-03
-5.62526028e-01  1.00000000e-03
 7.54394392e-01  1.00000000e-03
 8.46768875e-01  1.00000000e-03
 1.07191758e+00  1.00000000e-03
 5.15210886e-01  1.00000000e-03
-5.68683172e-01  1.00000000e-03
-4.79973189e-01  1.00000000e-03
-5.87445106e-01  1.00000000e-03
-5.60974223e-01  1.00000000e-03
 3.05046916e-01  1.00000000e-03
 5.35684958e-01  1.00000000e-03
-9.26227589e-02  1.00000000e-03
-1.72515549e-01  1.00000000e-03
 2.09634182e-01  1.00000000e-03
-4.60834306e-01  1.00000000e-03
-5.66126457e-01  1.00000000e-03
 8.79117601e-01  1.00000000e-03
-4.22122785e-01  1.00000000e-03
-4.35462880e-01  1.00000000e-03
-1.84397360e-01  1.00000000e-03
-2.64521096e-01  1.00000000e-03
-8.24651517e-02  1.00000000e-03
-4.79263370e-01  1.00000000e-03
 6.97375962e-01  1.00000000e-03
 7.16346430e-01  1.00000000e-03
-1.49501727e-01  1.00000000e-03
 2.68145713e-01  1.00000000e-03
-4.42484042e-01  1.00000000e-03
 1.39993845e-01  1.00000000e-03
 8.95198350e-01  1.00000000e-03
