-8.96663434e-02  1.00000000e-03
 4.26846114e-01  1.00000000e-03
 2.25502486e-01  1.00000000e-03
 4.36826550e-01  1.00000000e-03
 2.20454774e-01  1.00000000e-03
-1.77209458e-01  1.00000000e-03
-5.55127878e-02  1.00000000e-03
 4.84849908e-01  1.00000000e-03
 4.06140025e-01  1.00000000e-03
 4.72740808e-01  1.00000000e-03
 1.30571779e-01  1.00000000e-03
-4.13649525e-02  1.00000000e-03
-6.65806613e-02  1.00000000e-03
-1.63025100e-01  1.00000000e-03
-1.79518114e-01  1.00000000e-03
 5.49393076e-02  1.00000000e-03
 9.01081926e-03  1.00000000e-03
 1.20425833e-01  1.00000000e-03
-4.87988065e-02  1.00000000e-03
-2.15965285e-02  1.00000000e-03
-1.61093590e-01  1.00000000e-03
-1.01751198e-01  1.00000000e-03
-2.57876932e-01  1.00000000e-03
-5.66986551e-02  1.00000000e-03
 2.14344570e-02  1.00000000e-03
 3.05773359e-01  1.00000000e-03
-6.48871326e-02  1.00000000e-03
-2.97211486e-01  1.00000000e-03
 5.68275108e-02  1.00000000e-03
-4.19392373e-02  1.00000000e-03
-2.07462008e-01  1.00000000e-03
 3.95605117e-01  1.00000000e-03
 2.88383448e-01  1.00000000e-03
 3.80113993e-01  1.00000000e-03
 1.83545403e-01  1.00000000e-03
 4.86743577e-02  1.00000000e-03
-2.49697253e-01  1.00000000e-03
 5.74494763e-01  1.00000000e-03
 2.24469465e-01  1.00000000e-03
-3.35813404e-01  1.00000000e-03
-2.44669287e-01  1.00000000e-03
-1.03061124e-01  1.00000000e-03
 1.53247543e-01  1.00000000e-03
 4.79716188e-02  1.00000000e-03
 4.82541391e-01  1.00000000e-03
-4.44330649e-01  1.00000000e-03
-4.54710526e-02  1.00000000e-03
 2.05660851e-01  1.00000000e-03
-1.60431765e-01  1.00000000e-03
-2.98930293e-01  1.00000000e-03
-8.13425964e-02  1.00000000e-03
-3.90539137e-01  1.00000000e-03
 9.68723524e-02  1.00000000e-03
-8.75579411e-02  1.00000000e-03
-1.38972876e-01  1.00000000e-03
 3.43416084e-02  1.00000000e-03
 2.54972469e-02  1.00000000e-03
 1.24078252e-01  1.00000000e-03
 1.06110485e+00  1.00000000e-03
 9.39341579e-02  1.00000000e-03
-4.34802611e-01  1.00000000e-03
-3.11775791e-01  1.00000000e-03
-2.53292731e-01  1.00000000e-03
 3.42361381e-01  1.00000000e-03
-1.29358938e-01  1.00000000e-03
-3.60848270e-01  1.00000000e-03
-1.41525750e-01  1.00000000e-03
-1.99141236e-01  1.00000000e-03
-2.48428464e-01  1.00000000e-03
-2.80778439e-01  1.00000000e-03
-2.47976778e-01  1.00000000e-03
-5.30029228e-01  1.00000000e-03
 6.14543664e-01  1.00000000e-03
-2.29321868e-01  1.00000000e-03
-4.16059076e-01  1.00000000e-03
 3.59848004e-01  1.00000000e-03
-2.75319254e-01  1.00000000e-03
-5.38450413e-02  1.00000000e-03
-3.65469422e-01  1.00000000e-03
 5.88693470e-01  1.00000000e-03
 1.12953172e-01  1.00000000e-03
-2.70983154e-01  1.00000000e-03
-3.00828268e-01  1.00000000e-03
 9.28873482e-02  1.00000000e-03
 3.05108792e-01  1.00000000e-03
-1.50623671e-01  1.00000000e-03
 2.05396332e-01  1.00000000e-03
 2.35234589e-01  1.00000000e-03
 2.41972282e-01  1.00000000e-03
-2.98287864e-01  1.00000000e-03
 5.47524434e-01  1.00000000e-03
-2.97176592e-01  1.00000000e-03
 1.06364474e-01  1.00000000e-03
 2.16248101e-02  1.00000000e-03
-1.78693252e-01  1.00000000e-03
 1.50382291e-01  1.00000000e-03
-2.17460601e-01  1.00000000e-03
 2.01197577e-01  1.00000000e-03
 4.33666418e-02  1.00000000e-03
-2.66575086e-01  1.00000000e-03
 6.65276253e-01  1.00000000e-03
 6.10055522e-02  1.00000000e-03
-1.48420956e-01  1.00000000e-03
-1.91352503e-01  1.00000000e-03
-1.01107792e-01  1.00000000e-03
 4.92703863e-01  1.00000000e-03
-4.15117603e-01  1.00000000e-03
-3.20545006e-01  1.00000000e-03
-1.44708761e-01  1.00000000e-03
 5.35047017e-01  1.00000000e-03
-3.10252408e-01  1.00000000e-03
 6.61786268e-02  1.00000000e-03
 1.54938027e-01  1.00000000e-03
 7.61346361e-01  1.00000000e-03
 3.94630534e-01  1.00000000e-03
 3.83639252e-01  1.00000000e-03
-1.74849297e-01  1.00000000e-03
 2.28357281e-02  1.00000000e-03
-1.32181323e-01  1.00000000e-03
 3.63509743e-02  1.00000000e-03
 3.73525411e-01  1.00000000e-03
-4.37157225e-02  1.00000000e-03
 8.45477779e-01  1.00000000e-03
-1.69920151e-01  1.00000000e-03
 6.71503272e-02  1.00000000e-03
-3.52143971e-01  1.00000000e-03
 7.12545982e-02  1.00000000e-03
 9.94641933e-01  1.00000000e-03
 2.02997863e-01  1.00000000e-03
 4.51446992e-01  1.00000000e-03
-1.80506644e-01  1.00000000e-03
 5.95967639e-01  1.00000000e-03
-4.20765074e-01  1.00000000e-03
-6.53915096e-02  1.00000000e-03
 4.16719447e-01  1.00000000e-03
-9.50261330e-02  1.00000000e-03
-6.13819621e-02  1.00000000e-03
-1.02351434e-01  1.00000000e-03
 2.98847121e-01  1.00000000e-03
 3.57287927e-01  1.00000000e-03
 6.87680613e-01  1.00000000e-03
 2.29725383e-01  1.00000000e-03
-1.69961097e-01  1.00000000e-03
-2.59827032e-01  1.00000000e-03
 6.83300642e-01  1.00000000e-03
 8.88353267e-01  1.00000000e-03
-3.90130780e-01  1.00000000e-03
-1.52363510e-01  1.00000000e-03
 2.19261733e-02  1.00000000e-03
 4.28167980e-01  1.00000000e-03
 4.83456683e-02  1.00000000e-03
-6.62677115e-02  1.00000000e-03
 1.89831594e-01  1.00000000e-03
-2.84733119e-01  1.00000000e-03
-1.54580810e-01  1.00000000e-03
 1.71842553e-01  1.00000000e-03
-5.04901613e-01  1.00000000e-03
-9.71698554e-02  1.00000000e-03
 4.72938435e-01  1.00000000e-03
 1.14409629e-02  1.00000000e-03
-7.17192354e-02  1.00000000e-03
 5.10442875e-01  1.00000000e-03
-1.27105834e-03  1.00000000e-03
-1.74331489e-01  1.00000000e-03
 3.14031269e-01  1.00000000e-03
-1.12003967e-01  1.00000000e-03
 5.13172115e-01  1.00000000e-03
-2.38144173e-01  1.00000000e-03
 8.21348737e-02  1.00000000e-03
-2.73012825e-01  1.00000000e-03
 6.36148440e-02  1.00000000e-03
 6.80283897e-01  1.00000000e-03
-8.80025377e-02  1.00000000e-03
 1.79363077e-01  1.00000000e-03
-2.32401274e-01  1.00000000e-03
-2.16416628e-01  1.00000000e-03
 7.49336597e-02  1.00000000e-03
 5.57869985e-01  1.00000000e-03
 3.36342207e-01  1.00000000e-03
-3.09134041e-01  1.00000000e-03
 3.34792147e-01  1.00000000e-03
-2.14779551e-01  1.00000000e-03
-1.69410306e-01  1.00000000e-03
 8.70666722e-01  1.00000000e-03
 6.41126052e-01  1.00000000e-03
-1.53023952e-01  1.00000000e-03
-3.18069085e-01  1.00000000e-03
 1.86746414e-01  1.00000000e-03
 6.69300556e-01  1.00000000e-03
 3.82009082e-01  1.00000000e-03
-5.71392964e-02  1.00000000e-03
 6.39653903e-02  1.00000000e-03
-2.11742148e-01  1.00000000e-03
-9.55322402e-02  1.00000000e-03
-3.35675617e-01  1.00000000e-03
 3.41977386e-01  1.00000000e-03
 4.84475323e-02  1.00000000e-03
-1.38428604e-01  1.00000000e-03
-1.92503161e-01  1.00000000e-03
 2.12079600e-01  1.00000000e-03
-2.56637787e-01  1.00000000e-03
 5.70529149e-02  1.00000000e-03
 3.83433711e-02  1.00000000e-03
-5.34616227e-02  1.00000000e-03
 2.12258117e-02  1.00000000e-03
-1.14260629e-01  1.00000000e-03
 6.03912195e-01  1.00000000e-03
-3.06727565e-01  1.00000000e-03
-2.50488557e-01  1.00000000e-03
-1.54020930e-02  1.00000000e-03
-5.30712788e-01  1.00000000e-03
-3.15521272e-01  1.00000000e-03
-2.98374520e-01  1.00000000e-03
-3.72127231e-01  1.00000000e-03
-3.16879342e-01  1.00000000e-03
-2.76641650e-01  1.00000000e-03
 1.21262327e-01  1.00000000e-03
 1.36849694e-01  1.00000000e-03
-2.57366076e-01  1.00000000e-03
 1.84016184e-02  1.00000000e-03
-3.45934649e-01  1.00000000e-03
-3.27428418e-01  1.00000000e-03
-2.34201129e-01  1.00000000e-03
 2.26092598e-01  1.00000000e-03
-1.64961273e-01  1.00000000e-03
-2.27025251e-01  1.00000000e-03
-3.97207791e-02  1.00000000e-03
 5.96802887e-01  1.00000000e-03
-1.08213603e-01  1.00000000e-03
 3.21345972e-01  1.00000000e-03
 3.03760485e-01  1.00000000e-03
-1.97498195e-02  1.00000000e-03
 5.12340714e-01  1.00000000e-03
-7.31373879e-02  1.00000000e-03
 1.69586055e-01  1.00000000e-03
 5.64712474e-02  1.00000000e-03
-1.51967317e-01  1.00000000e-03
-7.10737921e-03  1.00000000e-03
-7.30818310e-02  1.00000000e-03
 2.92162993e-02  1.00000000e-03
-1.36576134e-01  1.00000000e-03
 2.10591304e-01  1.00000000e-03
-5.69025739e-01  1.00000000e-03
 5.39794333e-01  1.00000000e-03
-4.46077128e-01  1.00000000e-03
-2.03620062e-01  1.00000000e-03
-2.34969950e-01  1.00000000e-03
-7.08264481e-02  1.00000000e-03
 2.82623980e-02  1.00000000e-03
 4.50050741e-01  1.00000000e-03
-2.76263297e-01  1.00000000e-03
-4.22741737e-01  1.00000000e-03
 6.26369041e-01  1.00000000e-03
 3.17908474e-01  1.00000000e-03
-2.19258276e-01  1.00000000e-03
 1.54749639e-01  1.00000000e-03
 3.07138102e-01  1.00000000e-03
-1.07680256e-01  1.00000000e-03
 2.52255397e-01  1.00000000e-03
-1.90793928e-01  1.00000000e-03
-1.95825497e-01  1.00000000e-03
 2.20016668e-02  1.00000000e-03
 5.54376922e-01  1.00000000e-03
 5.71127169e-01  1.00000000e-03
-9.75676712e-02  1.00000000e-03
-1.65081718e-01  1.00000000e-03
 4.07193733e-01  1.00000000e-03
 4.80556288e-02  1.00000000e-03
 4.40706844e-01  1.00000000e-03
-8.57157651e-02  1.00000000e-03
 1.78449162e-01  1.00000000e-03
 3.62433628e-01  1.00000000e-03
-8.07475049e-02  1.00000000e-03
-2.29316416e-01  1.00000000e-03
 3.52825627e-01  1.00000000e-03
 1.66715942e-01  1.00000000e-03
-1.54941564e-01  1.00000000e-03
-2.04113854e-01  1.00000000e-03
-8.27046080e-02  1.00000000e-03
 2.67308726e-01  1.00000000e-03
 2.43524310e-02  1.00000000e-03
-1.72896670e-01  1.00000000e-03
 6.24465837e-01  1.00000000e-03
-1.91709025e-01  1.00000000e-03
-3.23901007e-01  1.00000000e-03
-8.03286038e-02  1.00000000e-03
-8.61840652e-02  1.00000000e-03
 6.76184468e-02  1.00000000e-03
-4.28841784e-01  1.00000000e-03
-1.45353126e-01  1.00000000e-03
-1.30003169e-02  1.00000000e-03
 1.62429014e-01  1.00000000e-03
 8.00456285e-01  1.00000000e-03
-4.91941404e-02  1.00000000e-03
 4.32236256e-02  1.00000000e-03
 9.40915808e-02  1.00000000e-03
 1.17006183e-01  1.00000000e-03
-2.36666692e-01  1.00000000e-03
 4.78458376e-01  1.00000000e-03
-1.09645642e-01  1.00000000e-03
-8.32828113e-02  1.00000000e-03
-1.32591196e-01  1.00000000e-03
 6.97772001e-01  1.00000000e-03
 2.47742294e-01  1.00000000e-03
-4.99748637e-01  1.00000000e-03
 1.35984412e-01  1.00000000e-03
-3.81296155e-01  1.00000000e-03
-2.37635238e-02  1.00000000e-03
-4.70491659e-01  1.00000000e-03
-2.79767725e-01  1.00000000e-03
-2.37499350e-01  1.00000000e-03
-1.22315990e-01  1.00000000e-03
-3.10914444e-01  1.00000000e-03
-2.17211954e-01  1.00000000e-03
 2.07850458e-01  1.00000000e-03
 1.64766475e-01  1.00000000e-03
-8.07236641e-02  1.00000000e-03
 5.37040583e-01  1.00000000e-03
 3.91577727e-01  1.00000000e-03
 5.63803978e-01  1.00000000e-03
 1.61240388e-01  1.00000000e-03
 1.63970627e-01  1.00000000e-03
-3.67440074e-01  1.00000000e-03
-1.58908263e-01  1.00000000e-03
 1.77662533e-02  1.00000000e-03
 2.29908156e-01  1.00000000e-03
 7.98508483e-02  1.00000000e-03
-1.03742480e-01  1.00000000e-03
-2.29594819e-01  1.00000000e-03
-1.84380996e-01  1.00000000e-03
 1.07305288e-01  1.00000000e-03
-3.86319639e-01  1.00000000e-03
-1.08654911e-01  1.00000000e-03
-2.65447957e-01  1.00000000e-03
 1.09975384e-01  1.00000000e-03
 4.38340996e-01  1.00000000e-03
-2.81100392e-01  1.00000000e-03
-2.85625439e-01  1.00000000e-03
-1.04915838e-01  1.00000000e-03
 3.93350087e-01  1.00000000e-03
 7.53072740e-02  1.00000000e-03
-2.65770214e-01  1.00000000e-03
-8.47877400e-02  1.00000000e-03
 2.19488356e-02  1.00000000e-03
-3.76271263e-01  1.00000000e-03
-5.18745192e-01  1.00000000e-03
-4.46709981e-02  1.00000000e-03
 2.63792151e-01  1.00000000e-03
-2.35641376e-01  1.00000000e-03
 6.76253287e-01  1.00000000e-03
-1.15532300e-02  1.00000000e-03
 2.00177640e-01  1.00000000e-03
 4.55658910e-01  1.00000000e-03
-6.57953690e-03  1.00000000e-03
-1.36917843e-01  1.00000000e-03
 6.46482176e-01  1.00000000e-03
 1.30708256e-01  1.00000000e-03
 2.52929723e-01  1.00000000e-03
-1.42884159e-01  1.00000000e-03
 8.46775492e-02  1.00000000e-03
-3.53941851e-01  1.00000000e-03
 3.62656408e-01  1.00000000e-03
 3.73183677e-01  1.00000000e-03
 1.69072773e-01  1.00000000e-03
 6.29797786e-01  1.00000000e-03
-4.36164657e-02  1.00000000e-03
 4.34039198e-01  1.00000000e-03
-3.09739735e-02  1.00000000e-03
-3.13730287e-01  1.00000000e-03
-2.35775940e-02  1.00000000e-03
 4.07164170e-01  1.00000000e-03
 1.94287677e-01  1.00000000e-03
-2.94884377e-01  1.00000000e-03
 5.39073389e-02  1.00000000e-03
 7.77161168e-01  1.00000000e-03
 1.61395314e-01  1.00000000e-03
-1.65193140e-01  1.00000000e-03
-3.64877160e-01  1.00000000e-03
 5.85119568e-02  1.00000000e-03
 1.82572564e-01  1.00000000e-03
-6.59872110e-02  1.00000000e-03
 7.70356407e-02  1.00000000e-03
-4.00845465e-01  1.00000000e-03
-2.64634723e-01  1.00000000e-03
 1.14862832e-01  1.00000000e-03
-4.08798095e-01  1.00000000e-03
-3.41334076e-01  1.00000000e-03
-1.94020214e-01  1.00000000e-03
-1.62532091e-01  1.00000000e-03
-3.58319070e-01  1.00000000e-03
-1.34856869e-01  1.00000000e-03
-8.26650499e-02  1.00000000e-03
 3.37779252e-02  1.00000000e-03
-3.79228595e-02  1.00000000e-03
 7.88505017e-02  1.00000000e-03
-2.10986549e-01  1.00000000e-03
 4.67693770e-01  1.00000000e-03
-3.83947877e-02  1.00000000e-03
 6.35566526e-01  1.00000000e-03
-1.93669691e-01  1.00000000e-03
-1.58306948e-01  1.00000000e-03
-7.90368461e-02  1.00000000e-03
-1.32103660e-02  1.00000000e-03
 1.32213698e-01  1.00000000e-03
-2.36326777e-01  1.00000000e-03
 1.24738919e-01  1.00000000e-03
 1.59980759e-01  1.00000000e-03
 1.27895236e-01  1.00000000e-03
 6.49014336e-01  1.00000000e-03
-5.29952733e-02  1.00000000e-03
 1.56425045e-01  1.00000000e-03
 2.28023677e-01  1.00000000e-03
-4.83519782e-01  1.00000000e-03
-9.39664724e-02  1.00000000e-03
 3.59008400e-01  1.00000000e-03
 1.39824893e-01  1.00000000e-03
-5.09092568e-01  1.00000000e-03
-4.30641914e-01  1.00000000e-03
 3.78731607e-01  1.00000000e-03
 1.11953007e-01  1.00000000e-03
-1.82081285e-01  1.00000000e-03
 2.31345787e-02  1.00000000e-03
-4.09001525e-01  1.00000000e-03
 9.04718031e-02  1.00000000e-03
-6.55692417e-02  1.00000000e-03
-5.08232839e-01  1.00000000e-03
-1.37505007e-01  1.00000000e-03
 7.60414010e-02  1.00000000e-03
-4.91627225e-01  1.00000000e-03
-2.49882906e-01  1.00000000e-03
-3.10091916e-01  1.00000000e-03
-1.68385181e-01  1.00000000e-03
-7.08987321e-02  1.00000000e-03
-3.58295433e-01  1.00000000e-03
-2.92138609e-02  1.00000000e-03
 6.17676337e-02  1.00000000e-03
-1.09210993e-01  1.00000000e-03
-8.60119638e-02  1.00000000e-03
 3.17820411e-01  1.00000000e-03
-5.17370512e-02  1.00000000e-03
 4.78730415e-01  1.00000000e-03
-3.33924218e-01  1.00000000e-03
-1.65728865e-02  1.00000000e-03
-3.05980248e-01  1.00000000e-03
-5.97671362e-02  1.00000000e-03
-4.92444879e-01  1.00000000e-03
-4.70318792e-01  1.00000000e-03
-4.63000394e-01  1.00000000e-03
 2.66124462e-01  1.00000000e-03
 2.31793562e-01  1.00000000e-03
-2.12312455e-01  1.00000000e-03
-5.61308268e-01  1.00000000e-03
-8.55026800e-02  1.00000000e-03
-4.56826072e-02  1.00000000e-03
-7.22604029e-03  1.00000000e-03
-1.22054104e-01  1.00000000e-03
-1.00994265e-01  1.00000000e-03
 6.10634336e-01  1.00000000e-03
-2.63249513e-01  1.00000000e-03
 6.64415967e-02  1.00000000e-03
-3.35913455e-01  1.00000000e-03
-2.45760928e-01  1.00000000e-03
 2.80826136e-01  1.00000000e-03
 7.08991035e-02  1.00000000e-03
-3.48812268e-01  1.00000000e-03
-2.92699776e-01  1.00000000e-03
-3.44651403e-01  1.00000000e-03
-4.50823755e-03  1.00000000e-03
-6.01870337e-02  1.00000000e-03
 3.67362907e-02  1.00000000e-03
 2.69783308e-01  1.00000000e-03
-1.74894504e-01  1.00000000e-03
 2.06508779e-01  1.00000000e-03
 7.47748119e-02  1.00000000e-03
 1.07118098e-01  1.00000000e-03
 1.31293082e-01  1.00000000e-03
-2.11273567e-01  1.00000000e-03
-1.53362577e-01  1.00000000e-03
 8.03842540e-01  1.00000000e-03
-9.74956439e-02  1.00000000e-03
-2.49770254e-01  1.00000000e-03
 4.37456911e-01  1.00000000e-03
-3.35858817e-01  1.00000000e-03
 8.34390766e-02  1.00000000e-03
 4.00940056e-01  1.00000000e-03
-2.21904046e-01  1.00000000e-03
-9.15501830e-02  1.00000000e-03
-1.57810306e-01  1.00000000e-03
 5.85964245e-01  1.00000000e-03
-1.22189465e-01  1.00000000e-03
 2.91256281e-01  1.00000000e-03
 2.91400130e-02  1.00000000e-03
-2.04178640e-01  1.00000000e-03
-1.28906843e-01  1.00000000e-03
-5.15042589e-02  1.00000000e-03
 4.08506973e-01  1.00000000e-03
 5.18036372e-01  1.00000000e-03
 3.40978831e-01  1.00000000e-03
 6.20884252e-01  1.00000000e-03
-3.67386004e-01  1.00000000e-03
 4.16698904e-01  1.00000000e-03
 1.13189050e-01  1.00000000e-03
 1.51892427e-01  1.00000000e-03
 1.41282063e-01  1.00000000e-03
 1.43396177e-01  1.00000000e-03
 1.74121600e-01  1.00000000e-03
 2.48283620e-01  1.00000000e-03
-4.70852032e-01  1.00000000e-03
 2.22817978e-01  1.00000000e-03
 1.08795681e-01  1.00000000e-03
 3.59750481e-01  1.00000000e-03
-5.12813065e-01  1.00000000e-03
-9.76473161e-02  1.00000000e-03
-2.25882776e-01  1.00000000e-03
-4.68823161e-01  1.00000000e-03
-2.69543193e-01  1.00000000e-03
-3.02259969e-01  1.00000000e-03
-3.59860842e-01  1.00000000e-03
-3.99656091e-01  1.00000000e-03
-4.57354760e-02  1.00000000e-03
 1.00460784e-01  1.00000000e-03
 1.00812970e+00  1.00000000e-03
-1.61569412e-01  1.00000000e-03
 1.17478588e-02  1.00000000e-03
-6.06357324e-02  1.00000000e-03
-3.54929225e-01  1.00000000e-03
 1.10362629e-01  1.00000000e-03
 4.39813065e-01  1.00000000e-03
-1.03719798e-01  1.00000000e-03
-2.06810328e-01  1.00000000e-03
-4.54079415e-01  1.00000000e-03
 1.40144231e-01  1.00000000e-03
 6.11127006e-01  1.00000000e-03
-4.90733497e-02  1.00000000e-03
 4.38253028e-01  1.00000000e-03
-1.06124904e-01  1.00000000e-03
-2.19589069e-01  1.00000000e-03
 2.05018498e-02  1.00000000e-03
-1.38010562e-01  1.00000000e-03
-2.20047693e-01  1.00000000e-03
-1.03055888e-01  1.00000000e-03
-7.63186632e-02  1.00000000e-03
-3.06385346e-01  1.00000000e-03
-4.29958266e-01  1.00000000e-03
-3.88303642e-01  1.00000000e-03
-2.46314686e-01  1.00000000e-03
-1.15798412e-01  1.00000000e-03
 7.45837812e-02  1.00000000e-03
-3.87046478e-01  1.00000000e-03
-2.49706629e-01  1.00000000e-03
 1.50078248e-01  1.00000000e-03
 9.08912462e-02  1.00000000e-03
-2.39177602e-01  1.00000000e-03
-5.64926294e-02  1.00000000e-03
-2.96003740e-01  1.00000000e-03
-3.51252193e-02  1.00000000e-03
 2.55276894e-02  1.00000000e-03
 5.98682478e-01  1.00000000e-03
-3.48602948e-01  1.00000000e-03
 1.82519064e-01  1.00000000e-03
 5.69974621e-01  1.00000000e-03
-5.29974558e-01  1.00000000e-03
-3.40165185e-01  1.00000000e-03
-4.87253902e-01  1.00000000e-03
-4.51493590e-01  1.00000000e-03
-2.06623855e-01  1.00000000e-03
-1.80591845e-01  1.00000000e-03
-3.56023388e-01  1.00000000e-03
 5.81577816e-02  1.00000000e-03
-2.32534904e-01  1.00000000e-03
-5.84365477e-01  1.00000000e-03
-1.19017504e-01  1.00000000e-03
-6.93364718e-02  1.00000000e-03
-5.00255594e-01  1.00000000e-03
 4.72160244e-01  1.00000000e-03
-3.25423385e-02  1.00000000e-03
-6.62565637e-03  1.00000000e-03
-1.58660613e-01  1.00000000e-03
-1.29059356e-01  1.00000000e-03
-7.83341977e-02  1.00000000e-03
-3.87480080e-01  1.00000000e-03
-3.28006848e-01  1.00000000e-03
-2.31638470e-01  1.00000000e-03
 1.88123683e-01  1.00000000e-03
-5.67744542e-02  1.00000000e-03
 3.58161443e-01  1.00000000e-03
 4.08435739e-01  1.00000000e-03
 4.63294624e-01  1.00000000e-03
-3.26033604e-01  1.00000000e-03
-3.82757648e-01  1.00000000e-03
 5.85957825e-01  1.00000000e-03
 4.15020493e-01  1.00000000e-03
 3.86977966e-01  1.00000000e-03
 2.01736522e-01  1.00000000e-03
 5.48511692e-02  1.00000000e-03
-4.88178989e-03  1.00000000e-03
-1.87080913e-01  1.00000000e-03
-4.37854104e-01  1.00000000e-03
-1.53770906e-01  1.00000000e-03
 1.39348764e-01  1.00000000e-03
 5.42548012e-02  1.00000000e-03
-1.45905161e-02  1.00000000e-03
-4.11149946e-01  1.00000000e-03
-2.27347914e-01  1.00000000e-03
-6.82950339e-02  1.00000000e-03
 8.52359251e-02  1.00000000e-03
-3.93230208e-01  1.00000000e-03
 6.50524650e-02  1.00000000e-03
-3.75630655e-01  1.00000000e-03
-2.81522889e-01  1.00000000e-03
 7.62144353e-01  1.00000000e-03
 4.32318915e-01  1.00000000e-03
-2.15806998e-01  1.00000000e-03
 6.14767195e-02  1.00000000e-03
 4.86753165e-03  1.00000000e-03
 8.78380990e-01  1.00000000e-03
 9.75671890e-01  1.00000000e-03
-1.90309999e-02  1.00000000e-03
-3.05446186e-01  1.00000000e-03
-1.57032886e-02  1.00000000e-03
 4.49730276e-02  1.00000000e-03
 4.44042356e-01  1.00000000e-03
-1.50330151e-01  1.00000000e-03
 7.50799848e-02  1.00000000e-03
 7.84141473e-02  1.00000000e-03
-3.03929175e-01  1.00000000e-03
 3.57493304e-01  1.00000000e-03
-3.60928799e-01  1.00000000e-03
 2.58990977e-01  1.00000000e-03
-9.57239822e-02  1.00000000e-03
 2.06693758e-01  1.00000000e-03
-5.37326700e-01  1.00000000e-03
-5.64711501e-02  1.00000000e-03
-2.32336734e-01  1.00000000e-03
 7.44056009e-02  1.00000000e-03
-4.86206070e-01  1.00000000e-03
-2.30349648e-02  1.00000000e-03
 1.00614427e-01  1.00000000e-03
-1.17524127e-01  1.00000000e-03
-3.79215490e-02  1.00000000e-03
 3.48926768e-01  1.00000000e-03
-3.90497710e-02  1.00000000e-03
-2.51854924e-01  1.00000000e-03
-4.44093448e-01  1.00000000e-03
 4.80719096e-01  1.00000000e-03
 4.42163315e-01  1.00000000e-03
 9.85847957e-02  1.00000000e-03
-1.28415021e-01  1.00000000e-03
 1.92717823e-01  1.00000000e-03
-1.39591345e-01  1.00000000e-03
 2.35024073e-01  1.00000000e-03
-4.14842855e-01  1.00000000e-03
 3.78821256e-01  1.00000000e-03
-2.14692471e-01  1.00000000e-03
 8.53552791e-01  1.00000000e-03
-2.18568840e-01  1.00000000e-03
-1.42670132e-01  1.00000000e-03
-1.13525141e-01  1.00000000e-03
-1.30002946e-01  1.00000000e-03
-2.02637296e-01  1.00000000e-03
-5.57186874e-01  1.00000000e-03
 5.18910654e-01  1.00000000e-03
 1.24285353e-01  1.00000000e-03
 1.18199977e-01  1.00000000e-03
-2.45159602e-01  1.00000000e-03
 5.80249643e-01  1.00000000e-03
 4.10534388e-01  1.00000000e-03
 2.73261082e-01  1.00000000e-03
 8.75690226e-02  1.00000000e-03
 4.11466742e-01  1.00000000e-03
 8.72961098e-01  1.00000000e-03
 2.55155366e-01  1.00000000e-03
 6.33727680e-02  1.00000000e-03
-1.32025211e-01  1.00000000e-03
-4.33367353e-01  1.00000000e-03
 3.40579474e-01  1.00000000e-03
-4.20714860e-01  1.00000000e-03
 7.48332425e-02  1.00000000e-03
 1.75983581e-01  1.00000000e-03
-2.19910312e-01  1.00000000e-03
-1.78351484e-01  1.00000000e-03
-2.49429808e-01  1.00000000e-03
-1.63186319e-01  1.00000000e-03
 1.21690780e-01  1.00000000e-03
-4.26608838e-01  1.00000000e-03
-3.72129131e-01  1.00000000e-03
 4.64873729e-01  1.00000000e-03
-2.99080784e-01  1.00000000e-03
 3.74034743e-01  1.00000000e-03
-3.70599957e-02  1.00000000e-03
 1.52838536e-01  1.00000000e-03
 2.86164409e-01  1.00000000e-03
 2.22965965e-01  1.00000000e-03
 2.76293318e-01  1.00000000e-03
-1.67363112e-01  1.00000000e-03
-1.50752023e-01  1.00000000e-03
-6.92681794e-02  1.00000000e-03
-2.61592571e-01  1.00000000e-03
-5.03014134e-01  1.00000000e-03
 7.25362540e-02  1.00000000e-03
-2.67218313e-01  1.00000000e-03
-2.14622890e-01  1.00000000e-03
-5.59488057e-03  1.00000000e-03
 6.45236354e-01  1.00000000e-03
-1.72509855e-01  1.00000000e-03
-8.01157500e-02  1.00000000e-03
-9.88829227e-02  1.00000000e-03
-5.55203310e-02  1.00000000e-03
-1.86742909e-01  1.00000000e-03
 6.98131116e-02  1.00000000e-03
 4.35848965e-01  1.00000000e-03
 6.95033044e-02  1.00000000e-03
-3.36978454e-03  1.00000000e-03
 1.18569951e-01  1.00000000e-03
-8.59455819e-02  1.00000000e-03
-3.16969814e-01  1.00000000e-03
-2.21762643e-01  1.00000000e-03
 2.22983669e-01  1.00000000e-03
 2.26431592e-01  1.00000000e-03
-2.49684533e-01  1.00000000e-03
-1.85199033e-01  1.00000000e-03
 5.80965983e-01  1.00000000e-03
 1.74379368e-02  1.00000000e-03
-2.34810316e-01  1.00000000e-03
-3.07188224e-01  1.00000000e-03
-2.11545062e-01  1.00000000e-03
-4.23096961e-01  1.00000000e-03
 3.23547745e-01  1.00000000e-03
 5.51584006e-01  1.00000000e-03
 1.35808281e-01  1.00000000e-03
-1.02992416e-01  1.00000000e-03
-2.69605059e-01  1.00000000e-03
-4.44016357e-01  1.00000000e-03
 8.13483683e-02  1.00000000e-03
-1.59668364e-01  1.00000000e-03
-2.55226489e-02  1.00000000e-03
 2.65361542e-01  1.00000000e-03
-3.25580633e-01  1.00000000e-03
 6.18321277e-01  1.00000000e-03
 2.31582277e-02  1.00000000e-03
 2.17601749e-01  1.00000000e-03
-2.31585169e-01  1.00000000e-03
 4.94596487e-01  1.00000000e-03
 2.86096562e-02  1.00000000e-03
-3.64267084e-02  1.00000000e-03
-2.54454979e-02  1.00000000e-03
-1.23266908e-01  1.00000000e-03
 3.45957761e-01  1.00000000e-03
 5.94728770e-01  1.00000000e-03
 5.71802600e-01  1.00000000e-03
 5.14997573e-01  1.00000000e-03
-1.91591894e-01  1.00000000e-03
 1.63435200e-01  1.00000000e-03
-1.69959712e-01  1.00000000e-03
-4.42798510e-01  1.00000000e-03
 1.61020968e-01  1.00000000e-03
-5.47667093e-01  1.00000000e-03
 1.43235548e-01  1.00000000e-03
-5.03355426e-01  1.00000000e-03
-2.43139777e-01  1.00000000e-03
-5.99208562e-03  1.00000000e-03
-3.10449420e-01  1.00000000e-03
 9.34683760e-02  1.00000000e-03
-1.40244289e-01  1.00000000e-03
 1.02326955e+00  1.00000000e-03
-1.61001393e-01  1.00000000e-03
-4.34720554e-01  1.00000000e-03
 6.60629022e-02  1.00000000e-03
-5.93939277e-03  1.00000000e-03
 2.02497811e-02  1.00000000e-03
 7.26896206e-01  1.00000000e-03
-6.61947773e-02  1.00000000e-03
 1.45457057e-01  1.00000000e-03
-7.72777346e-03  1.00000000e-03
 7.02990910e-01  1.00000000e-03
 5.50610408e-01  1.00000000e-03
 7.97663243e-02  1.00000000e-03
-2.74498602e-02  1.00000000e-03
 6.98856790e-02  1.00000000e-03
-9.50956298e-02  1.00000000e-03
-8.03539679e-02  1.00000000e-03
-1.93554801e-02  1.00000000e-03
 8.63948677e-01  1.00000000e-03
-3.22077255e-01  1.00000000e-03
-4.16570636e-01  1.00000000e-03
-2.57574021e-01  1.00000000e-03
 4.14732475e-02  1.00000000e-03
-2.82638044e-01  1.00000000e-03
-1.33895682e-01  1.00000000e-03
-2.36186875e-01  1.00000000e-03
 4.91140095e-01  1.00000000e-03
 1.10071677e-01  1.00000000e-03
-3.00416257e-01  1.00000000e-03
 4.51689134e-02  1.00000000e-03
 7.43010480e-02  1.00000000e-03
-3.67461467e-01  1.00000000e-03
-1.19774210e-01  1.00000000e-03
-2.81795964e-01  1.00000000e-03
-1.90638105e-01  1.00000000e-03
-5.85601948e-01  1.00000000e-03
-1.74837404e-01  1.00000000e-03
-9.49039473e-03  1.00000000e-03
 5.20865501e-01  1.00000000e-03
-2.62593789e-01  1.00000000e-03
-4.26154218e-01  1.00000000e-03
 1.45624215e-01  1.00000000e-03
-2.61695249e-01  1.00000000e-03
-5.18803374e-02  1.00000000e-03
-3.17937656e-01  1.00000000e-03
-3.14554543e-01  1.00000000e-03
-2.50115338e-01  1.00000000e-03
 2.74579932e-01  1.00000000e-03
-7.74621035e-03  1.00000000e-03
 5.86849728e-01  1.00000000e-03
 2.07403700e-01  1.00000000e-03
-3.34132791e-01  1.00000000e-03
 3.05438158e-01  1.00000000e-03
-5.22466653e-01  1.00000000e-03
-3.65490704e-01  1.00000000e-03
-7.01225120e-02  1.00000000e-03
-4.10278297e-01  1.00000000e-03
-2.51240920e-01  1.00000000e-03
 9.21478815e-02  1.00000000e-03
 5.46105978e-01  1.00000000e-03
 7.29470193e-01  1.00000000e-03
 1.70478560e-01  1.00000000e-03
 3.24713001e-01  1.00000000e-03
 8.16505369e-01  1.00000000e-03
 6.05376073e-01  1.00000000e-03
 1.90884092e-01  1.00000000e-03
-2.34714599e-01  1.00000000e-03
 4.21931815e-01  1.00000000e-03
-2.23749977e-01  1.00000000e-03
 5.41766819e-02  1.00000000e-03
-1.28675230e-02  1.00000000e-03
-1.51572627e-01  1.00000000e-03
 2.46378258e-01  1.00000000e-03
 9.58149390e-02  1.00000000e-03
 1.83441061e-01  1.00000000e-03
-2.81961062e-01  1.00000000e-03
 3.20265333e-01  1.00000000e-03
 4.68901855e-01  1.00000000e-03
-2.14806476e-01  1.00000000e-03
 8.32757859e-01  1.00000000e-03
-2.14940271e-01  1.00000000e-03
-2.06043845e-01  1.00000000e-03
-1.99163675e-01  1.00000000e-03
 4.46632822e-01  1.00000000e-03
-9.41854410e-02  1.00000000e-03
-1.10250996e-01  1.00000000e-03
-2.10289123e-01  1.00000000e-03
-2.83157858e-01  1.00000000e-03
-5.98734496e-02  1.00000000e-03
-1.87648980e-01  1.00000000e-03
 5.11011084e-01  1.00000000e-03
-2.82387517e-01  1.00000000e-03
-1.10494694e-01  1.00000000e-03
-1.41045874e-01  1.00000000e-03
 2.76787040e-01  1.00000000e-03
-1.03273593e-01  1.00000000e-03
-2.31202688e-01  1.00000000e-03
 2.33099224e-01  1.00000000e-03
-1.98557952e-01  1.00000000e-03
-2.89190977e-02  1.00000000e-03
 4.64406400e-01  1.00000000e-03
-1.03877304e-01  1.00000000e-03
-4.74694738e-01  1.00000000e-03
 3.04965789e-01  1.00000000e-03
-1.82681171e-01  1.00000000e-03
-1.61867678e-01  1.00000000e-03
 6.73060920e-01  1.00000000e-03
 3.35830367e-01  1.00000000e-03
 1.78059571e-01  1.00000000e-03
-1.32403036e-01  1.00000000e-03
 1.31975617e-02  1.00000000e-03
 4.29280542e-04  1.00000000e-03
-2.81869873e-02  1.00000000e-03
 3.40714677e-01  1.00000000e-03
 1.79458618e-01  1.00000000e-03
 5.06202408e-02  1.00000000e-03
-1.65102521e-01  1.00000000e-03
-3.94997279e-01  1.00000000e-03
-6.66233665e-02  1.00000000e-03
 6.27867795e-02  1.00000000e-03
 8.17683749e-01  1.00000000e-03
 1.22180407e-01  1.00000000e-03
 1.45735383e-01  1.00000000e-03
 2.90723383e-01  1.00000000e-03
-6.08802063e-02  1.00000000e-03
-2.91672116e-02  1.00000000e-03
 1.48890622e-01  1.00000000e-03
 2.42443660e-01  1.00000000e-03
-2.59866676e-01  1.00000000e-03
 5.70155866e-01  1.00000000e-03
-4.33813924e-01  1.00000000e-03
-4.09070392e-01  1.00000000e-03
-1.19116497e-01  1.00000000e-03
-4.80381351e-01  1.00000000e-03
-7.38699466e-02  1.00000000e-03
 1.07002287e-01  1.00000000e-03
 4.64393763e-02  1.00000000e-03
 4.49651622e-01  1.00000000e-03
 3.39676093e-01  1.00000000e-03
 4.32030964e-01  1.00000000e-03
 4.92736518e-01  1.00000000e-03
 2.36853103e-01  1.00000000e-03
-2.43278062e-01  1.00000000e-03
 2.45123880e-01  1.00000000e-03
-1.81203439e-01  1.00000000e-03
 6.47270129e-02  1.00000000e-03
-2.06986297e-02  1.00000000e-03
 4.26108655e-01  1.00000000e-03
-4.38045121e-01  1.00000000e-03
-5.07211438e-01  1.00000000e-03
 1.11259959e-01  1.00000000e-03
-5.84225363e-02  1.00000000e-03
-1.24092549e-01  1.00000000e-03
-2.84478451e-01  1.00000000e-03
-2.76962722e-01  1.00000000e-03
-1.18136592e-01  1.00000000e-03
 1.74324704e-01  1.00000000e-03
-8.25105847e-02  1.00000000e-03
-9.98911452e-02  1.00000000e-03
-4.35456220e-01  1.00000000e-03
-3.37067837e-01  1.00000000e-03
-1.39542109e-01  1.00000000e-03
-8.42902422e-02  1.00000000e-03
-1.23005920e-01  1.00000000e-03
-1.36277966e-01  1.00000000e-03
 6.92171615e-02  1.00000000e-03
 1.44155182e-01  1.00000000e-03
 1.28036832e-01  1.00000000e-03
-4.68840148e-01  1.00000000e-03
 5.73307378e-01  1.00000000e-03
 5.72052187e-01  1.00000000e-03
-5.37261157e-01  1.00000000e-03
 3.30229646e-01  1.00000000e-03
-1.06137371e-01  1.00000000e-03
 1.19211563e+00  1.00000000e-03
-1.54925400e-01  1.00000000e-03
 7.58626144e-02  1.00000000e-03
 2.86183878e-02  1.00000000e-03
-1.58026775e-01  1.00000000e-03
 2.61301549e-01  1.00000000e-03
 2.03167541e-01  1.00000000e-03
 1.15291921e-01  1.00000000e-03
-1.19973323e-01  1.00000000e-03
-5.77196540e-01  1.00000000e-03
-1.40706835e-01  1.00000000e-03
 7.47785245e-01  1.00000000e-03
 2.05574160e-01  1.00000000e-03
-1.93868190e-01  1.00000000e-03
-2.33731356e-01  1.00000000e-03
-3.78312993e-02  1.00000000e-03
 6.71443632e-02  1.00000000e-03
-6.48834636e-02  1.00000000e-03
 2.73905076e-01  1.00000000e-03
-3.07765147e-01  1.00000000e-03
 2.18461547e-02  1.00000000e-03
 8.43300196e-01  1.00000000e-03
 1.95961995e-02  1.00000000e-03
 7.69372058e-01  1.00000000e-03
-6.91958531e-02  1.00000000e-03
-5.40457732e-01  1.00000000e-03
-1.73019614e-01  1.00000000e-03
 2.77572507e-02  1.00000000e-03
-5.94060942e-02  1.00000000e-03
 3.41089112e-02  1.00000000e-03
 2.61689169e-01  1.00000000e-03
 1.24361647e-02  1.00000000e-03
-3.78696676e-01  1.00000000e-03
 3.56577300e-01  1.00000000e-03
 3.46252634e-01  1.00000000e-03
 1.75535873e-01  1.00000000e-03
 1.77769447e-01  1.00000000e-03
-9.37128895e-02  1.00000000e-03
-2.39209448e-01  1.00000000e-03
-5.53632103e-02  1.00000000e-03
-2.12150438e-01  1.00000000e-03
-3.64943717e-02  1.00000000e-03
 7.07840205e-02  1.00000000e-03
-3.88298259e-01  1.00000000e-03
-2.02235017e-01  1.00000000e-03
 3.16873160e-01  1.00000000e-03
-1.49641410e-01  1.00000000e-03
-1.79723882e-01  1.00000000e-03
 5.44107245e-01  1.00000000e-03
-4.04990996e-01  1.00000000e-03
 7.65500276e-02  1.00000000e-03
-2.90964371e-01  1.00000000e-03
 1.50406140e-02  1.00000000e-03
-1.70065894e-01  1.00000000e-03
 3.94521104e-02  1.00000000e-03
 3.88477347e-02  1.00000000e-03
 3.44647149e-01  1.00000000e-03
 3.04120045e-02  1.00000000e-03
-1.65030922e-01  1.00000000e-03
-3.39177564e-01  1.00000000e-03
-3.21855344e-01  1.00000000e-03
 6.86804082e-01  1.00000000e-03
