-1.74859614e-01  1.00000000e-03
 2.62071622e-01  1.00000000e-03
 1.16816633e-01  1.00000000e-03
 3.32078042e-01  1.00000000e-03
 1.74196334e-01  1.00000000e-03
-3.75725631e-02  1.00000000e-03
-2.34605431e-01  1.00000000e-03
 2.82140826e-01  1.00000000e-03
 2.96831653e-01  1.00000000e-03
 3.27436442e-01  1.00000000e-03
 3.49093875e-01  1.00000000e-03
-6.62480393e-02  1.00000000e-03
-1.09220650e-01  1.00000000e-03
-1.77900345e-01  1.00000000e-03
-1.62238617e-01  1.00000000e-03
-1.33458971e-01  1.00000000e-03
-2.77701329e-01  1.00000000e-03
-1.41101042e-01  1.00000000e-03
 3.82695320e-02  1.00000000e-03
-2.00887373e-01  1.00000000e-03
 1.66106164e-01  1.00000000e-03
-3.09986877e-01  1.00000000e-03
-4.93348811e-02  1.00000000e-03
-7.28163942e-02  1.00000000e-03
-2.51776363e-02  1.00000000e-03
 2.40400579e-01  1.00000000e-03
 1.48717295e-01  1.00000000e-03
-2.25191458e-02  1.00000000e-03
-9.34792206e-02  1.00000000e-03
-9.97603845e-02  1.00000000e-03
 1.26667873e-01  1.00000000e-03
 3.50053375e-01  1.00000000e-03
 3.26512516e-01  1.00000000e-03
-2.11085798e-01  1.00000000e-03
 1.05850979e-01  1.00000000e-03
 4.25101323e-02  1.00000000e-03
-5.00459479e-02  1.00000000e-03
 2.38832307e-01  1.00000000e-03
 3.75533095e-01  1.00000000e-03
 1.69019171e-01  1.00000000e-03
 1.33843342e-01  1.00000000e-03
-2.51411093e-01  1.00000000e-03
 1.21062022e-01  1.00000000e-03
 1.75144526e-01  1.00000000e-03
 3.38638119e-01  1.00000000e-03
-1.64640403e-01  1.00000000e-03
-5.56162991e-02  1.00000000e-03
-1.49808341e-01  1.00000000e-03
 2.26422326e-02  1.00000000e-03
-5.45921361e-02  1.00000000e-03
-2.81934367e-01  1.00000000e-03
-2.82642035e-01  1.00000000e-03
-1.86499617e-01  1.00000000e-03
 1.57209061e-01  1.00000000e-03
 6.93212538e-02  1.00000000e-03
-1.25327501e-01  1.00000000e-03
 1.92747411e-02  1.00000000e-03
 3.92481060e-02  1.00000000e-03
 2.83848458e-01  1.00000000e-03
 4.88103850e-02  1.00000000e-03
-1.46134776e-01  1.00000000e-03
-2.39271794e-01  1.00000000e-03
-5.15391141e-02  1.00000000e-03
 3.55842013e-01  1.00000000e-03
-2.10443835e-01  1.00000000e-03
-1.37780141e-01  1.00000000e-03
 1.00743460e-01  1.00000000e-03
-2.80520883e-01  1.00000000e-03
 1.16074262e-01  1.00000000e-03
 5.62187644e-03  1.00000000e-03
-1.17631150e-01  1.00000000e-03
-1.71830050e-01  1.00000000e-03
 3.33010769e-01  1.00000000e-03
-2.26020018e-01  1.00000000e-03
-2.01520220e-01  1.00000000e-03
-1.85126241e-02  1.00000000e-03
-3.51028467e-02  1.00000000e-03
 8.06192735e-02  1.00000000e-03
-5.36106759e-02  1.00000000e-03
 1.35247174e-01  1.00000000e-03
 4.12804876e-02  1.00000000e-03
 1.17510811e-01  1.00000000e-03
-8.06480483e-02  1.00000000e-03
 8.37313475e-02  1.00000000e-03
 2.25700560e-01  1.00000000e-03
-3.06336340e-02  1.00000000e-03
 1.07926666e-01  1.00000000e-03
-1.23409814e-02  1.00000000e-03
-1.64184077e-01  1.00000000e-03
-2.99810222e-01  1.00000000e-03
 3.65611020e-01  1.00000000e-03
-9.15937869e-02  1.00000000e-03
-1.90221873e-01  1.00000000e-03
 2.55603998e-02  1.00000000e-03
-2.27991975e-01  1.00000000e-03
-1.05012201e-01  1.00000000e-03
 1.38075698e-01  1.00000000e-03
 9.83646092e-03  1.00000000e-03
 1.49263039e-01  1.00000000e-03
-1.93966106e-01  1.00000000e-03
 1.97578991e-01  1.00000000e-03
-7.64926797e-02  1.00000000e-03
 2.66000170e-02  1.00000000e-03
-1.87609813e-02  1.00000000e-03
-2.88325546e-01  1.00000000e-03
 3.38016941e-02  1.00000000e-03
-2.14304770e-01  1.00000000e-03
 1.18917299e-01  1.00000000e-03
 1.34402485e-01  1.00000000e-03
 2.35710695e-01  1.00000000e-03
-1.37299161e-01  1.00000000e-03
-2.34813492e-02  1.00000000e-03
 3.48160131e-02  1.00000000e-03
 1.29555505e-01  1.00000000e-03
 2.65362917e-01  1.00000000e-03
-5.91649828e-02  1.00000000e-03
 3.14633757e-01  1.00000000e-03
-9.10789207e-02  1.00000000e-03
 1.83609763e-01  1.00000000e-03
 4.60064272e-02  1.00000000e-03
 2.27992508e-01  1.00000000e-03
-3.44479691e-02  1.00000000e-03
 3.11927148e-01  1.00000000e-03
-2.26676718e-01  1.00000000e-03
 3.44318866e-01  1.00000000e-03
-1.13366052e-02  1.00000000e-03
-2.44642116e-01  1.00000000e-03
 3.35817793e-01  1.00000000e-03
 2.77895654e-01  1.00000000e-03
 3.51014380e-01  1.00000000e-03
-1.65366114e-01  1.00000000e-03
 2.44343234e-01  1.00000000e-03
-7.15183402e-03  1.00000000e-03
-7.82552773e-02  1.00000000e-03
 2.24178526e-01  1.00000000e-03
 1.50215846e-01  1.00000000e-03
 1.19708050e-01  1.00000000e-03
-2.96204479e-01  1.00000000e-03
 2.28758878e-01  1.00000000e-03
-2.40521357e-02  1.00000000e-03
 3.16445348e-01  1.00000000e-03
 2.09949643e-01  1.00000000e-03
-5.77536432e-02  1.00000000e-03
-2.18187725e-01  1.00000000e-03
 2.07006004e-01  1.00000000e-03
 2.66189057e-01  1.00000000e-03
-1.17519945e-02  1.00000000e-03
-2.93330852e-01  1.00000000e-03
 2.24938953e-01  1.00000000e-03
 7.30307349e-02  1.00000000e-03
-1.98362051e-01  1.00000000e-03
-6.20820415e-02  1.00000000e-03
 3.62664323e-01  1.00000000e-03
-2.32614882e-01  1.00000000e-03
-1.29160145e-01  1.00000000e-03
 3.52940905e-01  1.00000000e-03
-6.68753413e-02  1.00000000e-03
-9.29083247e-02  1.00000000e-03
 2.95956376e-01  1.00000000e-03
 3.67583135e-01  1.00000000e-03
-2.35270190e-01  1.00000000e-03
 2.69506945e-01  1.00000000e-03
 2.58801451e-01  1.00000000e-03
-1.57434588e-01  1.00000000e-03
-5.05643122e-02  1.00000000e-03
-9.22037651e-02  1.00000000e-03
 2.23419276e-01  1.00000000e-03
-2.49373855e-01  1.00000000e-03
 4.08242074e-03  1.00000000e-03
 5.70629473e-02  1.00000000e-03
 2.04080153e-01  1.00000000e-03
-5.22577462e-03  1.00000000e-03
 5.48616311e-02  1.00000000e-03
 3.23749496e-01  1.00000000e-03
-2.98366100e-01  1.00000000e-03
-3.03431145e-01  1.00000000e-03
-2.00255133e-01  1.00000000e-03
 3.09233425e-01  1.00000000e-03
-1.30215833e-01  1.00000000e-03
 1.92566116e-01  1.00000000e-03
 2.94210013e-01  1.00000000e-03
 1.25861403e-01  1.00000000e-03
-4.11949853e-02  1.00000000e-03
 2.53129061e-01  1.00000000e-03
 2.61252104e-01  1.00000000e-03
-5.98087836e-02  1.00000000e-03
-2.05330045e-01  1.00000000e-03
-3.92770935e-02  1.00000000e-03
 3.33944968e-01  1.00000000e-03
 1.11259980e-01  1.00000000e-03
-4.42232855e-02  1.00000000e-03
 9.83105191e-02  1.00000000e-03
-2.81227316e-01  1.00000000e-03
 4.93327373e-02  1.00000000e-03
-3.11453264e-02  1.00000000e-03
-3.65475832e-02  1.00000000e-03
 2.89868481e-01  1.00000000e-03
 7.09258092e-02  1.00000000e-03
-1.32150954e-01  1.00000000e-03
-1.22265847e-01  1.00000000e-03
-2.87612955e-01  1.00000000e-03
 9.22842016e-02  1.00000000e-03
 1.23871591e-01  1.00000000e-03
-1.94592276e-01  1.00000000e-03
 1.07229387e-01  1.00000000e-03
-8.53971280e-02  1.00000000e-03
-3.33195127e-02  1.00000000e-03
-2.61681451e-01  1.00000000e-03
-1.21758477e-02  1.00000000e-03
 1.82215498e-01  1.00000000e-03
-2.04276658e-02  1.00000000e-03
 9.76400410e-02  1.00000000e-03
-2.16243490e-01  1.00000000e-03
 5.42214086e-02  1.00000000e-03
-1.16295350e-01  1.00000000e-03
 2.42398838e-02  1.00000000e-03
 3.42419328e-01  1.00000000e-03
 1.39509600e-01  1.00000000e-03
 1.60726586e-01  1.00000000e-03
 9.15066068e-02  1.00000000e-03
-2.13659754e-01  1.00000000e-03
-4.66227963e-02  1.00000000e-03
-1.73039647e-01  1.00000000e-03
-1.29615160e-01  1.00000000e-03
 1.52245338e-01  1.00000000e-03
 1.53658182e-01  1.00000000e-03
 2.49062640e-02  1.00000000e-03
 1.70904451e-01  1.00000000e-03
 3.07444745e-01  1.00000000e-03
-9.46733025e-03  1.00000000e-03
-2.73490564e-01  1.00000000e-03
 4.75857322e-02  1.00000000e-03
 3.18262703e-01  1.00000000e-03
 8.11134835e-02  1.00000000e-03
 3.15908348e-02  1.00000000e-03
-3.02705749e-01  1.00000000e-03
-3.01980958e-01  1.00000000e-03
-1.30905295e-01  1.00000000e-03
 4.41591152e-02  1.00000000e-03
 1.05096446e-01  1.00000000e-03
 9.07512523e-02  1.00000000e-03
-8.59902248e-02  1.00000000e-03
-2.59616160e-01  1.00000000e-03
 2.39615818e-01  1.00000000e-03
 1.64041961e-02  1.00000000e-03
-7.59342898e-02  1.00000000e-03
-2.09802481e-01  1.00000000e-03
 9.69475061e-02  1.00000000e-03
-2.00016846e-02  1.00000000e-03
-1.03077610e-01  1.00000000e-03
-2.12371555e-01  1.00000000e-03
-2.20788636e-01  1.00000000e-03
-5.40633370e-02  1.00000000e-03
-1.46578099e-01  1.00000000e-03
 1.28170896e-01  1.00000000e-03
 7.16669218e-02  1.00000000e-03
 2.51520074e-01  1.00000000e-03
 7.48849229e-02  1.00000000e-03
 2.03351707e-01  1.00000000e-03
-7.04373955e-02  1.00000000e-03
 1.09285800e-01  1.00000000e-03
-3.08525831e-01  1.00000000e-03
 3.12827916e-01  1.00000000e-03
 3.30217001e-01  1.00000000e-03
-2.70695789e-01  1.00000000e-03
-4.38563175e-02  1.00000000e-03
 1.44460969e-01  1.00000000e-03
 1.09934991e-01  1.00000000e-03
 3.37696530e-01  1.00000000e-03
 1.78331563e-02  1.00000000e-03
-2.16890955e-01  1.00000000e-03
-8.66921121e-02  1.00000000e-03
 2.61056757e-02  1.00000000e-03
-1.27388422e-02  1.00000000e-03
 2.82993957e-01  1.00000000e-03
-1.63253201e-02  1.00000000e-03
 6.24371855e-02  1.00000000e-03
 1.68084685e-01  1.00000000e-03
-7.46760483e-02  1.00000000e-03
 1.69452342e-01  1.00000000e-03
 1.91977438e-01  1.00000000e-03
-7.15446392e-02  1.00000000e-03
 2.48317569e-01  1.00000000e-03
-2.02787735e-01  1.00000000e-03
 2.92331085e-02  1.00000000e-03
-1.98992472e-01  1.00000000e-03
 9.48484763e-02  1.00000000e-03
 9.62419648e-02  1.00000000e-03
-2.63752348e-01  1.00000000e-03
 1.86894565e-01  1.00000000e-03
 6.33616528e-03  1.00000000e-03
 3.97449877e-02  1.00000000e-03
 3.64627259e-01  1.00000000e-03
-1.55849956e-01  1.00000000e-03
 6.79923085e-02  1.00000000e-03
 1.87786663e-01  1.00000000e-03
 2.90734009e-01  1.00000000e-03
-2.69302126e-01  1.00000000e-03
-3.70569789e-02  1.00000000e-03
-1.89599968e-01  1.00000000e-03
-1.15714333e-01  1.00000000e-03
 3.63645028e-01  1.00000000e-03
 3.57783651e-01  1.00000000e-03
-2.45316209e-01  1.00000000e-03
-3.10718302e-01  1.00000000e-03
 5.35065050e-02  1.00000000e-03
 1.00222017e-01  1.00000000e-03
-2.90467002e-01  1.00000000e-03
-1.84646761e-01  1.00000000e-03
 1.50736768e-01  1.00000000e-03
-1.69422933e-01  1.00000000e-03
 1.43807435e-01  1.00000000e-03
-7.76191134e-02  1.00000000e-03
-2.39940906e-01  1.00000000e-03
 3.08143167e-02  1.00000000e-03
 3.15538833e-01  1.00000000e-03
 6.73391701e-02  1.00000000e-03
 1.58046154e-01  1.00000000e-03
 2.30295226e-01  1.00000000e-03
 3.17353304e-01  1.00000000e-03
-1.13260646e-01  1.00000000e-03
-6.25434949e-03  1.00000000e-03
 1.88313769e-01  1.00000000e-03
 1.98280042e-01  1.00000000e-03
-1.17027031e-01  1.00000000e-03
 8.83112275e-02  1.00000000e-03
-4.22342855e-02  1.00000000e-03
-1.21501902e-01  1.00000000e-03
-1.97103031e-01  1.00000000e-03
 6.11514119e-02  1.00000000e-03
-1.39830849e-01  1.00000000e-03
-1.77730397e-02  1.00000000e-03
-4.82254421e-02  1.00000000e-03
 7.87334870e-02  1.00000000e-03
 3.43368351e-01  1.00000000e-03
 2.13654319e-01  1.00000000e-03
-2.62371127e-01  1.00000000e-03
-1.84030371e-01  1.00000000e-03
-5.62429359e-02  1.00000000e-03
 2.26463353e-01  1.00000000e-03
-1.09994767e-01  1.00000000e-03
-2.35935569e-01  1.00000000e-03
-4.81154249e-03  1.00000000e-03
 2.08475596e-01  1.00000000e-03
 1.32444827e-01  1.00000000e-03
-2.04693557e-01  1.00000000e-03
 7.00251151e-02  1.00000000e-03
-1.66545721e-01  1.00000000e-03
-9.42515639e-02  1.00000000e-03
 1.99723957e-01  1.00000000e-03
 1.25265798e-01  1.00000000e-03
 2.15890620e-01  1.00000000e-03
 2.10688340e-01  1.00000000e-03
 4.46810959e-02  1.00000000e-03
-1.47370093e-01  1.00000000e-03
 3.41471795e-01  1.00000000e-03
 1.61675124e-01  1.00000000e-03
 2.60433905e-01  1.00000000e-03
 1.56750599e-01  1.00000000e-03
-5.10110966e-02  1.00000000e-03
 1.79843314e-01  1.00000000e-03
-1.31337972e-01  1.00000000e-03
 6.86000894e-02  1.00000000e-03
 1.99009458e-01  1.00000000e-03
 2.12169087e-01  1.00000000e-03
 3.64654470e-02  1.00000000e-03
 3.88122404e-02  1.00000000e-03
 1.03690207e-01  1.00000000e-03
-2.60303967e-01  1.00000000e-03
-2.24708470e-01  1.00000000e-03
-8.98117901e-02  1.00000000e-03
 2.68675470e-01  1.00000000e-03
-6.50496420e-02  1.00000000e-03
 5.59985676e-02  1.00000000e-03
 2.21148546e-01  1.00000000e-03
 3.00346786e-01  1.00000000e-03
-1.55028746e-01  1.00000000e-03
-2.78405290e-01  1.00000000e-03
-1.81716671e-02  1.00000000e-03
 1.59562938e-02  1.00000000e-03
-6.04244211e-02  1.00000000e-03
 3.53906431e-01  1.00000000e-03
-1.61820289e-01  1.00000000e-03
-9.91234864e-02  1.00000000e-03
 2.78741964e-01  1.00000000e-03
-1.95846438e-01  1.00000000e-03
-1.03666252e-01  1.00000000e-03
-1.61034431e-01  1.00000000e-03
-1.85881385e-01  1.00000000e-03
-1.80344958e-01  1.00000000e-03
-2.38603306e-01  1.00000000e-03
-1.51011682e-01  1.00000000e-03
-1.88978674e-01  1.00000000e-03
-2.22092782e-01  1.00000000e-03
-1.07059588e-01  1.00000000e-03
-1.20189259e-01  1.00000000e-03
 2.38050042e-01  1.00000000e-03
-3.16493849e-02  1.00000000e-03
 2.31065210e-01  1.00000000e-03
-2.84059219e-01  1.00000000e-03
-2.67910950e-01  1.00000000e-03
 1.23074415e-01  1.00000000e-03
 1.12628941e-01  1.00000000e-03
 3.06552540e-01  1.00000000e-03
-1.24078365e-01  1.00000000e-03
-2.76295263e-01  1.00000000e-03
-6.97894434e-02  1.00000000e-03
 2.88141577e-01  1.00000000e-03
-3.86078862e-02  1.00000000e-03
 5.76802669e-02  1.00000000e-03
-1.34760727e-01  1.00000000e-03
 2.73684441e-01  1.00000000e-03
 5.54403464e-02  1.00000000e-03
 9.42115325e-02  1.00000000e-03
 1.55790154e-01  1.00000000e-03
 2.18888261e-01  1.00000000e-03
 6.94636374e-03  1.00000000e-03
-1.67720355e-01  1.00000000e-03
 1.82647703e-01  1.00000000e-03
-3.58703061e-02  1.00000000e-03
 8.56635978e-02  1.00000000e-03
 1.84058175e-01  1.00000000e-03
-1.48596766e-01  1.00000000e-03
-1.47806073e-01  1.00000000e-03
-1.01061884e-01  1.00000000e-03
-2.37268194e-01  1.00000000e-03
 3.02614528e-02  1.00000000e-03
-2.46822493e-02  1.00000000e-03
-3.04883752e-01  1.00000000e-03
-1.68226831e-01  1.00000000e-03
-8.00794337e-02  1.00000000e-03
 6.18238727e-02  1.00000000e-03
 1.75612574e-01  1.00000000e-03
-1.92715592e-01  1.00000000e-03
-2.68606227e-01  1.00000000e-03
-2.90682690e-02  1.00000000e-03
 9.02646516e-02  1.00000000e-03
-1.82799436e-01  1.00000000e-03
 1.47253361e-01  1.00000000e-03
-2.89038751e-01  1.00000000e-03
 2.01171872e-01  1.00000000e-03
-6.16040160e-02  1.00000000e-03
-2.23399392e-01  1.00000000e-03
-1.49016755e-01  1.00000000e-03
-4.55320266e-02  1.00000000e-03
 3.43171073e-02  1.00000000e-03
-2.29969502e-01  1.00000000e-03
 1.66638198e-01  1.00000000e-03
 2.77050703e-01  1.00000000e-03
 5.23609258e-02  1.00000000e-03
 6.55613649e-02  1.00000000e-03
-2.42623575e-01  1.00000000e-03
 3.01229084e-01  1.00000000e-03
 1.32992691e-01  1.00000000e-03
-2.67562184e-02  1.00000000e-03
 7.45175454e-03  1.00000000e-03
-6.80276961e-02  1.00000000e-03
 3.29288682e-01  1.00000000e-03
-1.10656796e-01  1.00000000e-03
 2.97708331e-01  1.00000000e-03
 7.93074744e-02  1.00000000e-03
-4.47993434e-02  1.00000000e-03
 8.02074104e-03  1.00000000e-03
-1.35214219e-01  1.00000000e-03
-1.57061617e-01  1.00000000e-03
 1.20277211e-01  1.00000000e-03
 5.95124737e-02  1.00000000e-03
-7.34392639e-02  1.00000000e-03
-2.91182046e-01  1.00000000e-03
 3.39581193e-01  1.00000000e-03
 1.77024926e-01  1.00000000e-03
-5.89111667e-03  1.00000000e-03
 2.49916250e-01  1.00000000e-03
 1.28731056e-01  1.00000000e-03
 1.55204052e-01  1.00000000e-03
-2.75691486e-02  1.00000000e-03
-2.46666264e-01  1.00000000e-03
-5.21688669e-02  1.00000000e-03
 2.99465896e-01  1.00000000e-03
-1.58264838e-01  1.00000000e-03
-2.65828849e-01  1.00000000e-03
-2.99087857e-01  1.00000000e-03
-2.50731390e-01  1.00000000e-03
-6.56880994e-02  1.00000000e-03
 2.32608818e-01  1.00000000e-03
-1.08149783e-01  1.00000000e-03
 1.65172850e-01  1.00000000e-03
 8.44462003e-02  1.00000000e-03
 2.41973862e-01  1.00000000e-03
-2.97644951e-01  1.00000000e-03
-6.72677019e-03  1.00000000e-03
-5.70632505e-02  1.00000000e-03
-1.28342911e-01  1.00000000e-03
-7.69393101e-02  1.00000000e-03
 1.30784378e-02  1.00000000e-03
 2.67845332e-01  1.00000000e-03
 2.41186593e-01  1.00000000e-03
 3.61685144e-01  1.00000000e-03
 2.55552265e-01  1.00000000e-03
-2.19486951e-01  1.00000000e-03
 3.59731357e-01  1.00000000e-03
 2.01898230e-01  1.00000000e-03
 2.02623858e-01  1.00000000e-03
 1.54261910e-01  1.00000000e-03
-1.13950481e-01  1.00000000e-03
-1.00478699e-01  1.00000000e-03
-2.72790939e-01  1.00000000e-03
-2.69998647e-01  1.00000000e-03
-8.72649803e-02  1.00000000e-03
 1.71447645e-01  1.00000000e-03
 2.18137137e-01  1.00000000e-03
-2.56617671e-02  1.00000000e-03
 2.97078369e-02  1.00000000e-03
 2.37600289e-02  1.00000000e-03
 1.46473985e-02  1.00000000e-03
-2.91897703e-01  1.00000000e-03
 3.31859319e-02  1.00000000e-03
-1.29605092e-02  1.00000000e-03
-1.96474431e-01  1.00000000e-03
 1.24494076e-01  1.00000000e-03
-1.70623948e-01  1.00000000e-03
 3.40525751e-01  1.00000000e-03
 6.60706248e-02  1.00000000e-03
 3.22303909e-02  1.00000000e-03
-1.67032833e-01  1.00000000e-03
 1.78436134e-01  1.00000000e-03
 2.49116268e-01  1.00000000e-03
 3.24669045e-01  1.00000000e-03
 4.08278288e-02  1.00000000e-03
-1.88357992e-01  1.00000000e-03
-8.18408146e-02  1.00000000e-03
 2.45135555e-01  1.00000000e-03
 1.91149052e-01  1.00000000e-03
 1.21638359e-01  1.00000000e-03
 3.04772391e-01  1.00000000e-03
-2.56186472e-01  1.00000000e-03
-1.63001790e-01  1.00000000e-03
 7.54422776e-02  1.00000000e-03
-1.36507141e-01  1.00000000e-03
-2.60992398e-01  1.00000000e-03
 1.84999915e-01  1.00000000e-03
-4.01345642e-02  1.00000000e-03
 5.12004284e-02  1.00000000e-03
-2.43295799e-01  1.00000000e-03
-3.05610962e-01  1.00000000e-03
-2.53453943e-01  1.00000000e-03
-1.19718118e-01  1.00000000e-03
 1.81244546e-01  1.00000000e-03
-3.11450327e-01  1.00000000e-03
-2.79815067e-01  1.00000000e-03
 2.12911141e-01  1.00000000e-03
-1.53427863e-01  1.00000000e-03
-2.18837031e-01  1.00000000e-03
 3.70344662e-02  1.00000000e-03
 1.46421138e-01  1.00000000e-03
-2.65136060e-01  1.00000000e-03
-4.61188224e-02  1.00000000e-03
 2.34157303e-01  1.00000000e-03
-2.41951974e-01  1.00000000e-03
 2.81289064e-01  1.00000000e-03
 4.03415052e-02  1.00000000e-03
-1.18374617e-01  1.00000000e-03
-2.75593159e-01  1.00000000e-03
 7.61268211e-02  1.00000000e-03
-1.12760357e-01  1.00000000e-03
-2.33941294e-01  1.00000000e-03
-1.50220024e-01  1.00000000e-03
 1.40036661e-01  1.00000000e-03
 3.11027811e-01  1.00000000e-03
 5.05848400e-02  1.00000000e-03
-2.58242415e-01  1.00000000e-03
-1.18951919e-01  1.00000000e-03
-1.33945069e-01  1.00000000e-03
-2.02153674e-01  1.00000000e-03
 2.54743231e-01  1.00000000e-03
-7.52038078e-02  1.00000000e-03
-1.58632168e-01  1.00000000e-03
-2.08521600e-01  1.00000000e-03
-2.85478868e-01  1.00000000e-03
-6.74678703e-02  1.00000000e-03
-2.07882073e-01  1.00000000e-03
 1.06781157e-02  1.00000000e-03
 1.41486039e-01  1.00000000e-03
-2.20137486e-01  1.00000000e-03
 2.33912042e-02  1.00000000e-03
 1.99384989e-02  1.00000000e-03
 3.19173546e-01  1.00000000e-03
-4.16298978e-02  1.00000000e-03
-2.80842773e-02  1.00000000e-03
-9.74866636e-02  1.00000000e-03
 1.93985002e-01  1.00000000e-03
-1.32825349e-02  1.00000000e-03
 1.96841114e-01  1.00000000e-03
 2.72009411e-01  1.00000000e-03
-1.22801277e-01  1.00000000e-03
-2.09161736e-01  1.00000000e-03
-1.11993288e-01  1.00000000e-03
-2.36601571e-01  1.00000000e-03
-3.07796210e-01  1.00000000e-03
-3.04157146e-01  1.00000000e-03
-1.23578891e-01  1.00000000e-03
 1.35814417e-01  1.00000000e-03
-2.07243154e-01  1.00000000e-03
-7.09947239e-02  1.00000000e-03
-1.43634606e-01  1.00000000e-03
-1.46416230e-02  1.00000000e-03
-4.28742110e-02  1.00000000e-03
 1.15898812e-03  1.00000000e-03
 1.70257759e-01  1.00000000e-03
-1.24863477e-01  1.00000000e-03
 3.60707490e-01  1.00000000e-03
 1.01489757e-01  1.00000000e-03
-5.50766876e-03  1.00000000e-03
 3.03884443e-01  1.00000000e-03
-1.95219053e-01  1.00000000e-03
 2.89004337e-01  1.00000000e-03
 3.69561386e-01  1.00000000e-03
-5.29376790e-02  1.00000000e-03
-1.14536258e-01  1.00000000e-03
-9.84017760e-02  1.00000000e-03
-2.83350319e-01  1.00000000e-03
 2.29526450e-01  1.00000000e-03
-2.37935439e-01  1.00000000e-03
 2.19640535e-01  1.00000000e-03
-7.84944792e-03  1.00000000e-03
-1.68891454e-01  1.00000000e-03
 3.51976889e-01  1.00000000e-03
-2.15596638e-01  1.00000000e-03
-1.52623226e-01  1.00000000e-03
 2.07037806e-02  1.00000000e-03
 1.67567236e-01  1.00000000e-03
-2.89752570e-01  1.00000000e-03
-2.67216294e-01  1.00000000e-03
-9.60283554e-02  1.00000000e-03
 5.82664663e-02  1.00000000e-03
-2.79109870e-01  1.00000000e-03
-7.41023367e-02  1.00000000e-03
-5.51462924e-02  1.00000000e-03
-1.38564764e-01  1.00000000e-03
 2.11605060e-02  1.00000000e-03
 3.20999574e-01  1.00000000e-03
 1.30997290e-01  1.00000000e-03
-1.90844388e-01  1.00000000e-03
-8.92928190e-02  1.00000000e-03
 3.45270874e-01  1.00000000e-03
 2.70788545e-02  1.00000000e-03
-1.05733020e-01  1.00000000e-03
-2.25363935e-01  1.00000000e-03
 3.05661756e-01  1.00000000e-03
 1.80811491e-01  1.00000000e-03
 2.62892460e-01  1.00000000e-03
 6.50328638e-02  1.00000000e-03
 3.54873466e-01  1.00000000e-03
-2.55502405e-01  1.00000000e-03
 2.43552180e-01  1.00000000e-03
-2.28650531e-01  1.00000000e-03
-1.93340545e-01  1.00000000e-03
-3.22233711e-02  1.00000000e-03
-3.09256054e-01  1.00000000e-03
 1.02934805e-01  1.00000000e-03
-2.86900978e-01  1.00000000e-03
 9.89010381e-02  1.00000000e-03
-4.76867423e-02  1.00000000e-03
 8.51642319e-02  1.00000000e-03
-2.72091935e-01  1.00000000e-03
 3.47179377e-01  1.00000000e-03
 1.52712171e-01  1.00000000e-03
-1.70065675e-01  1.00000000e-03
 8.15918351e-02  1.00000000e-03
 2.04810014e-01  1.00000000e-03
 2.95082496e-01  1.00000000e-03
-2.76997986e-01  1.00000000e-03
-6.91935573e-02  1.00000000e-03
 1.85475124e-01  1.00000000e-03
-1.75465498e-01  1.00000000e-03
 1.22424677e-01  1.00000000e-03
-2.52091420e-01  1.00000000e-03
 4.41487806e-03  1.00000000e-03
 2.16638319e-01  1.00000000e-03
-5.81696980e-02  1.00000000e-03
-1.54637566e-01  1.00000000e-03
-1.87737921e-01  1.00000000e-03
 7.98930512e-02  1.00000000e-03
 8.98137325e-02  1.00000000e-03
-1.77290837e-01  1.00000000e-03
 2.18634662e-02  1.00000000e-03
 2.50717518e-01  1.00000000e-03
-3.00533194e-01  1.00000000e-03
-2.43968646e-01  1.00000000e-03
 1.70782822e-02  1.00000000e-03
-4.70968459e-02  1.00000000e-03
 1.42342963e-01  1.00000000e-03
-1.20961472e-01  1.00000000e-03
 2.45929147e-01  1.00000000e-03
-5.00535619e-03  1.00000000e-03
-1.25221688e-02  1.00000000e-03
 6.44257995e-02  1.00000000e-03
 1.59214939e-01  1.00000000e-03
-2.96924410e-01  1.00000000e-03
 1.93369111e-01  1.00000000e-03
-1.44097084e-01  1.00000000e-03
 1.94761390e-01  1.00000000e-03
 2.06272890e-01  1.00000000e-03
 2.87280198e-01  1.00000000e-03
-1.11397690e-01  1.00000000e-03
 7.68663489e-02  1.00000000e-03
-2.84768736e-01  1.00000000e-03
-8.36538564e-02  1.00000000e-03
-1.41580960e-01  1.00000000e-03
 5.65709938e-02  1.00000000e-03
 2.09212063e-01  1.00000000e-03
-2.04057676e-01  1.00000000e-03
-6.10580719e-02  1.00000000e-03
-1.04370420e-01  1.00000000e-03
 9.56012892e-02  1.00000000e-03
-2.86189616e-01  1.00000000e-03
 3.53881970e-02  1.00000000e-03
-4.07819512e-02  1.00000000e-03
 1.36652203e-01  1.00000000e-03
 1.42962217e-01  1.00000000e-03
-1.92516271e-03  1.00000000e-03
 1.95409201e-01  1.00000000e-03
-8.23936494e-02  1.00000000e-03
 1.72763207e-01  1.00000000e-03
-4.34483486e-02  1.00000000e-03
-2.94048343e-01  1.00000000e-03
 1.79398285e-01  1.00000000e-03
 3.66596311e-01  1.00000000e-03
-2.19776267e-02  1.00000000e-03
-1.26602335e-01  1.00000000e-03
 1.62205767e-01  1.00000000e-03
-1.39047744e-01  1.00000000e-03
-1.91302527e-02  1.00000000e-03
-1.27856873e-01  1.00000000e-03
-1.85263766e-01  1.00000000e-03
 1.89731828e-01  1.00000000e-03
 4.99811720e-02  1.00000000e-03
-2.48018813e-01  1.00000000e-03
 2.56362602e-01  1.00000000e-03
-1.25923148e-01  1.00000000e-03
-1.71249663e-01  1.00000000e-03
 1.45783360e-01  1.00000000e-03
 2.86420198e-01  1.00000000e-03
 6.66992493e-02  1.00000000e-03
-1.40317488e-01  1.00000000e-03
-1.74251533e-01  1.00000000e-03
 6.00268577e-02  1.00000000e-03
 3.68571492e-01  1.00000000e-03
 3.72540298e-01  1.00000000e-03
 2.85561577e-01  1.00000000e-03
-9.79099849e-02  1.00000000e-03
 9.35727880e-02  1.00000000e-03
 4.70258319e-02  1.00000000e-03
-1.91467513e-01  1.00000000e-03
 1.85971312e-02  1.00000000e-03
-1.80957654e-01  1.00000000e-03
-2.74190809e-01  1.00000000e-03
-9.67092668e-02  1.00000000e-03
-8.46973310e-02  1.00000000e-03
-3.07067191e-01  1.00000000e-03
 3.71545787e-01  1.00000000e-03
 4.52975328e-02  1.00000000e-03
-1.63440774e-01  1.00000000e-03
-2.30629917e-01  1.00000000e-03
 3.02112792e-01  1.00000000e-03
 1.27340663e-01  1.00000000e-03
-1.99623499e-01  1.00000000e-03
-1.51422711e-01  1.00000000e-03
-1.82184892e-01  1.00000000e-03
 2.11428154e-01  1.00000000e-03
 2.53935497e-01  1.00000000e-03
-2.06604843e-01  1.00000000e-03
 7.43147811e-02  1.00000000e-03
 7.75460150e-02  1.00000000e-03
 2.70339759e-01  1.00000000e-03
 2.57987193e-01  1.00000000e-03
 3.22831402e-01  1.00000000e-03
-9.53074409e-02  1.00000000e-03
 3.46224377e-01  1.00000000e-03
 3.25590051e-01  1.00000000e-03
 8.82374428e-03  1.00000000e-03
 9.95663004e-02  1.00000000e-03
 2.17387157e-01  1.00000000e-03
 4.65329144e-02  1.00000000e-03
-2.27334037e-01  1.00000000e-03
-1.79121419e-01  1.00000000e-03
 1.37237894e-01  1.00000000e-03
 5.28786834e-02  1.00000000e-03
 8.30528757e-02  1.00000000e-03
-1.79732886e-01  1.00000000e-03
 2.31836406e-01  1.00000000e-03
 2.07740246e-01  1.00000000e-03
 1.38439109e-02  1.00000000e-03
 3.60511752e-02  1.00000000e-03
 1.76566621e-01  1.00000000e-03
 1.72331193e-01  1.00000000e-03
 1.45336348e-01  1.00000000e-03
 4.30858718e-02  1.00000000e-03
-2.52772370e-01  1.00000000e-03
-2.54136140e-01  1.00000000e-03
-2.22745779e-01  1.00000000e-03
-3.06338775e-01  1.00000000e-03
 2.59617021e-01  1.00000000e-03
-6.44770237e-02  1.00000000e-03
-8.79531675e-02  1.00000000e-03
 4.82319385e-02  1.00000000e-03
-1.04193131e-02  1.00000000e-03
-1.06331373e-01  1.00000000e-03
-9.47862544e-02  1.00000000e-03
 8.61433647e-02  1.00000000e-03
-7.22058311e-02  1.00000000e-03
 3.36756421e-01  1.00000000e-03
-1.60639575e-01  1.00000000e-03
 2.72846253e-01  1.00000000e-03
 2.27227334e-01  1.00000000e-03
-6.33481404e-02  1.00000000e-03
-2.62061052e-02  1.00000000e-03
-1.83414596e-01  1.00000000e-03
-2.50052311e-01  1.00000000e-03
-2.45990925e-01  1.00000000e-03
 8.75695829e-02  1.00000000e-03
 1.08671688e-01  1.00000000e-03
 9.30106164e-02  1.00000000e-03
 2.75364867e-01  1.00000000e-03
 3.74533951e-01  1.00000000e-03
 2.91600925e-01  1.00000000e-03
-1.14940845e-01  1.00000000e-03
 2.20393962e-01  1.00000000e-03
 3.20085836e-01  1.00000000e-03
 2.22661199e-01  1.00000000e-03
-8.85841866e-02  1.00000000e-03
 3.58756744e-01  1.00000000e-03
-2.13015349e-01  1.00000000e-03
 1.40901505e-01  1.00000000e-03
-5.85712383e-02  1.00000000e-03
-2.14950398e-01  1.00000000e-03
 2.05540859e-01  1.00000000e-03
 1.30183739e-01  1.00000000e-03
-1.97732238e-01  1.00000000e-03
-1.52217965e-01  1.00000000e-03
 2.37269021e-01  1.00000000e-03
-1.42368487e-01  1.00000000e-03
-2.95485157e-01  1.00000000e-03
 3.56812074e-01  1.00000000e-03
-2.58928976e-01  1.00000000e-03
 2.75004061e-02  1.00000000e-03
 1.04443510e-01  1.00000000e-03
 2.84704330e-01  1.00000000e-03
-3.27725382e-02  1.00000000e-03
 6.30674304e-02  1.00000000e-03
-2.56871163e-01  1.00000000e-03
-1.32647682e-01  1.00000000e-03
-2.92613971e-01  1.00000000e-03
 1.58730217e-01  1.00000000e-03
-1.42843193e-01  1.00000000e-03
 1.18271016e-01  1.00000000e-03
 1.77982996e-01  1.00000000e-03
 8.68571851e-02  1.00000000e-03
 2.64538106e-01  1.00000000e-03
 1.86391597e-01  1.00000000e-03
-8.41398889e-02  1.00000000e-03
 4.37039234e-02  1.00000000e-03
-1.92091248e-01  1.00000000e-03
 2.57174244e-01  1.00000000e-03
 2.98586411e-01  1.00000000e-03
 4.89144835e-03  1.00000000e-03
-8.46112906e-03  1.00000000e-03
-1.01782521e-01  1.00000000e-03
-1.72445068e-01  1.00000000e-03
 1.38652595e-01  1.00000000e-03
 2.14398622e-01  1.00000000e-03
 2.21904290e-01  1.00000000e-03
 1.89184263e-01  1.00000000e-03
 3.75679028e-02  1.00000000e-03
-6.39830225e-02  1.00000000e-03
 1.64630547e-01  1.00000000e-03
-1.53823124e-01  1.00000000e-03
 2.15144055e-01  1.00000000e-03
 2.74523979e-01  1.00000000e-03
-2.30138937e-02  1.00000000e-03
-2.85329251e-02  1.00000000e-03
 7.24017503e-02  1.00000000e-03
-1.27035498e-01  1.00000000e-03
 1.63685107e-01  1.00000000e-03
 2.34933384e-01  1.00000000e-03
-1.65837771e-01  1.00000000e-03
 2.33382449e-01  1.00000000e-03
 7.04707784e-02  1.00000000e-03
 1.90582115e-01  1.00000000e-03
 5.88937988e-02  1.00000000e-03
-1.07497482e-01  1.00000000e-03
 3.10129904e-01  1.00000000e-03
 6.05059050e-02  1.00000000e-03
 2.36489240e-01  1.00000000e-03
 1.14443613e-02  1.00000000e-03
-2.48696022e-01  1.00000000e-03
-2.63061427e-01  1.00000000e-03
-2.03422402e-01  1.00000000e-03
-2.40610639e-01  1.00000000e-03
-1.56234516e-01  1.00000000e-03
 3.21914762e-01  1.00000000e-03
 3.28361830e-01  1.00000000e-03
 2.67016528e-01  1.00000000e-03
-2.72646325e-02  1.00000000e-03
-4.87262758e-02  1.00000000e-03
-1.08769475e-01  1.00000000e-03
-2.17539033e-01  1.00000000e-03
-2.13725332e-02  1.00000000e-03
 1.02190763e-01  1.00000000e-03
-2.95146271e-02  1.00000000e-03
-2.57556477e-01  1.00000000e-03
 2.79589634e-01  1.00000000e-03
-2.21440401e-01  1.00000000e-03
-2.29309707e-01  1.00000000e-03
-1.95434785e-02  1.00000000e-03
 1.47760946e-01  1.00000000e-03
-2.33277777e-01  1.00000000e-03
-1.59830664e-01  1.00000000e-03
-1.02361163e-01  1.00000000e-03
-8.11482321e-02  1.00000000e-03
 1.06472812e-01  1.00000000e-03
-1.45339810e-01  1.00000000e-03
-2.94766445e-01  1.00000000e-03
-2.54818961e-01  1.00000000e-03
 7.36680901e-02  1.00000000e-03
 1.51475551e-01  1.00000000e-03
-2.05967140e-01  1.00000000e-03
 1.13883649e-01  1.00000000e-03
-1.78510600e-01  1.00000000e-03
 1.63162327e-01  1.00000000e-03
 1.14633927e-01  1.00000000e-03
-2.11728371e-01  1.00000000e-03
 1.15379152e-01  1.00000000e-03
 2.93338925e-01  1.00000000e-03
 4.18507449e-02  1.00000000e-03
-2.41280995e-01  1.00000000e-03
 2.47520151e-01  1.00000000e-03
-2.24053623e-01  1.00000000e-03
 3.70552817e-01  1.00000000e-03
-7.93866302e-02  1.00000000e-03
 1.20985006e-02  1.00000000e-03
-2.31290952e-01  1.00000000e-03
 1.12115776e-01  1.00000000e-03
-3.00775452e-02  1.00000000e-03
 4.23134508e-03  1.00000000e-03
 2.42762390e-01  1.00000000e-03
-2.31952606e-01  1.00000000e-03
-2.47342227e-01  1.00000000e-03
-3.80521792e-02  1.00000000e-03
 2.71173913e-01  1.00000000e-03
 3.13730119e-01  1.00000000e-03
-1.81570964e-01  1.00000000e-03
-1.59457345e-01  1.00000000e-03
 3.48135876e-01  1.00000000e-03
 2.80482519e-02  1.00000000e-03
-8.29567875e-02  1.00000000e-03
 7.81164157e-02  1.00000000e-03
-6.86474220e-02  1.00000000e-03
 1.52766525e-02  1.00000000e-03
 3.34880642e-01  1.00000000e-03
-2.08926375e-02  1.00000000e-03
 3.31146787e-01  1.00000000e-03
 1.13094408e-01  1.00000000e-03
-1.87118463e-01  1.00000000e-03
-1.73649415e-01  1.00000000e-03
-1.36022875e-01  1.00000000e-03
 1.10641053e-01  1.00000000e-03
-7.88464848e-02  1.00000000e-03
 2.76207107e-01  1.00000000e-03
 2.80438667e-01  1.00000000e-03
-2.66522261e-01  1.00000000e-03
 2.63714621e-01  1.00000000e-03
 2.92469230e-01  1.00000000e-03
 3.73536352e-01  1.00000000e-03
 1.96162757e-01  1.00000000e-03
-2.74891674e-01  1.00000000e-03
-1.76681722e-01  1.00000000e-03
-3.01256773e-01  1.00000000e-03
-2.64443893e-01  1.00000000e-03
 5.17609768e-02  1.00000000e-03
 2.00450270e-01  1.00000000e-03
-1.44892169e-01  1.00000000e-03
 3.26723062e-02  1.00000000e-03
-9.03153230e-02  1.00000000e-03
 1.31609886e-01  1.00000000e-03
-2.71393551e-01  1.00000000e-03
 3.02997911e-01  1.00000000e-03
 1.73714535e-01  1.00000000e-03
 8.90888222e-02  1.00000000e-03
 2.85978461e-02  1.00000000e-03
-3.38467816e-02  1.00000000e-03
 6.37080513e-02  1.00000000e-03
-1.76073722e-01  1.00000000e-03
 2.46724011e-01  1.00000000e-03
 2.52323921e-01  1.00000000e-03
-6.26366255e-02  1.00000000e-03
 8.23261042e-02  1.00000000e-03
 1.60150237e-01  1.00000000e-03
-1.20180735e-02  1.00000000e-03
 3.08338373e-01  1.00000000e-03
