       400  0.1025001E-02
       400  0.7880044E-03
       400  0.1102998E-02
       400  0.7680077E-03
       400  0.9419939E-03
      1000  0.1926007E-02
      1000  0.1865990E-02
      1000  0.1344998E-02
      1000  0.1424999E-02
      1000  0.1665003E-02
      4000  0.4367007E-02
      4000  0.4164018E-02
      4000  0.4037980E-02
      4000  0.4423949E-02
      4000  0.4018004E-02
     10000  0.1017400E-01
     10000  0.9977017E-02
     10000  0.1037497E-01
     10000  0.1031200E-01
     10000  0.9934997E-02
     20000  0.1961109E-01
     20000  0.1976600E-01
     20000  0.2010598E-01
     20000  0.1972297E-01
     20000  0.1992487E-01
     50000  0.4960725E-01
