-2.59714050e-01  1.00000000e-03
 5.09177609e-01  1.00000000e-03
-2.38654407e-01  1.00000000e-03
 5.73708596e-01  1.00000000e-03
-2.50431293e-01  1.00000000e-03
 1.14024792e-01  1.00000000e-03
-2.78558723e-01  1.00000000e-03
 5.35355450e-01  1.00000000e-03
 5.44885463e-01  1.00000000e-03
 5.68068622e-01  1.00000000e-03
 5.85738251e-01  1.00000000e-03
-2.38382042e-01  1.00000000e-03
-2.19288227e-01  1.00000000e-03
-2.61070496e-01  1.00000000e-03
-2.37391845e-01  1.00000000e-03
-7.05254162e-02  1.00000000e-03
-2.91843021e-01  1.00000000e-03
 2.09507870e-01  1.00000000e-03
 2.53044307e-02  1.00000000e-03
-2.68827377e-01  1.00000000e-03
-3.79313770e-02  1.00000000e-03
-3.31224074e-01  1.00000000e-03
-2.10808473e-01  1.00000000e-03
-2.57742888e-01  1.00000000e-03
-2.56603792e-01  1.00000000e-03
 4.88093595e-01  1.00000000e-03
-2.31577725e-01  1.00000000e-03
-2.45860559e-01  1.00000000e-03
 2.32839798e-01  1.00000000e-03
-2.14018435e-01  1.00000000e-03
-1.58862584e-01  1.00000000e-03
 5.86161645e-01  1.00000000e-03
 5.67887864e-01  1.00000000e-03
-2.71594177e-01  1.00000000e-03
-1.13998802e-02  1.00000000e-03
 9.06280124e-02  1.00000000e-03
 1.63728984e-03  1.00000000e-03
 4.86475070e-01  1.00000000e-03
 6.35708971e-01  1.00000000e-03
-2.33522549e-01  1.00000000e-03
-2.52360719e-01  1.00000000e-03
-2.83517061e-01  1.00000000e-03
 6.73959877e-02  1.00000000e-03
 1.34929695e-01  1.00000000e-03
 5.79066330e-01  1.00000000e-03
-2.47361118e-01  1.00000000e-03
-2.52962054e-01  1.00000000e-03
-2.14266541e-01  1.00000000e-03
-2.30759194e-01  1.00000000e-03
-2.47700549e-01  1.00000000e-03
-2.94126906e-01  1.00000000e-03
-2.94406367e-01  1.00000000e-03
-2.63228025e-01  1.00000000e-03
 3.27745831e-02  1.00000000e-03
-2.37780012e-01  1.00000000e-03
 3.00996093e-01  1.00000000e-03
-2.52377538e-01  1.00000000e-03
 5.55073627e-02  1.00000000e-03
 5.37044011e-01  1.00000000e-03
 5.74663235e-02  1.00000000e-03
 1.07564879e-01  1.00000000e-03
-2.79255245e-01  1.00000000e-03
-2.38241490e-01  1.00000000e-03
 5.93628715e-01  1.00000000e-03
-2.71252881e-01  1.00000000e-03
-2.16268353e-01  1.00000000e-03
-1.27796121e-01  1.00000000e-03
-2.93925035e-01  1.00000000e-03
-1.59499313e-01  1.00000000e-03
-1.11429110e-01  1.00000000e-03
-1.18650959e-01  1.00000000e-03
-2.58316757e-01  1.00000000e-03
 5.75181138e-01  1.00000000e-03
-2.75663528e-01  1.00000000e-03
-2.69453471e-01  1.00000000e-03
-2.38840838e-02  1.00000000e-03
-2.36884502e-01  1.00000000e-03
-2.22114523e-01  1.00000000e-03
-1.23661787e-01  1.00000000e-03
 3.57240773e-01  1.00000000e-03
-2.28600052e-01  1.00000000e-03
 4.71150257e-02  1.00000000e-03
-2.49782772e-01  1.00000000e-03
-2.07807931e-01  1.00000000e-03
 4.64311494e-01  1.00000000e-03
-2.40710930e-01  1.00000000e-03
-1.87274084e-01  1.00000000e-03
 1.04649721e-01  1.00000000e-03
 2.98992220e-01  1.00000000e-03
-3.06039001e-01  1.00000000e-03
 6.16647518e-01  1.00000000e-03
-2.46178051e-01  1.00000000e-03
-2.64831309e-01  1.00000000e-03
-2.49141324e-01  1.00000000e-03
-2.76461974e-01  1.00000000e-03
 1.36454130e-01  1.00000000e-03
-9.94475141e-02  1.00000000e-03
-2.20752126e-01  1.00000000e-03
 2.62417013e-01  1.00000000e-03
-2.65366120e-01  1.00000000e-03
 3.97326432e-01  1.00000000e-03
-1.28113493e-01  1.00000000e-03
-2.45363991e-01  1.00000000e-03
-2.24590932e-01  1.00000000e-03
-2.98301294e-01  1.00000000e-03
 6.98959911e-02  1.00000000e-03
-2.71964222e-01  1.00000000e-03
-1.34323280e-01  1.00000000e-03
 4.96039959e-02  1.00000000e-03
 4.85230402e-01  1.00000000e-03
-2.16123216e-01  1.00000000e-03
-2.55108688e-01  1.00000000e-03
 3.34156092e-01  1.00000000e-03
 3.74161517e-01  1.00000000e-03
 5.11191398e-01  1.00000000e-03
 6.15187185e-02  1.00000000e-03
 5.55608158e-01  1.00000000e-03
-2.38838994e-01  1.00000000e-03
-1.90045577e-01  1.00000000e-03
-7.94028209e-02  1.00000000e-03
 4.70444476e-01  1.00000000e-03
-8.78652602e-02  1.00000000e-03
 5.53825028e-01  1.00000000e-03
-2.75795661e-01  1.00000000e-03
 5.82324001e-01  1.00000000e-03
-2.21802531e-01  1.00000000e-03
-2.80885836e-01  1.00000000e-03
 5.78633556e-01  1.00000000e-03
 5.29537739e-01  1.00000000e-03
 5.87386010e-01  1.00000000e-03
-1.43898123e-01  1.00000000e-03
 4.95966694e-01  1.00000000e-03
-2.54659432e-01  1.00000000e-03
-1.23076638e-01  1.00000000e-03
 4.60831565e-01  1.00000000e-03
-2.57630488e-01  1.00000000e-03
-2.40705031e-01  1.00000000e-03
-3.03932144e-01  1.00000000e-03
 4.74536997e-01  1.00000000e-03
 6.26023244e-03  1.00000000e-03
 5.57360318e-01  1.00000000e-03
 4.27696942e-01  1.00000000e-03
-8.61408761e-02  1.00000000e-03
-2.74187009e-01  1.00000000e-03
 4.25580307e-01  1.00000000e-03
 5.19416640e-01  1.00000000e-03
-2.51597134e-01  1.00000000e-03
-3.01592615e-01  1.00000000e-03
 4.61458780e-01  1.00000000e-03
 6.64676677e-02  1.00000000e-03
-2.67418276e-01  1.00000000e-03
-2.56233964e-01  1.00000000e-03
 6.02382567e-01  1.00000000e-03
-2.78404921e-01  1.00000000e-03
-2.57784766e-01  1.00000000e-03
 5.88885483e-01  1.00000000e-03
-2.54284649e-01  1.00000000e-03
-1.68323691e-01  1.00000000e-03
 5.44583378e-01  1.00000000e-03
 6.18567662e-01  1.00000000e-03
-2.78622730e-01  1.00000000e-03
 5.21489817e-01  1.00000000e-03
 5.06611112e-01  1.00000000e-03
-3.67198800e-02  1.00000000e-03
-2.43058396e-01  1.00000000e-03
 2.45130831e-01  1.00000000e-03
 4.60569364e-01  1.00000000e-03
-2.82970335e-01  1.00000000e-03
 5.58589635e-02  1.00000000e-03
-1.72420427e-01  1.00000000e-03
 4.06751376e-01  1.00000000e-03
 3.47700169e-01  1.00000000e-03
 5.12062228e-02  1.00000000e-03
 5.63986155e-01  1.00000000e-03
-3.05319982e-01  1.00000000e-03
-3.08262182e-01  1.00000000e-03
-2.68399732e-01  1.00000000e-03
 5.52191089e-01  1.00000000e-03
 2.17463784e-01  1.00000000e-03
-2.36423924e-01  1.00000000e-03
 5.44303082e-01  1.00000000e-03
-1.25987050e-01  1.00000000e-03
-3.66269677e-02  1.00000000e-03
 5.03518931e-01  1.00000000e-03
 5.08809202e-01  1.00000000e-03
 3.95011889e-02  1.00000000e-03
-2.70542487e-01  1.00000000e-03
-2.53271753e-01  1.00000000e-03
 5.75778430e-01  1.00000000e-03
-1.31220593e-01  1.00000000e-03
-2.53517423e-01  1.00000000e-03
-2.29314093e-01  1.00000000e-03
-2.94015775e-01  1.00000000e-03
-8.85640725e-02  1.00000000e-03
-2.30175614e-01  1.00000000e-03
 7.95937278e-02  1.00000000e-03
 5.40914408e-01  1.00000000e-03
 2.41594005e-01  1.00000000e-03
-2.06113517e-01  1.00000000e-03
 1.62464136e-01  1.00000000e-03
-2.97013809e-01  1.00000000e-03
-2.44156695e-01  1.00000000e-03
-1.34204840e-01  1.00000000e-03
-2.65683256e-01  1.00000000e-03
 3.65054767e-01  1.00000000e-03
-2.45841479e-01  1.00000000e-03
 1.91421274e-01  1.00000000e-03
-2.86732245e-01  1.00000000e-03
-2.44351582e-01  1.00000000e-03
-2.53148392e-01  1.00000000e-03
-2.54321641e-01  1.00000000e-03
-2.47160551e-01  1.00000000e-03
-2.73650265e-01  1.00000000e-03
-2.00272985e-01  1.00000000e-03
-2.44380633e-01  1.00000000e-03
-2.55881346e-01  1.00000000e-03
 5.80889795e-01  1.00000000e-03
 1.55279694e-01  1.00000000e-03
-2.08262858e-01  1.00000000e-03
-1.00975656e-01  1.00000000e-03
-2.71879749e-01  1.00000000e-03
-2.39909565e-01  1.00000000e-03
-2.58356942e-01  1.00000000e-03
 3.58954129e-01  1.00000000e-03
-8.36041355e-02  1.00000000e-03
-2.42750177e-01  1.00000000e-03
-2.35228671e-01  1.00000000e-03
-1.27566946e-02  1.00000000e-03
 5.51581628e-01  1.00000000e-03
 1.91913998e-01  1.00000000e-03
-2.90997711e-01  1.00000000e-03
-2.46756507e-01  1.00000000e-03
 5.59976727e-01  1.00000000e-03
-1.62605833e-01  1.00000000e-03
-2.46899811e-01  1.00000000e-03
-3.08118931e-01  1.00000000e-03
-3.07921517e-01  1.00000000e-03
 2.62458279e-01  1.00000000e-03
 3.63531636e-01  1.00000000e-03
 2.86801427e-01  1.00000000e-03
-2.55448202e-01  1.00000000e-03
-1.60014154e-01  1.00000000e-03
-2.85873036e-01  1.00000000e-03
 4.86827144e-01  1.00000000e-03
-2.21931425e-01  1.00000000e-03
-7.76927717e-02  1.00000000e-03
-2.71236250e-01  1.00000000e-03
-2.76394002e-02  1.00000000e-03
 1.17494013e-01  1.00000000e-03
 1.83355987e-01  1.00000000e-03
-2.71758237e-01  1.00000000e-03
-2.74565320e-01  1.00000000e-03
 2.65480709e-01  1.00000000e-03
 4.12218668e-02  1.00000000e-03
-1.84677686e-01  1.00000000e-03
-2.30087242e-01  1.00000000e-03
 5.00573860e-01  1.00000000e-03
-1.21176556e-01  1.00000000e-03
 4.15177841e-01  1.00000000e-03
-2.32422865e-01  1.00000000e-03
-2.45281319e-01  1.00000000e-03
-3.21423839e-01  1.00000000e-03
 5.54622053e-01  1.00000000e-03
 5.72323986e-01  1.00000000e-03
-2.90290253e-01  1.00000000e-03
-9.21215105e-02  1.00000000e-03
 3.15430659e-01  1.00000000e-03
 1.73057207e-01  1.00000000e-03
 5.79031471e-01  1.00000000e-03
 2.49221172e-02  1.00000000e-03
-2.73709039e-01  1.00000000e-03
 3.00141251e-01  1.00000000e-03
-2.14485954e-01  1.00000000e-03
-6.60973611e-02  1.00000000e-03
 5.36721978e-01  1.00000000e-03
 1.66798314e-01  1.00000000e-03
-1.79178245e-01  1.00000000e-03
-5.68351051e-02  1.00000000e-03
-2.52513762e-01  1.00000000e-03
 3.58192754e-01  1.00000000e-03
-2.53621228e-01  1.00000000e-03
-2.09156132e-01  1.00000000e-03
 4.99903161e-01  1.00000000e-03
-2.69734549e-01  1.00000000e-03
-1.78425501e-01  1.00000000e-03
-2.67799022e-01  1.00000000e-03
-1.61724684e-01  1.00000000e-03
-2.07836113e-01  1.00000000e-03
-2.87517508e-01  1.00000000e-03
-7.30117170e-02  1.00000000e-03
-2.38553611e-01  1.00000000e-03
 6.02349303e-02  1.00000000e-03
 6.11574532e-01  1.00000000e-03
-1.09213486e-02  1.00000000e-03
 6.83474132e-02  1.00000000e-03
-2.08614652e-01  1.00000000e-03
 5.41293411e-01  1.00000000e-03
-2.89944875e-01  1.00000000e-03
 2.32404994e-01  1.00000000e-03
-2.64703012e-01  1.00000000e-03
 1.96674053e-01  1.00000000e-03
 6.08257829e-01  1.00000000e-03
 5.93724990e-01  1.00000000e-03
-2.81018536e-01  1.00000000e-03
-3.32433900e-01  1.00000000e-03
 1.49067442e-01  1.00000000e-03
-2.03021807e-01  1.00000000e-03
-2.99699958e-01  1.00000000e-03
-2.62694117e-01  1.00000000e-03
-2.20360801e-01  1.00000000e-03
-2.57807009e-01  1.00000000e-03
 2.30157451e-01  1.00000000e-03
-1.26565843e-01  1.00000000e-03
-2.79287439e-01  1.00000000e-03
 2.46611526e-01  1.00000000e-03
 5.56389258e-01  1.00000000e-03
-2.46989888e-01  1.00000000e-03
 3.74617179e-01  1.00000000e-03
 4.81485613e-01  1.00000000e-03
 5.57979557e-01  1.00000000e-03
 2.51901056e-01  1.00000000e-03
 3.12394731e-01  1.00000000e-03
-8.42037274e-02  1.00000000e-03
 4.00208880e-01  1.00000000e-03
 4.08508077e-03  1.00000000e-03
-5.46210349e-02  1.00000000e-03
 3.22334719e-01  1.00000000e-03
-3.73554092e-02  1.00000000e-03
-2.67117375e-01  1.00000000e-03
-2.37700386e-01  1.00000000e-03
-1.52385297e-02  1.00000000e-03
-2.45443497e-01  1.00000000e-03
-9.56742598e-02  1.00000000e-03
-1.26365321e-01  1.00000000e-03
 5.81524878e-01  1.00000000e-03
 4.34797966e-01  1.00000000e-03
-2.86901781e-01  1.00000000e-03
-2.62540927e-01  1.00000000e-03
-1.08122364e-01  1.00000000e-03
 4.65992095e-01  1.00000000e-03
-1.16133110e-01  1.00000000e-03
-2.78769002e-01  1.00000000e-03
-1.86715000e-01  1.00000000e-03
 4.24029131e-01  1.00000000e-03
 2.69605580e-03  1.00000000e-03
-2.70391578e-01  1.00000000e-03
-1.51494147e-01  1.00000000e-03
-2.57433705e-01  1.00000000e-03
-2.45280254e-01  1.00000000e-03
 4.07131543e-01  1.00000000e-03
-1.27390912e-01  1.00000000e-03
 4.41226391e-01  1.00000000e-03
 4.31008335e-01  1.00000000e-03
 7.41493294e-02  1.00000000e-03
-2.26130884e-01  1.00000000e-03
 5.80875748e-01  1.00000000e-03
 9.05088030e-02  1.00000000e-03
 5.08268857e-01  1.00000000e-03
-1.77775253e-01  1.00000000e-03
 1.96019501e-01  1.00000000e-03
-2.52840933e-01  1.00000000e-03
 1.50383998e-01  1.00000000e-03
-2.42999604e-01  1.00000000e-03
 3.97872033e-01  1.00000000e-03
 4.33034976e-01  1.00000000e-03
 3.49191623e-02  1.00000000e-03
 3.10215846e-01  1.00000000e-03
 3.83302003e-01  1.00000000e-03
-2.86022225e-01  1.00000000e-03
-2.75598496e-01  1.00000000e-03
 2.10152306e-01  1.00000000e-03
 5.21097791e-01  1.00000000e-03
-1.32804128e-01  1.00000000e-03
-2.33387205e-01  1.00000000e-03
 4.48126172e-01  1.00000000e-03
 5.47065772e-01  1.00000000e-03
-2.57791002e-01  1.00000000e-03
-2.93113047e-01  1.00000000e-03
 1.54687688e-01  1.00000000e-03
 6.75079727e-03  1.00000000e-03
-2.40806401e-01  1.00000000e-03
 5.91589254e-01  1.00000000e-03
-2.31144194e-01  1.00000000e-03
-1.82060402e-01  1.00000000e-03
 5.30753931e-01  1.00000000e-03
-2.66975204e-01  1.00000000e-03
-9.54359536e-02  1.00000000e-03
-1.87607837e-01  1.00000000e-03
-2.63210005e-01  1.00000000e-03
-2.62048603e-01  1.00000000e-03
-2.79198096e-01  1.00000000e-03
-7.72927914e-02  1.00000000e-03
-2.64462211e-01  1.00000000e-03
-2.75172676e-01  1.00000000e-03
-2.43721431e-01  1.00000000e-03
-2.31710062e-01  1.00000000e-03
 4.86454855e-01  1.00000000e-03
 8.88652787e-02  1.00000000e-03
 4.82236175e-01  1.00000000e-03
-2.95437549e-01  1.00000000e-03
-2.89097754e-01  1.00000000e-03
-1.47254787e-01  1.00000000e-03
 4.18165827e-02  1.00000000e-03
 5.51107148e-01  1.00000000e-03
-2.42751217e-01  1.00000000e-03
-2.91324102e-01  1.00000000e-03
-1.57204439e-01  1.00000000e-03
 5.39545029e-01  1.00000000e-03
 3.31048307e-01  1.00000000e-03
-2.51338281e-01  1.00000000e-03
 1.10862445e-01  1.00000000e-03
 5.25183724e-01  1.00000000e-03
-2.50567777e-01  1.00000000e-03
-1.34671398e-01  1.00000000e-03
 3.38757362e-01  1.00000000e-03
 4.48069343e-01  1.00000000e-03
-2.47865886e-01  1.00000000e-03
-2.06952868e-01  1.00000000e-03
 3.19752957e-01  1.00000000e-03
 6.04983159e-02  1.00000000e-03
-2.49929369e-01  1.00000000e-03
 3.24053970e-01  1.00000000e-03
-1.97832400e-01  1.00000000e-03
 1.22551599e-01  1.00000000e-03
 3.62417106e-01  1.00000000e-03
-2.78883296e-01  1.00000000e-03
 1.01061128e-01  1.00000000e-03
 1.06154275e-02  1.00000000e-03
-3.09384152e-01  1.00000000e-03
-2.29281560e-01  1.00000000e-03
-2.07627049e-01  1.00000000e-03
-2.04817026e-01  1.00000000e-03
-2.11914219e-01  1.00000000e-03
-2.65364513e-01  1.00000000e-03
-2.89876972e-01  1.00000000e-03
-5.98780120e-02  1.00000000e-03
 2.74882176e-01  1.00000000e-03
-2.62209600e-01  1.00000000e-03
 2.10670886e-01  1.00000000e-03
-2.98835963e-01  1.00000000e-03
 4.04402176e-01  1.00000000e-03
-2.01115042e-01  1.00000000e-03
-2.75495167e-01  1.00000000e-03
-2.16611696e-01  1.00000000e-03
-9.52483601e-02  1.00000000e-03
-2.39544044e-01  1.00000000e-03
-2.77239807e-01  1.00000000e-03
-2.24726826e-01  1.00000000e-03
 5.29152165e-01  1.00000000e-03
 2.20070181e-01  1.00000000e-03
-6.80053560e-02  1.00000000e-03
-2.80476415e-01  1.00000000e-03
 5.47078637e-01  1.00000000e-03
-1.55826462e-01  1.00000000e-03
 8.74215286e-02  1.00000000e-03
-1.57927818e-01  1.00000000e-03
-2.51270455e-01  1.00000000e-03
 5.72282206e-01  1.00000000e-03
-1.67162765e-01  1.00000000e-03
 5.44952922e-01  1.00000000e-03
-2.35467543e-01  1.00000000e-03
-2.26720424e-01  1.00000000e-03
 2.06726714e-01  1.00000000e-03
-2.97885510e-02  1.00000000e-03
-2.08612975e-01  1.00000000e-03
-1.30813126e-01  1.00000000e-03
-1.11938928e-01  1.00000000e-03
 1.71303563e-01  1.00000000e-03
-2.99746054e-01  1.00000000e-03
 5.79344441e-01  1.00000000e-03
-4.62317419e-02  1.00000000e-03
-4.32421308e-02  1.00000000e-03
 5.00178547e-01  1.00000000e-03
 3.86470536e-01  1.00000000e-03
 6.92066375e-02  1.00000000e-03
 5.13185247e-02  1.00000000e-03
-2.81529182e-01  1.00000000e-03
-1.86561064e-01  1.00000000e-03
 5.46313260e-01  1.00000000e-03
-2.53713508e-01  1.00000000e-03
-2.88638473e-01  1.00000000e-03
-3.05795418e-01  1.00000000e-03
-2.83454567e-01  1.00000000e-03
-2.36339754e-01  1.00000000e-03
 4.82787036e-01  1.00000000e-03
-1.52989575e-01  1.00000000e-03
 7.44593173e-02  1.00000000e-03
-1.40554137e-01  1.00000000e-03
 4.91042245e-01  1.00000000e-03
-3.05218883e-01  1.00000000e-03
 2.16655257e-02  1.00000000e-03
-2.07044874e-01  1.00000000e-03
-1.59500746e-01  1.00000000e-03
-2.57560312e-01  1.00000000e-03
-1.76979207e-01  1.00000000e-03
 5.21040137e-01  1.00000000e-03
 4.89252936e-01  1.00000000e-03
 5.95416588e-01  1.00000000e-03
 5.05121017e-01  1.00000000e-03
-2.74370885e-01  1.00000000e-03
 5.94945781e-01  1.00000000e-03
 4.11535129e-01  1.00000000e-03
 4.14823270e-01  1.00000000e-03
 2.66481315e-01  1.00000000e-03
 3.05963390e-01  1.00000000e-03
 4.99779117e-02  1.00000000e-03
-2.90934833e-01  1.00000000e-03
-2.90249090e-01  1.00000000e-03
-2.29651486e-01  1.00000000e-03
 3.40617414e-01  1.00000000e-03
 4.41607769e-01  1.00000000e-03
-2.57110445e-01  1.00000000e-03
-2.12044077e-01  1.00000000e-03
-2.02839030e-01  1.00000000e-03
-2.37804760e-01  1.00000000e-03
-3.00854468e-01  1.00000000e-03
-1.98117114e-01  1.00000000e-03
-2.49527851e-01  1.00000000e-03
-2.67002606e-01  1.00000000e-03
-2.04065719e-01  1.00000000e-03
-2.57848445e-01  1.00000000e-03
 5.79503569e-01  1.00000000e-03
 3.15362110e-01  1.00000000e-03
 8.35199775e-02  1.00000000e-03
-1.48640993e-01  1.00000000e-03
-1.73913476e-01  1.00000000e-03
 4.99952270e-01  1.00000000e-03
 5.65252644e-01  1.00000000e-03
 2.86866946e-01  1.00000000e-03
-2.64248675e-01  1.00000000e-03
-2.05644997e-01  1.00000000e-03
 4.97899341e-01  1.00000000e-03
 3.13979340e-01  1.00000000e-03
 2.89684402e-01  1.00000000e-03
 5.50342689e-01  1.00000000e-03
-2.85274861e-01  1.00000000e-03
 2.94387840e-02  1.00000000e-03
-2.00753132e-01  1.00000000e-03
-2.53023514e-01  1.00000000e-03
-2.86657547e-01  1.00000000e-03
 8.38126726e-02  1.00000000e-03
 1.84602402e-01  1.00000000e-03
-1.55964734e-01  1.00000000e-03
-2.80533450e-01  1.00000000e-03
-3.10509034e-01  1.00000000e-03
-2.83840074e-01  1.00000000e-03
-1.76412510e-01  1.00000000e-03
-2.03586282e-01  1.00000000e-03
-3.34991653e-01  1.00000000e-03
-2.93313507e-01  1.00000000e-03
 4.33592292e-01  1.00000000e-03
-1.11398855e-01  1.00000000e-03
-2.74218963e-01  1.00000000e-03
-5.20052884e-03  1.00000000e-03
-2.53212525e-01  1.00000000e-03
-2.88578147e-01  1.00000000e-03
 3.40354523e-01  1.00000000e-03
 4.84932851e-01  1.00000000e-03
-2.79943818e-01  1.00000000e-03
 5.35303446e-01  1.00000000e-03
 3.68602829e-01  1.00000000e-03
-2.56774982e-01  1.00000000e-03
-2.91241466e-01  1.00000000e-03
-2.34335205e-01  1.00000000e-03
-2.15917434e-01  1.00000000e-03
-2.78417575e-01  1.00000000e-03
 1.50390547e-01  1.00000000e-03
-2.03545770e-01  1.00000000e-03
 5.53280936e-01  1.00000000e-03
-2.35294136e-01  1.00000000e-03
-2.85493289e-01  1.00000000e-03
-2.50567726e-01  1.00000000e-03
-9.21313791e-02  1.00000000e-03
-2.69496673e-01  1.00000000e-03
 5.04228335e-01  1.00000000e-03
-2.13296188e-01  1.00000000e-03
-2.07476876e-02  1.00000000e-03
-2.71061353e-01  1.00000000e-03
-2.96191523e-01  1.00000000e-03
-3.37521914e-02  1.00000000e-03
-2.70932802e-01  1.00000000e-03
-2.35572963e-01  1.00000000e-03
-1.34186006e-01  1.00000000e-03
-2.74464931e-01  1.00000000e-03
-1.86406668e-01  1.00000000e-03
 2.20461549e-01  1.00000000e-03
 5.60463418e-01  1.00000000e-03
 3.29354779e-01  1.00000000e-03
-1.94016131e-01  1.00000000e-03
-2.14370291e-01  1.00000000e-03
 3.89750844e-01  1.00000000e-03
-2.27758283e-01  1.00000000e-03
 3.99233265e-01  1.00000000e-03
 5.24053872e-01  1.00000000e-03
 2.14677535e-03  1.00000000e-03
-2.71205013e-01  1.00000000e-03
-2.17284698e-01  1.00000000e-03
-2.78873150e-01  1.00000000e-03
-3.18868593e-01  1.00000000e-03
-3.08438699e-01  1.00000000e-03
-7.89033798e-03  1.00000000e-03
-2.25936116e-01  1.00000000e-03
-2.70875514e-01  1.00000000e-03
-2.57326705e-01  1.00000000e-03
-2.50199954e-01  1.00000000e-03
-2.43590425e-01  1.00000000e-03
-2.29660189e-01  1.00000000e-03
 2.14808779e-01  1.00000000e-03
-2.56830363e-01  1.00000000e-03
-2.55537710e-01  1.00000000e-03
 5.95342542e-01  1.00000000e-03
 2.81721397e-01  1.00000000e-03
-1.19790249e-01  1.00000000e-03
 5.49282064e-01  1.00000000e-03
-2.66155186e-01  1.00000000e-03
 5.40640067e-01  1.00000000e-03
 6.24661637e-01  1.00000000e-03
-2.39347386e-01  1.00000000e-03
-2.48788873e-01  1.00000000e-03
 6.32456212e-02  1.00000000e-03
-2.94456212e-01  1.00000000e-03
 4.75156946e-01  1.00000000e-03
-2.79081418e-01  1.00000000e-03
 4.56341480e-01  1.00000000e-03
 1.36713643e-01  1.00000000e-03
-2.44599973e-01  1.00000000e-03
 5.88652743e-01  1.00000000e-03
-2.72920399e-01  1.00000000e-03
-5.51851677e-02  1.00000000e-03
-1.85283530e-02  1.00000000e-03
 3.55179939e-01  1.00000000e-03
-2.99426787e-01  1.00000000e-03
-2.88735597e-01  1.00000000e-03
-2.24731417e-01  1.00000000e-03
-2.17082068e-01  1.00000000e-03
-2.93294147e-01  1.00000000e-03
 1.75918988e-02  1.00000000e-03
-2.18443914e-01  1.00000000e-03
-2.48471388e-01  1.00000000e-03
-1.23370334e-02  1.00000000e-03
 5.62165293e-01  1.00000000e-03
-3.48960132e-03  1.00000000e-03
-2.65014988e-01  1.00000000e-03
-2.26617542e-01  1.00000000e-03
 5.83680022e-01  1.00000000e-03
 3.69847209e-01  1.00000000e-03
 7.62956758e-02  1.00000000e-03
-2.75629293e-01  1.00000000e-03
 5.50462230e-01  1.00000000e-03
-1.15792024e-01  1.00000000e-03
 5.09273361e-01  1.00000000e-03
-2.11417958e-01  1.00000000e-03
 5.93378958e-01  1.00000000e-03
-2.85208416e-01  1.00000000e-03
 4.94803548e-01  1.00000000e-03
-2.76666423e-01  1.00000000e-03
-2.65631461e-01  1.00000000e-03
-2.45136970e-01  1.00000000e-03
-3.22755039e-01  1.00000000e-03
-2.13127293e-01  1.00000000e-03
-2.96470835e-01  1.00000000e-03
 3.62097201e-01  1.00000000e-03
 8.89090751e-02  1.00000000e-03
 2.56940520e-01  1.00000000e-03
-2.90881392e-01  1.00000000e-03
 5.84654817e-01  1.00000000e-03
 2.19428501e-01  1.00000000e-03
-4.82940257e-02  1.00000000e-03
 1.35151757e-01  1.00000000e-03
 4.10267732e-01  1.00000000e-03
 5.44557245e-01  1.00000000e-03
-2.91411425e-01  1.00000000e-03
-3.56496532e-02  1.00000000e-03
-2.29989686e-01  1.00000000e-03
-2.60268293e-01  1.00000000e-03
 1.86910752e-01  1.00000000e-03
-2.83596863e-01  1.00000000e-03
-1.79683324e-01  1.00000000e-03
 4.44532898e-01  1.00000000e-03
-1.58127656e-01  1.00000000e-03
-1.09524343e-01  1.00000000e-03
-2.63793372e-01  1.00000000e-03
-1.75548113e-01  1.00000000e-03
 1.85512314e-01  1.00000000e-03
-2.60360090e-01  1.00000000e-03
-1.77590011e-01  1.00000000e-03
 5.00396213e-01  1.00000000e-03
-3.06338979e-01  1.00000000e-03
-2.80851721e-01  1.00000000e-03
-2.40453402e-01  1.00000000e-03
 2.55903298e-01  1.00000000e-03
 3.60124375e-01  1.00000000e-03
 1.71411542e-01  1.00000000e-03
 4.97971409e-01  1.00000000e-03
-2.19906271e-01  1.00000000e-03
-2.39542768e-01  1.00000000e-03
-2.55587544e-01  1.00000000e-03
-9.76864143e-02  1.00000000e-03
-3.04587666e-01  1.00000000e-03
-7.74407873e-02  1.00000000e-03
-2.36046240e-02  1.00000000e-03
 3.87944121e-01  1.00000000e-03
 4.15717486e-01  1.00000000e-03
 5.38834500e-01  1.00000000e-03
-2.47377682e-01  1.00000000e-03
 4.84163562e-02  1.00000000e-03
-2.95758197e-01  1.00000000e-03
-1.55585854e-01  1.00000000e-03
-2.06536067e-01  1.00000000e-03
 7.30157820e-02  1.00000000e-03
 4.25782670e-01  1.00000000e-03
-2.70276846e-01  1.00000000e-03
-2.11199689e-01  1.00000000e-03
-2.37196241e-01  1.00000000e-03
-2.43292686e-02  1.00000000e-03
-2.96385382e-01  1.00000000e-03
-1.04576114e-01  1.00000000e-03
-2.22980283e-01  1.00000000e-03
 3.47517427e-01  1.00000000e-03
-2.22810939e-01  1.00000000e-03
-2.54216393e-01  1.00000000e-03
 3.89669544e-01  1.00000000e-03
 3.06225602e-01  1.00000000e-03
-2.01687786e-01  1.00000000e-03
-2.14526058e-01  1.00000000e-03
-3.01679978e-01  1.00000000e-03
-2.47470226e-01  1.00000000e-03
 6.17505054e-01  1.00000000e-03
 1.47621733e-01  1.00000000e-03
-3.10097810e-02  1.00000000e-03
-1.31859318e-01  1.00000000e-03
-2.21954416e-01  1.00000000e-03
-2.36031478e-01  1.00000000e-03
-2.15216044e-01  1.00000000e-03
-2.63016344e-01  1.00000000e-03
 2.82154520e-01  1.00000000e-03
 5.61740854e-02  1.00000000e-03
-2.82157729e-01  1.00000000e-03
 5.05211534e-01  1.00000000e-03
-2.15422729e-01  1.00000000e-03
-2.58957056e-01  1.00000000e-03
-2.14233893e-01  1.00000000e-03
 5.38263999e-01  1.00000000e-03
 1.80810343e-01  1.00000000e-03
-1.00002438e-01  1.00000000e-03
-2.59221321e-01  1.00000000e-03
-1.21946588e-01  1.00000000e-03
 6.21090854e-01  1.00000000e-03
 6.31423374e-01  1.00000000e-03
 5.37746035e-01  1.00000000e-03
-2.22859874e-01  1.00000000e-03
-8.88407466e-02  1.00000000e-03
 3.07864862e-01  1.00000000e-03
-2.65177441e-01  1.00000000e-03
-2.30439272e-01  1.00000000e-03
-2.61791449e-01  1.00000000e-03
-2.91037198e-01  1.00000000e-03
-2.00577578e-01  1.00000000e-03
-2.44998005e-01  1.00000000e-03
-3.15699233e-01  1.00000000e-03
 6.27569410e-01  1.00000000e-03
-2.34824319e-01  1.00000000e-03
 2.23628277e-01  1.00000000e-03
-2.77668100e-01  1.00000000e-03
 5.47767461e-01  1.00000000e-03
-3.77007069e-02  1.00000000e-03
-2.68330973e-01  1.00000000e-03
-2.48220652e-01  1.00000000e-03
-2.62183395e-01  1.00000000e-03
 4.32156275e-01  1.00000000e-03
 5.03750671e-01  1.00000000e-03
-2.70601442e-01  1.00000000e-03
 8.16907853e-02  1.00000000e-03
-2.26140808e-01  1.00000000e-03
 5.22289272e-01  1.00000000e-03
 5.06349315e-01  1.00000000e-03
 5.63427805e-01  1.00000000e-03
-1.60989341e-01  1.00000000e-03
 5.84113387e-01  1.00000000e-03
 5.65624075e-01  1.00000000e-03
 1.11831744e-01  1.00000000e-03
-1.49434071e-01  1.00000000e-03
 4.41314010e-01  1.00000000e-03
-2.00071621e-01  1.00000000e-03
-2.76037847e-01  1.00000000e-03
-2.61196627e-01  1.00000000e-03
-2.21804554e-02  1.00000000e-03
-1.31574542e-01  1.00000000e-03
-2.01375829e-01  1.00000000e-03
-2.61297269e-01  1.00000000e-03
 4.82731989e-01  1.00000000e-03
 4.23082585e-01  1.00000000e-03
-1.73777205e-01  1.00000000e-03
-2.34725559e-01  1.00000000e-03
 3.61948729e-02  1.00000000e-03
-2.47866611e-01  1.00000000e-03
-2.15378805e-01  1.00000000e-03
-1.12565414e-01  1.00000000e-03
-2.83635616e-01  1.00000000e-03
-2.84238055e-01  1.00000000e-03
-2.75470334e-01  1.00000000e-03
-3.12990681e-01  1.00000000e-03
 5.07436562e-01  1.00000000e-03
 3.03877395e-01  1.00000000e-03
-1.74946896e-01  1.00000000e-03
 1.03062561e-01  1.00000000e-03
-2.51611929e-01  1.00000000e-03
 3.84777855e-02  1.00000000e-03
-2.44327177e-01  1.00000000e-03
-2.35760603e-01  1.00000000e-03
-2.52884973e-01  1.00000000e-03
 5.78681284e-01  1.00000000e-03
-1.85967253e-01  1.00000000e-03
 5.24862568e-01  1.00000000e-03
 4.70268405e-01  1.00000000e-03
-2.51135910e-01  1.00000000e-03
 1.95672989e-01  1.00000000e-03
-2.62382746e-01  1.00000000e-03
-2.83373842e-01  1.00000000e-03
-2.81027677e-01  1.00000000e-03
-1.98470633e-01  1.00000000e-03
-7.62045648e-02  1.00000000e-03
-7.88135541e-02  1.00000000e-03
 5.26680406e-01  1.00000000e-03
 6.34296548e-01  1.00000000e-03
 5.41378714e-01  1.00000000e-03
 2.02348164e-01  1.00000000e-03
 4.45746962e-01  1.00000000e-03
 5.61398643e-01  1.00000000e-03
 4.59520873e-01  1.00000000e-03
-2.12883964e-01  1.00000000e-03
 5.94692440e-01  1.00000000e-03
-2.71854250e-01  1.00000000e-03
 1.41874968e-01  1.00000000e-03
-1.50519116e-01  1.00000000e-03
-2.72048519e-01  1.00000000e-03
 4.18254741e-01  1.00000000e-03
-2.52359936e-01  1.00000000e-03
-2.67251675e-01  1.00000000e-03
-2.30599847e-01  1.00000000e-03
 4.86311943e-01  1.00000000e-03
 3.17951993e-01  1.00000000e-03
-3.03368703e-01  1.00000000e-03
 5.93703317e-01  1.00000000e-03
-2.85862163e-01  1.00000000e-03
 2.41670811e-01  1.00000000e-03
-1.98991635e-01  1.00000000e-03
 5.37103192e-01  1.00000000e-03
-9.62414310e-02  1.00000000e-03
-9.75737365e-02  1.00000000e-03
-2.85423211e-01  1.00000000e-03
-2.48420391e-01  1.00000000e-03
-3.01501192e-01  1.00000000e-03
-7.73940116e-02  1.00000000e-03
-2.40450247e-01  1.00000000e-03
-2.43570586e-01  1.00000000e-03
-2.23838933e-01  1.00000000e-03
-2.11331230e-01  1.00000000e-03
 5.10605500e-01  1.00000000e-03
-2.34685134e-01  1.00000000e-03
-2.38668467e-01  1.00000000e-03
 2.68481539e-01  1.00000000e-03
-2.65293082e-01  1.00000000e-03
 5.05416053e-01  1.00000000e-03
 5.45194593e-01  1.00000000e-03
-2.52415125e-01  1.00000000e-03
-2.32053597e-01  1.00000000e-03
 2.10510471e-01  1.00000000e-03
-2.58055476e-01  1.00000000e-03
-1.57072509e-01  1.00000000e-03
 4.34429583e-01  1.00000000e-03
 4.58765106e-01  1.00000000e-03
-9.48883717e-02  1.00000000e-03
 2.64939446e-01  1.00000000e-03
-1.61823025e-01  1.00000000e-03
-2.25039807e-01  1.00000000e-03
 3.61476099e-03  1.00000000e-03
 4.41410950e-01  1.00000000e-03
 5.26572125e-01  1.00000000e-03
 3.19395454e-01  1.00000000e-03
 5.89797600e-02  1.00000000e-03
-2.47156306e-01  1.00000000e-03
-2.89370539e-02  1.00000000e-03
-2.49272259e-01  1.00000000e-03
 4.85213441e-01  1.00000000e-03
-2.42466201e-01  1.00000000e-03
 4.83065393e-01  1.00000000e-03
-2.45496495e-01  1.00000000e-03
-1.77934194e-01  1.00000000e-03
 7.92431853e-02  1.00000000e-03
 3.87311825e-01  1.00000000e-03
 5.52412470e-01  1.00000000e-03
-2.18294357e-01  1.00000000e-03
 4.85828045e-01  1.00000000e-03
-2.49996120e-01  1.00000000e-03
-2.82174518e-01  1.00000000e-03
-2.87110243e-01  1.00000000e-03
-2.70024847e-01  1.00000000e-03
-2.79636476e-01  1.00000000e-03
 8.12250050e-02  1.00000000e-03
 5.63375760e-01  1.00000000e-03
 5.70349185e-01  1.00000000e-03
 5.19581455e-01  1.00000000e-03
 3.15195572e-01  1.00000000e-03
 2.52928190e-01  1.00000000e-03
 3.36729880e-01  1.00000000e-03
-2.74183288e-01  1.00000000e-03
-6.71135245e-02  1.00000000e-03
-1.51502389e-01  1.00000000e-03
-2.21837236e-01  1.00000000e-03
-2.85483358e-01  1.00000000e-03
 5.33087797e-01  1.00000000e-03
-2.74656478e-01  1.00000000e-03
-2.76790918e-01  1.00000000e-03
-2.35350846e-01  1.00000000e-03
-7.70285778e-02  1.00000000e-03
-2.78415772e-01  1.00000000e-03
-1.22926283e-01  1.00000000e-03
-2.56030890e-01  1.00000000e-03
-3.35367510e-02  1.00000000e-03
 2.36025303e-01  1.00000000e-03
-2.49231816e-01  1.00000000e-03
-3.03313329e-01  1.00000000e-03
-2.84761949e-01  1.00000000e-03
-2.13669931e-01  1.00000000e-03
 3.34469712e-01  1.00000000e-03
-2.70568951e-01  1.00000000e-03
-1.28490716e-01  1.00000000e-03
-2.61130325e-01  1.00000000e-03
 1.14302102e-01  1.00000000e-03
-2.53591908e-01  1.00000000e-03
-2.71723080e-01  1.00000000e-03
-2.39377348e-01  1.00000000e-03
 5.42211234e-01  1.00000000e-03
 2.92576487e-01  1.00000000e-03
-2.79782531e-01  1.00000000e-03
 4.99756026e-01  1.00000000e-03
-2.75537600e-01  1.00000000e-03
 6.25963183e-01  1.00000000e-03
-2.22175700e-01  1.00000000e-03
 2.09611416e-01  1.00000000e-03
-2.77846326e-01  1.00000000e-03
 1.10008182e-01  1.00000000e-03
 1.37238535e-01  1.00000000e-03
 2.52810938e-01  1.00000000e-03
 4.94721196e-01  1.00000000e-03
-2.77902991e-01  1.00000000e-03
-2.81909683e-01  1.00000000e-03
-1.48293057e-01  1.00000000e-03
 5.23176366e-01  1.00000000e-03
 5.54750412e-01  1.00000000e-03
-2.61794948e-01  1.00000000e-03
-1.76928456e-01  1.00000000e-03
 5.84960490e-01  1.00000000e-03
-2.05291652e-01  1.00000000e-03
-1.92189618e-01  1.00000000e-03
-2.26493899e-01  1.00000000e-03
-2.16783035e-01  1.00000000e-03
 3.15678944e-01  1.00000000e-03
 5.77415412e-01  1.00000000e-03
-1.37521025e-01  1.00000000e-03
 5.73635112e-01  1.00000000e-03
-2.43035566e-01  1.00000000e-03
-2.63544697e-01  1.00000000e-03
-2.59166203e-01  1.00000000e-03
-2.49845023e-01  1.00000000e-03
-1.88588815e-01  1.00000000e-03
-2.91222400e-03  1.00000000e-03
 5.27740357e-01  1.00000000e-03
 5.34510767e-01  1.00000000e-03
-2.88659844e-01  1.00000000e-03
 5.09862072e-01  1.00000000e-03
 5.41790948e-01  1.00000000e-03
 6.32512806e-01  1.00000000e-03
 3.87981188e-01  1.00000000e-03
-2.91067655e-01  1.00000000e-03
-2.61023490e-01  1.00000000e-03
-3.06739408e-01  1.00000000e-03
-2.87860683e-01  1.00000000e-03
-2.99614048e-02  1.00000000e-03
 4.02529852e-01  1.00000000e-03
-2.08408143e-01  1.00000000e-03
-2.55063161e-01  1.00000000e-03
 1.98643224e-01  1.00000000e-03
-2.47699449e-01  1.00000000e-03
-2.90868387e-01  1.00000000e-03
 5.49138468e-01  1.00000000e-03
-2.57254438e-01  1.00000000e-03
-1.37605011e-01  1.00000000e-03
-1.16419385e-01  1.00000000e-03
-1.90309198e-01  1.00000000e-03
 5.71241255e-02  1.00000000e-03
-2.60350059e-01  1.00000000e-03
 4.98655220e-01  1.00000000e-03
 5.02648876e-01  1.00000000e-03
-1.27394062e-01  1.00000000e-03
 4.41360864e-02  1.00000000e-03
-2.44378210e-01  1.00000000e-03
-1.66005751e-02  1.00000000e-03
 5.52012903e-01  1.00000000e-03
