-3.42155680e-01  1.00000000e-03
 1.00535864e+00  1.00000000e-03
-4.34938502e-01  1.00000000e-03
 8.49484595e-01  1.00000000e-03
 1.56457047e-02  1.00000000e-03
 2.43053703e-01  1.00000000e-03
-3.34753140e-02  1.00000000e-03
 7.14630378e-01  1.00000000e-03
 4.06140025e-01  1.00000000e-03
 1.12316900e+00  1.00000000e-03
 3.86119104e-01  1.00000000e-03
-2.54665714e-01  1.00000000e-03
-3.37009313e-02  1.00000000e-03
-2.89564714e-01  1.00000000e-03
-1.63875350e-01  1.00000000e-03
-1.15779188e-01  1.00000000e-03
 8.35170680e-02  1.00000000e-03
 3.65883181e-01  1.00000000e-03
 3.73794886e-02  1.00000000e-03
-1.19824524e-01  1.00000000e-03
-1.61093590e-01  1.00000000e-03
-4.13496453e-01  1.00000000e-03
-4.34959913e-01  1.00000000e-03
-4.17897358e-01  1.00000000e-03
-5.25443014e-02  1.00000000e-03
 9.63180465e-01  1.00000000e-03
 2.99405095e-02  1.00000000e-03
-5.11461274e-01  1.00000000e-03
 5.68275108e-02  1.00000000e-03
-4.41381381e-01  1.00000000e-03
-4.10300579e-01  1.00000000e-03
 8.92588094e-01  1.00000000e-03
 1.12280739e+00  1.00000000e-03
-9.83211476e-03  1.00000000e-03
-4.27504340e-02  1.00000000e-03
-2.63026078e-02  1.00000000e-03
-2.52295606e-01  1.00000000e-03
 9.27489191e-01  1.00000000e-03
 6.52111192e-01  1.00000000e-03
-5.05270219e-01  1.00000000e-03
-5.41112709e-01  1.00000000e-03
-2.53137706e-01  1.00000000e-03
-9.30463051e-02  1.00000000e-03
 8.81232583e-02  1.00000000e-03
 1.07205353e+00  1.00000000e-03
-4.68992414e-01  1.00000000e-03
-4.82200590e-01  1.00000000e-03
 3.55831603e-02  1.00000000e-03
 3.58889349e-03  1.00000000e-03
-5.14076629e-01  1.00000000e-03
-3.76463607e-01  1.00000000e-03
-3.94706324e-01  1.00000000e-03
-2.13319804e-01  1.00000000e-03
 5.23233873e-02  1.00000000e-03
 8.48967123e-02  1.00000000e-03
 3.17061004e-01  1.00000000e-03
-4.18278638e-01  1.00000000e-03
-1.16472708e-01  1.00000000e-03
 1.06110485e+00  1.00000000e-03
 9.39341579e-02  1.00000000e-03
-1.60164611e-01  1.00000000e-03
-4.26105327e-01  1.00000000e-03
-4.89839145e-01  1.00000000e-03
 7.67231107e-01  1.00000000e-03
-9.40900516e-02  1.00000000e-03
-4.06146627e-01  1.00000000e-03
-2.45494701e-01  1.00000000e-03
-1.59443127e-01  1.00000000e-03
-3.32316907e-01  1.00000000e-03
-2.36153376e-01  1.00000000e-03
-2.59621544e-01  1.00000000e-03
-5.30029228e-01  1.00000000e-03
 1.13739745e+00  1.00000000e-03
-5.64701224e-01  1.00000000e-03
-5.52278123e-01  1.00000000e-03
-6.10212049e-02  1.00000000e-03
-4.39461065e-01  1.00000000e-03
-3.84723595e-02  1.00000000e-03
-3.04362874e-01  1.00000000e-03
 7.01411869e-01  1.00000000e-03
-1.19390215e-01  1.00000000e-03
-6.14062381e-02  1.00000000e-03
-5.12927261e-01  1.00000000e-03
-4.28957385e-01  1.00000000e-03
 9.08309873e-01  1.00000000e-03
-1.26562571e-01  1.00000000e-03
-3.87879813e-01  1.00000000e-03
-2.84430779e-01  1.00000000e-03
 5.84886738e-01  1.00000000e-03
-6.25466784e-01  1.00000000e-03
 1.10697627e+00  1.00000000e-03
-3.11054912e-01  1.00000000e-03
-5.43031574e-01  1.00000000e-03
-4.19665132e-01  1.00000000e-03
-2.13501434e-01  1.00000000e-03
 3.05169319e-02  1.00000000e-03
-2.12184419e-01  1.00000000e-03
-6.09365947e-02  1.00000000e-03
 5.11718728e-01  1.00000000e-03
-4.15503083e-01  1.00000000e-03
 6.63505141e-01  1.00000000e-03
 1.75793380e-01  1.00000000e-03
-5.04087574e-01  1.00000000e-03
-3.80864196e-01  1.00000000e-03
-5.36226489e-01  1.00000000e-03
 3.63352969e-01  1.00000000e-03
-5.57300832e-01  1.00000000e-03
-3.32809272e-01  1.00000000e-03
-4.08313974e-02  1.00000000e-03
 6.99551002e-01  1.00000000e-03
-4.46289484e-01  1.00000000e-03
-1.14432344e-01  1.00000000e-03
 3.11111513e-01  1.00000000e-03
 7.35261497e-01  1.00000000e-03
 9.27781999e-01  1.00000000e-03
 3.97439074e-01  1.00000000e-03
 2.06496936e-01  1.00000000e-03
 2.91808364e-01  1.00000000e-03
-3.93424131e-01  1.00000000e-03
-9.68826576e-02  1.00000000e-03
 6.88556095e-01  1.00000000e-03
-1.89014339e-01  1.00000000e-03
 1.07290758e+00  1.00000000e-03
-5.64965554e-01  1.00000000e-03
 1.06750266e-01  1.00000000e-03
-4.45023957e-01  1.00000000e-03
-5.61032208e-01  1.00000000e-03
 1.11425457e+00  1.00000000e-03
 7.00547658e-01  1.00000000e-03
 1.16181307e+00  1.00000000e-03
-1.80506644e-01  1.00000000e-03
 9.78930451e-01  1.00000000e-03
-5.22682927e-01  1.00000000e-03
-4.01448963e-01  1.00000000e-03
 4.50535905e-01  1.00000000e-03
-5.28626469e-01  1.00000000e-03
-4.94767412e-01  1.00000000e-03
-4.90676018e-02  1.00000000e-03
 6.58536147e-01  1.00000000e-03
-1.34237166e-01  1.00000000e-03
 6.87680613e-01  1.00000000e-03
 7.26383409e-01  1.00000000e-03
-3.57196294e-01  1.00000000e-03
-5.61747477e-01  1.00000000e-03
 7.43756117e-01  1.00000000e-03
 1.02584162e+00  1.00000000e-03
-5.16556858e-01  1.00000000e-03
-6.16571874e-01  1.00000000e-03
 1.72945828e-01  1.00000000e-03
-2.42206237e-01  1.00000000e-03
-2.03889160e-01  1.00000000e-03
-4.81515938e-01  1.00000000e-03
 7.87989323e-01  1.00000000e-03
-4.99105593e-01  1.00000000e-03
 4.15354490e-02  1.00000000e-03
 2.88892218e-01  1.00000000e-03
-5.21933182e-01  1.00000000e-03
-1.56966350e-02  1.00000000e-03
 1.07618721e+00  1.00000000e-03
 5.12293596e-01  1.00000000e-03
-1.10906602e-01  1.00000000e-03
 4.77123519e-01  1.00000000e-03
 3.35902773e-01  1.00000000e-03
-1.49279294e-01  1.00000000e-03
-4.99475275e-01  1.00000000e-03
 2.03049355e-02  1.00000000e-03
 6.54003957e-01  1.00000000e-03
-1.02412918e-01  1.00000000e-03
 8.21348737e-02  1.00000000e-03
-3.51678242e-01  1.00000000e-03
 4.87139729e-01  1.00000000e-03
 7.20592550e-01  1.00000000e-03
 3.52642094e-01  1.00000000e-03
 6.49803049e-01  1.00000000e-03
-7.55208654e-02  1.00000000e-03
-3.86995765e-01  1.00000000e-03
-5.09219563e-01  1.00000000e-03
 1.09140629e+00  1.00000000e-03
 3.36342207e-01  1.00000000e-03
-4.86203138e-01  1.00000000e-03
 7.57550064e-01  1.00000000e-03
-2.75347517e-01  1.00000000e-03
-2.58501157e-01  1.00000000e-03
 9.94038557e-01  1.00000000e-03
 9.66074524e-01  1.00000000e-03
 6.57798351e-02  1.00000000e-03
-4.33281151e-01  1.00000000e-03
-1.23070179e-01  1.00000000e-03
 1.02746712e+00  1.00000000e-03
-2.75745864e-01  1.00000000e-03
-5.12193996e-01  1.00000000e-03
-4.49603732e-01  1.00000000e-03
-2.38368601e-01  1.00000000e-03
-1.90412300e-01  1.00000000e-03
-4.26708214e-01  1.00000000e-03
-5.15409585e-02  1.00000000e-03
 9.87980315e-01  1.00000000e-03
-1.31716373e-01  1.00000000e-03
-4.44894738e-01  1.00000000e-03
 3.11764887e-01  1.00000000e-03
-3.88946689e-01  1.00000000e-03
-5.01672401e-01  1.00000000e-03
-4.77433984e-02  1.00000000e-03
-2.48624970e-02  1.00000000e-03
-5.56221859e-02  1.00000000e-03
-5.05042779e-01  1.00000000e-03
 3.69693094e-01  1.00000000e-03
-2.49730116e-01  1.00000000e-03
-3.85651387e-01  1.00000000e-03
 4.02771667e-02  1.00000000e-03
-5.21334683e-01  1.00000000e-03
-4.82361701e-01  1.00000000e-03
-5.60673729e-01  1.00000000e-03
-4.13883868e-01  1.00000000e-03
-4.82664967e-01  1.00000000e-03
-4.19448711e-01  1.00000000e-03
 1.21262327e-01  1.00000000e-03
 2.97392546e-01  1.00000000e-03
-4.29867459e-01  1.00000000e-03
-2.09268713e-01  1.00000000e-03
-4.44669936e-01  1.00000000e-03
-5.08525882e-01  1.00000000e-03
-5.35865526e-01  1.00000000e-03
-6.87501224e-02  1.00000000e-03
-1.80490040e-01  1.00000000e-03
 8.07048800e-02  1.00000000e-03
-4.83812057e-01  1.00000000e-03
 3.15680446e-01  1.00000000e-03
 1.09018708e+00  1.00000000e-03
 3.21345972e-01  1.00000000e-03
-5.44417434e-01  1.00000000e-03
-5.06873275e-01  1.00000000e-03
 5.12340714e-01  1.00000000e-03
-2.72243603e-02  1.00000000e-03
-4.27379659e-01  1.00000000e-03
-3.05546542e-01  1.00000000e-03
-1.20898641e-01  1.00000000e-03
 6.55196402e-01  1.00000000e-03
 5.62022669e-01  1.00000000e-03
 1.42374443e-01  1.00000000e-03
-2.14867287e-01  1.00000000e-03
-3.33346837e-01  1.00000000e-03
-5.84137368e-01  1.00000000e-03
 8.38362541e-01  1.00000000e-03
-4.57211168e-01  1.00000000e-03
-1.68664468e-01  1.00000000e-03
-4.09155291e-01  1.00000000e-03
-6.85336445e-02  1.00000000e-03
 1.13789538e-01  1.00000000e-03
 3.53558640e-01  1.00000000e-03
-5.09028985e-01  1.00000000e-03
-5.53902210e-01  1.00000000e-03
 7.85859130e-01  1.00000000e-03
 1.99953816e-02  1.00000000e-03
-3.82685766e-01  1.00000000e-03
 3.06393556e-01  1.00000000e-03
 9.88146999e-01  1.00000000e-03
-2.67268913e-01  1.00000000e-03
 8.17313877e-01  1.00000000e-03
-3.59663537e-01  1.00000000e-03
-5.05282126e-01  1.00000000e-03
 4.80909238e-01  1.00000000e-03
 1.09626939e+00  1.00000000e-03
 5.32406077e-01  1.00000000e-03
-1.55524452e-01  1.00000000e-03
-1.97528887e-01  1.00000000e-03
 6.17771524e-01  1.00000000e-03
 8.14850804e-02  1.00000000e-03
 1.14509997e+00  1.00000000e-03
-2.87727787e-02  1.00000000e-03
 1.33873078e-01  1.00000000e-03
 5.71264457e-01  1.00000000e-03
-6.52000710e-02  1.00000000e-03
-2.09421327e-01  1.00000000e-03
 4.38752643e-01  1.00000000e-03
 3.20435327e-01  1.00000000e-03
-3.15483200e-01  1.00000000e-03
-1.26939100e-01  1.00000000e-03
-5.18390556e-01  1.00000000e-03
 1.55662018e-01  1.00000000e-03
-1.43764892e-01  1.00000000e-03
-2.97570946e-01  1.00000000e-03
 9.86805278e-01  1.00000000e-03
-5.52840413e-01  1.00000000e-03
-3.70178390e-01  1.00000000e-03
-1.94980618e-01  1.00000000e-03
-4.72355067e-02  1.00000000e-03
-1.73738320e-01  1.00000000e-03
-4.46419960e-01  1.00000000e-03
-1.59300107e-01  1.00000000e-03
-3.77164801e-01  1.00000000e-03
 1.07257293e-01  1.00000000e-03
 1.21020175e+00  1.00000000e-03
-3.50894982e-02  1.00000000e-03
 6.35935910e-02  1.00000000e-03
-3.82506819e-01  1.00000000e-03
 8.31934065e-01  1.00000000e-03
-5.93270789e-01  1.00000000e-03
 4.51680251e-01  1.00000000e-03
-5.42774920e-01  1.00000000e-03
 3.60971787e-02  1.00000000e-03
-6.67684382e-02  1.00000000e-03
 8.34667568e-01  1.00000000e-03
 1.94810821e-01  1.00000000e-03
-6.78269281e-01  1.00000000e-03
 1.35984412e-01  1.00000000e-03
-4.19382835e-01  1.00000000e-03
-5.41556688e-01  1.00000000e-03
-4.86973514e-01  1.00000000e-03
-4.54069165e-01  1.00000000e-03
-2.37499350e-01  1.00000000e-03
 1.41236911e-01  1.00000000e-03
-3.70235154e-01  1.00000000e-03
-5.64132903e-01  1.00000000e-03
 6.49266625e-01  1.00000000e-03
 5.21234712e-01  1.00000000e-03
-5.07340149e-01  1.00000000e-03
 7.36173039e-01  1.00000000e-03
 7.01239569e-01  1.00000000e-03
 7.43382798e-01  1.00000000e-03
 3.72372354e-01  1.00000000e-03
 5.40268192e-01  1.00000000e-03
-1.91005238e-01  1.00000000e-03
 3.82996507e-01  1.00000000e-03
-5.06941984e-03  1.00000000e-03
 3.90934339e-01  1.00000000e-03
 5.62489421e-01  1.00000000e-03
 4.27968946e-03  1.00000000e-03
-5.47604807e-01  1.00000000e-03
-4.52799648e-01  1.00000000e-03
-4.37259373e-02  1.00000000e-03
-5.04246624e-01  1.00000000e-03
-1.10872064e-01  1.00000000e-03
-3.01994005e-01  1.00000000e-03
 9.43643613e-01  1.00000000e-03
 4.38340996e-01  1.00000000e-03
-5.21400890e-01  1.00000000e-03
-4.55816595e-01  1.00000000e-03
-3.12171405e-01  1.00000000e-03
 8.70997999e-01  1.00000000e-03
 2.58377604e-01  1.00000000e-03
-3.05434468e-01  1.00000000e-03
-4.45682937e-01  1.00000000e-03
 8.89373425e-02  1.00000000e-03
-3.83764800e-01  1.00000000e-03
-5.54154789e-01  1.00000000e-03
-5.09422511e-02  1.00000000e-03
-9.18713746e-02  1.00000000e-03
-1.34434189e-01  1.00000000e-03
 7.38644290e-01  1.00000000e-03
-1.96654644e-01  1.00000000e-03
 9.21539149e-01  1.00000000e-03
 7.94582036e-01  1.00000000e-03
 2.71659563e-01  1.00000000e-03
-4.65612107e-01  1.00000000e-03
 6.81738357e-01  1.00000000e-03
-3.24595929e-01  1.00000000e-03
 6.93965481e-01  1.00000000e-03
-1.42884159e-01  1.00000000e-03
 3.78891759e-01  1.00000000e-03
-5.16903567e-01  1.00000000e-03
 4.55839079e-01  1.00000000e-03
-2.47507936e-01  1.00000000e-03
 1.69072773e-01  1.00000000e-03
 8.53036739e-01  1.00000000e-03
 5.66135774e-02  1.00000000e-03
 4.16319214e-01  1.00000000e-03
 4.22461867e-01  1.00000000e-03
-3.04478237e-01  1.00000000e-03
-5.64571130e-01  1.00000000e-03
 4.07164170e-01  1.00000000e-03
 4.00338110e-01  1.00000000e-03
-2.78913695e-01  1.00000000e-03
-4.80128239e-01  1.00000000e-03
 8.83226391e-01  1.00000000e-03
 6.03077364e-01  1.00000000e-03
-5.42665299e-01  1.00000000e-03
-3.37046818e-01  1.00000000e-03
 3.59264141e-02  1.00000000e-03
-9.80378946e-04  1.00000000e-03
-1.74411401e-01  1.00000000e-03
 5.56951878e-01  1.00000000e-03
-4.99769931e-01  1.00000000e-03
-3.43270366e-01  1.00000000e-03
 4.96732465e-01  1.00000000e-03
-5.47320397e-01  1.00000000e-03
-2.04904005e-01  1.00000000e-03
-3.97775517e-01  1.00000000e-03
-4.65857605e-01  1.00000000e-03
-4.78543263e-01  1.00000000e-03
-5.71686705e-01  1.00000000e-03
-1.62254472e-01  1.00000000e-03
-5.42293202e-01  1.00000000e-03
-2.02070774e-02  1.00000000e-03
-4.17679732e-01  1.00000000e-03
-4.59004102e-01  1.00000000e-03
 9.59902197e-01  1.00000000e-03
 1.38532913e-01  1.00000000e-03
 7.49808303e-01  1.00000000e-03
-5.98455704e-01  1.00000000e-03
-5.78080003e-01  1.00000000e-03
-1.54127886e-01  1.00000000e-03
 6.44390116e-02  1.00000000e-03
 9.59359242e-02  1.00000000e-03
-2.20388769e-01  1.00000000e-03
-5.96029907e-01  1.00000000e-03
-3.27726056e-01  1.00000000e-03
 1.22700404e-01  1.00000000e-03
 6.49014336e-01  1.00000000e-03
-5.69065007e-02  1.00000000e-03
 2.08536678e-01  1.00000000e-03
 9.85262927e-01  1.00000000e-03
-3.68143721e-01  1.00000000e-03
-3.02645994e-01  1.00000000e-03
 4.07438526e-01  1.00000000e-03
 4.85616333e-01  1.00000000e-03
-5.09092568e-01  1.00000000e-03
-4.35849725e-01  1.00000000e-03
 6.26418200e-01  1.00000000e-03
 1.07784191e-01  1.00000000e-03
-5.13220527e-01  1.00000000e-03
 6.35022296e-01  1.00000000e-03
-4.09001525e-01  1.00000000e-03
 1.76193934e-01  1.00000000e-03
 5.48696839e-02  1.00000000e-03
-5.08232839e-01  1.00000000e-03
-3.90954307e-02  1.00000000e-03
-3.72387844e-02  1.00000000e-03
-6.32158696e-01  1.00000000e-03
-2.81742904e-01  1.00000000e-03
-4.28595535e-01  1.00000000e-03
-3.23261554e-01  1.00000000e-03
-4.37171937e-01  1.00000000e-03
-5.44098239e-01  1.00000000e-03
-5.93134950e-01  1.00000000e-03
-8.29078936e-02  1.00000000e-03
 3.39463864e-01  1.00000000e-03
-5.71699305e-01  1.00000000e-03
 4.08201579e-01  1.00000000e-03
-5.79500021e-02  1.00000000e-03
 7.45883081e-01  1.00000000e-03
-4.55279827e-01  1.00000000e-03
 3.04065725e-01  1.00000000e-03
-3.63762803e-01  1.00000000e-03
-2.03784091e-01  1.00000000e-03
-4.92444879e-01  1.00000000e-03
-5.31567865e-01  1.00000000e-03
-4.62803314e-01  1.00000000e-03
 6.68476230e-01  1.00000000e-03
 2.31083193e-01  1.00000000e-03
-2.55284730e-01  1.00000000e-03
-5.61308268e-01  1.00000000e-03
 5.90123326e-01  1.00000000e-03
-2.81632779e-01  1.00000000e-03
 1.61643569e-01  1.00000000e-03
-2.26860006e-02  1.00000000e-03
-1.00994265e-01  1.00000000e-03
 8.14791739e-01  1.00000000e-03
-3.94264238e-01  1.00000000e-03
 6.11320776e-01  1.00000000e-03
-4.84289917e-01  1.00000000e-03
-4.21339871e-01  1.00000000e-03
 3.28947514e-01  1.00000000e-03
-1.32420001e-01  1.00000000e-03
-4.40338892e-01  1.00000000e-03
-2.92699776e-01  1.00000000e-03
-2.37173256e-01  1.00000000e-03
 3.54270483e-02  1.00000000e-03
-3.45495263e-01  1.00000000e-03
 2.03421282e-01  1.00000000e-03
-2.92751654e-01  1.00000000e-03
-3.01721217e-01  1.00000000e-03
 5.59802149e-01  1.00000000e-03
 1.44399180e-01  1.00000000e-03
 4.86318996e-02  1.00000000e-03
-2.32883874e-02  1.00000000e-03
-5.32690027e-01  1.00000000e-03
-3.86453430e-01  1.00000000e-03
 1.07964781e+00  1.00000000e-03
-1.11009543e-01  1.00000000e-03
-2.07016725e-01  1.00000000e-03
-7.31903054e-02  1.00000000e-03
-3.82761891e-01  1.00000000e-03
-4.86034757e-01  1.00000000e-03
 4.54073347e-01  1.00000000e-03
-3.25781410e-01  1.00000000e-03
 1.35712910e-01  1.00000000e-03
-3.00987536e-01  1.00000000e-03
 9.69079185e-01  1.00000000e-03
-5.89913745e-01  1.00000000e-03
-9.02827451e-02  1.00000000e-03
-4.29432344e-01  1.00000000e-03
-3.25653850e-01  1.00000000e-03
-3.34269901e-01  1.00000000e-03
 4.30919901e-02  1.00000000e-03
 9.95199932e-01  1.00000000e-03
 6.40916597e-01  1.00000000e-03
 9.75949173e-01  1.00000000e-03
 9.97243502e-01  1.00000000e-03
-5.62115317e-01  1.00000000e-03
 1.17693624e+00  1.00000000e-03
 5.14277845e-01  1.00000000e-03
 7.37110653e-01  1.00000000e-03
 2.73905860e-01  1.00000000e-03
-6.06387052e-02  1.00000000e-03
 2.58407433e-02  1.00000000e-03
-5.95251182e-01  1.00000000e-03
-5.64665941e-01  1.00000000e-03
-3.24477641e-01  1.00000000e-03
 3.23944045e-01  1.00000000e-03
 8.70186449e-01  1.00000000e-03
-5.19845870e-01  1.00000000e-03
-1.98429497e-01  1.00000000e-03
-3.58030473e-01  1.00000000e-03
-4.88965476e-01  1.00000000e-03
-6.15095225e-01  1.00000000e-03
-2.31382669e-01  1.00000000e-03
-5.37359890e-01  1.00000000e-03
-5.47375213e-01  1.00000000e-03
 1.87590896e-01  1.00000000e-03
 7.73085549e-02  1.00000000e-03
 1.11035870e+00  1.00000000e-03
 3.15598948e-01  1.00000000e-03
-2.36833546e-01  1.00000000e-03
 5.82647732e-02  1.00000000e-03
-4.36782802e-01  1.00000000e-03
 7.23976247e-01  1.00000000e-03
 9.41270141e-01  1.00000000e-03
 1.10737329e-01  1.00000000e-03
-1.41309750e-01  1.00000000e-03
-4.54079415e-01  1.00000000e-03
 4.41015871e-01  1.00000000e-03
 6.11127006e-01  1.00000000e-03
 2.99045816e-01  1.00000000e-03
 1.08770860e+00  1.00000000e-03
-4.24904530e-01  1.00000000e-03
 5.81151427e-02  1.00000000e-03
-4.62978635e-01  1.00000000e-03
-3.41313755e-01  1.00000000e-03
-5.86694552e-01  1.00000000e-03
-1.01513795e-01  1.00000000e-03
 3.54211908e-01  1.00000000e-03
-3.25246049e-01  1.00000000e-03
-3.90898458e-01  1.00000000e-03
-4.85446878e-01  1.00000000e-03
 5.40668516e-03  1.00000000e-03
 1.00422541e-01  1.00000000e-03
-4.17025834e-01  1.00000000e-03
-6.83386017e-01  1.00000000e-03
-1.91893129e-01  1.00000000e-03
 7.93740956e-01  1.00000000e-03
-2.10549241e-01  1.00000000e-03
-2.39177602e-01  1.00000000e-03
-2.36451064e-02  1.00000000e-03
-4.97048989e-01  1.00000000e-03
-5.90536676e-01  1.00000000e-03
 3.80261484e-01  1.00000000e-03
 9.34398774e-01  1.00000000e-03
-5.28118448e-01  1.00000000e-03
 9.89326146e-01  1.00000000e-03
 5.85288694e-01  1.00000000e-03
-5.29974558e-01  1.00000000e-03
-5.91057018e-01  1.00000000e-03
-4.82024695e-01  1.00000000e-03
-4.45180293e-01  1.00000000e-03
-3.05722174e-01  1.00000000e-03
 2.71926923e-01  1.00000000e-03
-4.20431013e-01  1.00000000e-03
 3.79151294e-01  1.00000000e-03
-2.34432650e-01  1.00000000e-03
-5.84365477e-01  1.00000000e-03
-2.37661605e-01  1.00000000e-03
-1.97548629e-01  1.00000000e-03
-5.68904240e-01  1.00000000e-03
 5.21033771e-01  1.00000000e-03
-3.53672244e-01  1.00000000e-03
 2.76464040e-01  1.00000000e-03
-2.68986362e-01  1.00000000e-03
-4.70897150e-01  1.00000000e-03
-1.14888053e-01  1.00000000e-03
-4.52478008e-01  1.00000000e-03
-4.84500806e-01  1.00000000e-03
-4.07317131e-01  1.00000000e-03
-5.62303454e-01  1.00000000e-03
-8.37131034e-02  1.00000000e-03
 4.27787615e-01  1.00000000e-03
 7.60720885e-01  1.00000000e-03
 6.42448322e-01  1.00000000e-03
-4.01367151e-01  1.00000000e-03
-4.42085262e-01  1.00000000e-03
 7.97736910e-01  1.00000000e-03
-4.32416055e-01  1.00000000e-03
 7.04989139e-01  1.00000000e-03
-1.21977205e-02  1.00000000e-03
 1.12596031e-01  1.00000000e-03
-5.55782049e-01  1.00000000e-03
-3.64757173e-01  1.00000000e-03
-4.37854104e-01  1.00000000e-03
-2.03214767e-01  1.00000000e-03
 2.06630685e-01  1.00000000e-03
-2.90260187e-02  1.00000000e-03
 2.07491833e-01  1.00000000e-03
-5.30290488e-01  1.00000000e-03
-2.89375880e-01  1.00000000e-03
 5.25088627e-04  1.00000000e-03
-1.72945014e-01  1.00000000e-03
-4.63664561e-01  1.00000000e-03
 4.16479355e-01  1.00000000e-03
-1.79230464e-01  1.00000000e-03
-5.24439906e-01  1.00000000e-03
 1.17772996e+00  1.00000000e-03
 5.07401218e-01  1.00000000e-03
-3.74949040e-01  1.00000000e-03
 4.13564544e-01  1.00000000e-03
-3.80420481e-01  1.00000000e-03
 1.06829869e+00  1.00000000e-03
 1.12016107e+00  1.00000000e-03
-2.34132366e-01  1.00000000e-03
-5.10938985e-01  1.00000000e-03
 4.72883336e-01  1.00000000e-03
-6.02295634e-01  1.00000000e-03
 9.37300943e-01  1.00000000e-03
-2.98014300e-01  1.00000000e-03
 2.11686740e-01  1.00000000e-03
 6.06584222e-01  1.00000000e-03
-5.02559171e-01  1.00000000e-03
 1.16269375e+00  1.00000000e-03
-5.59213646e-01  1.00000000e-03
 2.50051340e-01  1.00000000e-03
-5.03071667e-02  1.00000000e-03
 5.51754154e-01  1.00000000e-03
-6.12239176e-01  1.00000000e-03
-5.76409453e-02  1.00000000e-03
-4.62812500e-01  1.00000000e-03
-4.47510121e-01  1.00000000e-03
-5.87252969e-01  1.00000000e-03
 2.19507143e-02  1.00000000e-03
 5.27157854e-02  1.00000000e-03
-3.84111174e-01  1.00000000e-03
-3.79215490e-02  1.00000000e-03
 6.90822050e-01  1.00000000e-03
 7.11473600e-03  1.00000000e-03
-2.08765206e-01  1.00000000e-03
-4.66585657e-01  1.00000000e-03
 1.15439931e+00  1.00000000e-03
 1.40844835e-01  1.00000000e-03
 2.26975902e-01  1.00000000e-03
-1.28415021e-01  1.00000000e-03
 1.06884954e+00  1.00000000e-03
-2.44881303e-01  1.00000000e-03
 1.00555019e+00  1.00000000e-03
-4.36179176e-01  1.00000000e-03
 8.44852113e-01  1.00000000e-03
-5.65055574e-01  1.00000000e-03
 9.76603600e-01  1.00000000e-03
-5.66707498e-01  1.00000000e-03
-1.42670132e-01  1.00000000e-03
-5.03633421e-01  1.00000000e-03
-6.58906902e-01  1.00000000e-03
-3.02719321e-01  1.00000000e-03
-6.06325850e-01  1.00000000e-03
 5.18910654e-01  1.00000000e-03
 1.64619378e-01  1.00000000e-03
 1.73168532e-01  1.00000000e-03
-5.90028620e-01  1.00000000e-03
 8.88922164e-01  1.00000000e-03
 5.07383192e-01  1.00000000e-03
-1.09852832e-01  1.00000000e-03
 2.57126989e-01  1.00000000e-03
 8.13766166e-01  1.00000000e-03
 9.58218698e-01  1.00000000e-03
-5.61396773e-01  1.00000000e-03
-2.40248175e-01  1.00000000e-03
-4.73331567e-01  1.00000000e-03
-5.33903347e-01  1.00000000e-03
 3.40579474e-01  1.00000000e-03
-5.80571710e-01  1.00000000e-03
-3.72694641e-01  1.00000000e-03
 8.76038115e-01  1.00000000e-03
-3.41205278e-01  1.00000000e-03
-2.32342924e-01  1.00000000e-03
-9.42847414e-02  1.00000000e-03
-4.49706111e-01  1.00000000e-03
 3.56024332e-01  1.00000000e-03
-5.34086985e-01  1.00000000e-03
-3.91529827e-01  1.00000000e-03
 8.40161619e-01  1.00000000e-03
-3.43164212e-01  1.00000000e-03
-4.53010742e-01  1.00000000e-03
-3.61923582e-01  1.00000000e-03
 4.77757290e-01  1.00000000e-03
 8.67420747e-01  1.00000000e-03
 2.36224516e-01  1.00000000e-03
 9.82940846e-01  1.00000000e-03
-2.32720144e-01  1.00000000e-03
-4.92442327e-01  1.00000000e-03
-5.24539598e-01  1.00000000e-03
-2.08661372e-01  1.00000000e-03
-6.22563417e-01  1.00000000e-03
 9.04338431e-02  1.00000000e-03
-9.32174390e-02  1.00000000e-03
-7.41086468e-02  1.00000000e-03
 6.23119715e-01  1.00000000e-03
 1.06468669e+00  1.00000000e-03
-3.00938275e-01  1.00000000e-03
 1.42871756e-01  1.00000000e-03
 4.16486388e-02  1.00000000e-03
-3.76786236e-01  1.00000000e-03
 2.20215266e-01  1.00000000e-03
 1.61856739e-01  1.00000000e-03
 8.70231407e-01  1.00000000e-03
-5.56683316e-01  1.00000000e-03
-3.55931997e-01  1.00000000e-03
-1.52730862e-01  1.00000000e-03
 3.13409101e-02  1.00000000e-03
-6.06154902e-01  1.00000000e-03
-2.22444087e-01  1.00000000e-03
-1.55274293e-01  1.00000000e-03
 1.59026041e-02  1.00000000e-03
-4.58970619e-01  1.00000000e-03
-5.21796637e-01  1.00000000e-03
 7.66285012e-01  1.00000000e-03
 9.92610631e-02  1.00000000e-03
-2.59252748e-01  1.00000000e-03
-4.42396872e-01  1.00000000e-03
-5.36224966e-01  1.00000000e-03
-5.08301057e-01  1.00000000e-03
 1.22206564e+00  1.00000000e-03
 2.76707076e-01  1.00000000e-03
-2.09841465e-01  1.00000000e-03
 2.37373019e-01  1.00000000e-03
-4.54818345e-01  1.00000000e-03
-4.85418057e-01  1.00000000e-03
-3.86417348e-01  1.00000000e-03
-5.39400771e-01  1.00000000e-03
-1.19803031e-02  1.00000000e-03
 1.72178871e-01  1.00000000e-03
-3.13262279e-01  1.00000000e-03
 9.97424578e-01  1.00000000e-03
 1.35299091e-02  1.00000000e-03
 4.26614257e-01  1.00000000e-03
-3.84791272e-01  1.00000000e-03
 8.66948829e-01  1.00000000e-03
 1.67287049e-01  1.00000000e-03
-6.51579432e-02  1.00000000e-03
 7.95853036e-02  1.00000000e-03
-2.57193390e-01  1.00000000e-03
 5.59236855e-01  1.00000000e-03
 1.09637680e+00  1.00000000e-03
 1.06250923e+00  1.00000000e-03
-4.30586169e-01  1.00000000e-03
-1.62582356e-01  1.00000000e-03
 2.26985079e-01  1.00000000e-03
-5.43724005e-01  1.00000000e-03
-4.42798510e-01  1.00000000e-03
 2.35447259e-01  1.00000000e-03
-5.57537332e-01  1.00000000e-03
 1.43017019e-01  1.00000000e-03
-5.03355426e-01  1.00000000e-03
-6.35057573e-01  1.00000000e-03
 4.28043124e-01  1.00000000e-03
-4.83003159e-01  1.00000000e-03
 4.34122596e-01  1.00000000e-03
-4.62793630e-01  1.00000000e-03
 1.08255691e+00  1.00000000e-03
-1.48880954e-01  1.00000000e-03
-4.92469149e-01  1.00000000e-03
-4.70090829e-01  1.00000000e-03
-8.48550910e-02  1.00000000e-03
 4.50595356e-01  1.00000000e-03
 7.58146023e-01  1.00000000e-03
-5.54574617e-01  1.00000000e-03
 1.98809183e-01  1.00000000e-03
-4.67826924e-01  1.00000000e-03
 1.03158827e+00  1.00000000e-03
 8.30534212e-01  1.00000000e-03
 1.11388513e+00  1.00000000e-03
-3.62580980e-01  1.00000000e-03
 3.70143219e-01  1.00000000e-03
 4.07714649e-01  1.00000000e-03
-8.03539679e-02  1.00000000e-03
-3.25590945e-02  1.00000000e-03
 8.69598789e-01  1.00000000e-03
-3.08036659e-01  1.00000000e-03
-3.96580460e-01  1.00000000e-03
-2.59526996e-01  1.00000000e-03
 2.22896834e-01  1.00000000e-03
-2.25861923e-01  1.00000000e-03
 7.62656984e-02  1.00000000e-03
-5.11090568e-01  1.00000000e-03
 9.52454673e-01  1.00000000e-03
 5.12215430e-01  1.00000000e-03
-2.40484683e-01  1.00000000e-03
-1.13051815e-01  1.00000000e-03
 5.91656124e-02  1.00000000e-03
-5.09094017e-01  1.00000000e-03
-1.19774210e-01  1.00000000e-03
-2.38426530e-01  1.00000000e-03
-6.99760285e-02  1.00000000e-03
-5.85601948e-01  1.00000000e-03
-5.48267091e-01  1.00000000e-03
-3.93389646e-01  1.00000000e-03
 7.05165780e-01  1.00000000e-03
 8.55502006e-02  1.00000000e-03
-4.26154218e-01  1.00000000e-03
 1.92933158e-01  1.00000000e-03
-4.92198166e-01  1.00000000e-03
 4.40122349e-02  1.00000000e-03
-4.97565743e-01  1.00000000e-03
-2.73755590e-01  1.00000000e-03
-5.19133155e-01  1.00000000e-03
 1.14439943e+00  1.00000000e-03
 7.43095531e-02  1.00000000e-03
 1.00324877e+00  1.00000000e-03
 5.84295024e-01  1.00000000e-03
-4.99200741e-01  1.00000000e-03
 3.35920078e-01  1.00000000e-03
-5.31926862e-01  1.00000000e-03
-4.25191009e-01  1.00000000e-03
-5.64276049e-01  1.00000000e-03
-4.10278297e-01  1.00000000e-03
-1.81731995e-01  1.00000000e-03
-5.51136211e-02  1.00000000e-03
 5.46105978e-01  1.00000000e-03
 1.25565671e+00  1.00000000e-03
 4.59325402e-01  1.00000000e-03
 4.10403644e-01  1.00000000e-03
 8.78466827e-01  1.00000000e-03
 1.10982583e+00  1.00000000e-03
 4.14157503e-01  1.00000000e-03
-3.55570967e-01  1.00000000e-03
 6.70970469e-01  1.00000000e-03
-5.57080835e-01  1.00000000e-03
 1.54579862e-01  1.00000000e-03
-3.14352193e-01  1.00000000e-03
-2.81303893e-01  1.00000000e-03
 7.11033399e-01  1.00000000e-03
-5.18082830e-01  1.00000000e-03
-4.10517877e-01  1.00000000e-03
-4.74552182e-01  1.00000000e-03
 4.23797443e-01  1.00000000e-03
 6.22815406e-01  1.00000000e-03
-5.75655719e-01  1.00000000e-03
 1.17445072e+00  1.00000000e-03
-5.85103401e-01  1.00000000e-03
 4.70216342e-01  1.00000000e-03
-4.13621538e-01  1.00000000e-03
 5.51161580e-01  1.00000000e-03
-4.76234276e-02  1.00000000e-03
-1.92598065e-01  1.00000000e-03
-1.33939045e-01  1.00000000e-03
-2.86271497e-01  1.00000000e-03
-2.05942595e-01  1.00000000e-03
-1.68066804e-01  1.00000000e-03
-3.53282756e-01  1.00000000e-03
-5.00499900e-01  1.00000000e-03
-2.55016943e-01  1.00000000e-03
-4.15754576e-01  1.00000000e-03
 3.36540689e-01  1.00000000e-03
-3.76151384e-01  1.00000000e-03
-3.02553952e-01  1.00000000e-03
 1.88833415e-01  1.00000000e-03
-2.74430392e-02  1.00000000e-03
 5.83791291e-01  1.00000000e-03
 9.16125898e-01  1.00000000e-03
-3.20540549e-01  1.00000000e-03
-4.77460382e-01  1.00000000e-03
 5.47615694e-01  1.00000000e-03
-3.69322857e-01  1.00000000e-03
-3.74367135e-01  1.00000000e-03
 8.55826623e-01  1.00000000e-03
 4.05664286e-01  1.00000000e-03
 1.78059571e-01  1.00000000e-03
 1.34161230e-02  1.00000000e-03
 9.01053362e-02  1.00000000e-03
-2.10574433e-01  1.00000000e-03
-2.18318826e-02  1.00000000e-03
 8.69792717e-01  1.00000000e-03
 3.94475635e-01  1.00000000e-03
 6.25703022e-01  1.00000000e-03
-6.92392277e-02  1.00000000e-03
-3.73152732e-01  1.00000000e-03
 1.83772653e-01  1.00000000e-03
-1.91439199e-01  1.00000000e-03
 8.17683749e-01  1.00000000e-03
-4.77498645e-02  1.00000000e-03
 6.41627319e-01  1.00000000e-03
-1.72727695e-02  1.00000000e-03
-4.35949797e-01  1.00000000e-03
-2.98204172e-02  1.00000000e-03
 7.61568439e-01  1.00000000e-03
 3.64448313e-01  1.00000000e-03
-4.50367786e-01  1.00000000e-03
 6.78502363e-01  1.00000000e-03
-5.13354059e-01  1.00000000e-03
-5.77726338e-01  1.00000000e-03
-5.68302422e-01  1.00000000e-03
-4.80381351e-01  1.00000000e-03
-7.99391261e-02  1.00000000e-03
 1.49247541e-01  1.00000000e-03
 7.26621767e-02  1.00000000e-03
 6.07532597e-01  1.00000000e-03
 3.35252221e-01  1.00000000e-03
 6.06813650e-01  1.00000000e-03
 4.92736518e-01  1.00000000e-03
 6.34681734e-01  1.00000000e-03
-5.61740033e-01  1.00000000e-03
 2.68383407e-01  1.00000000e-03
-3.16319212e-01  1.00000000e-03
-3.93069486e-01  1.00000000e-03
-5.84345609e-01  1.00000000e-03
 1.05319052e+00  1.00000000e-03
-5.50156068e-01  1.00000000e-03
-5.07211438e-01  1.00000000e-03
-1.59235752e-01  1.00000000e-03
-1.67335761e-01  1.00000000e-03
-3.47734181e-01  1.00000000e-03
-2.59153253e-01  1.00000000e-03
-5.25426503e-01  1.00000000e-03
-2.85408973e-02  1.00000000e-03
 4.40071098e-01  1.00000000e-03
-5.11825083e-01  1.00000000e-03
-6.20014129e-01  1.00000000e-03
-5.82902444e-01  1.00000000e-03
-4.40684205e-01  1.00000000e-03
 4.00263473e-01  1.00000000e-03
-5.54509619e-01  1.00000000e-03
-2.70284797e-01  1.00000000e-03
-3.18674487e-01  1.00000000e-03
 1.08720038e-01  1.00000000e-03
-2.03740915e-01  1.00000000e-03
 1.17108611e-01  1.00000000e-03
-4.92111408e-01  1.00000000e-03
 1.07144178e+00  1.00000000e-03
 5.72052187e-01  1.00000000e-03
-5.72941211e-01  1.00000000e-03
 7.99524785e-01  1.00000000e-03
-2.13519907e-01  1.00000000e-03
 1.19211563e+00  1.00000000e-03
-1.45356718e-01  1.00000000e-03
 4.06082130e-01  1.00000000e-03
-2.51312364e-01  1.00000000e-03
 2.18384410e-03  1.00000000e-03
 2.61301549e-01  1.00000000e-03
 4.85342774e-01  1.00000000e-03
 4.36300698e-01  1.00000000e-03
-9.19122448e-02  1.00000000e-03
-5.77196540e-01  1.00000000e-03
-1.88839586e-01  1.00000000e-03
 1.03336288e+00  1.00000000e-03
 9.85438637e-01  1.00000000e-03
-5.36957392e-01  1.00000000e-03
-4.03761883e-01  1.00000000e-03
 3.29425429e-01  1.00000000e-03
-2.94925540e-01  1.00000000e-03
 2.07022215e-01  1.00000000e-03
-1.44885171e-01  1.00000000e-03
-4.52328589e-01  1.00000000e-03
 4.49873086e-01  1.00000000e-03
 1.14186707e+00  1.00000000e-03
-2.54862432e-01  1.00000000e-03
 1.04671526e+00  1.00000000e-03
-4.99429603e-01  1.00000000e-03
-5.40457732e-01  1.00000000e-03
-5.31698637e-01  1.00000000e-03
-4.28163921e-01  1.00000000e-03
-3.90509908e-01  1.00000000e-03
 3.41089112e-02  1.00000000e-03
 6.57345295e-01  1.00000000e-03
 4.82224462e-01  1.00000000e-03
-5.16285060e-01  1.00000000e-03
 1.00672789e+00  1.00000000e-03
 1.07060101e+00  1.00000000e-03
 1.11264591e+00  1.00000000e-03
 4.16544110e-01  1.00000000e-03
-5.72488575e-01  1.00000000e-03
-5.44226121e-01  1.00000000e-03
-5.86044450e-01  1.00000000e-03
-5.89101402e-01  1.00000000e-03
 3.17074674e-01  1.00000000e-03
 7.92011814e-01  1.00000000e-03
-4.27857112e-01  1.00000000e-03
-5.23490579e-01  1.00000000e-03
 3.84140470e-01  1.00000000e-03
-4.62142874e-01  1.00000000e-03
-5.76307433e-01  1.00000000e-03
 7.99096862e-01  1.00000000e-03
-5.27874188e-01  1.00000000e-03
 2.01331327e-01  1.00000000e-03
-2.30366324e-01  1.00000000e-03
-2.70212880e-01  1.00000000e-03
 1.01034187e-01  1.00000000e-03
-1.72363478e-03  1.00000000e-03
 6.58505819e-01  1.00000000e-03
 1.01139623e+00  1.00000000e-03
-2.68090959e-01  1.00000000e-03
 8.28364495e-02  1.00000000e-03
-3.30127483e-01  1.00000000e-03
-1.81355041e-01  1.00000000e-03
 6.86804082e-01  1.00000000e-03
