       400  0.5271399E-01
       400  0.5260497E-01
       400  0.5299200E-01
      1000  0.1367740E+00
      1000  0.1368670E+00
      1000  0.1355360E+00
      4000  0.4931082E+00
      4000  0.5848879E+00
      4000  0.4951279E+00
      4000  0.6137969E+00
      4000  0.4690292E+00
     10000  0.1378875E+01
     10000  0.1199022E+01
     10000  0.1138075E+01
     20000  0.2411111E+01
     20000  0.3343844E+01
     20000  0.2713134E+01
     20000  0.2382181E+01
     50000  0.6635226E+01
     50000  0.6263539E+01
     50000  0.7273397E+01
