-2.68649294e-02  1.00000000e-03
 1.65480115e-01  1.00000000e-03
 1.77246698e-01  1.00000000e-03
 1.69999630e-01  1.00000000e-03
-4.55584537e-02  1.00000000e-03
-3.08925758e-02  1.00000000e-03
-5.55127878e-02  1.00000000e-03
 3.05458067e-01  1.00000000e-03
 2.66595011e-01  1.00000000e-03
 4.34366725e-01  1.00000000e-03
 6.67741294e-02  1.00000000e-03
-4.35953893e-03  1.00000000e-03
-2.24835951e-01  1.00000000e-03
-2.12270484e-01  1.00000000e-03
-1.79518114e-01  1.00000000e-03
-6.52742571e-04  1.00000000e-03
 2.31215997e-02  1.00000000e-03
 1.15820081e-01  1.00000000e-03
 1.97874488e-02  1.00000000e-03
 2.28110074e-01  1.00000000e-03
-5.81402414e-02  1.00000000e-03
-7.49919905e-02  1.00000000e-03
-1.70167689e-01  1.00000000e-03
-7.76733060e-02  1.00000000e-03
-8.58034599e-02  1.00000000e-03
 2.47729790e-01  1.00000000e-03
 4.40414386e-03  1.00000000e-03
-5.21661221e-02  1.00000000e-03
 5.68275108e-02  1.00000000e-03
-9.94993272e-02  1.00000000e-03
-4.96136866e-02  1.00000000e-03
 1.57043541e-01  1.00000000e-03
 2.94899903e-02  1.00000000e-03
 3.06953244e-01  1.00000000e-03
 5.11732202e-02  1.00000000e-03
-1.49869252e-02  1.00000000e-03
 7.03802932e-02  1.00000000e-03
 2.03579937e-01  1.00000000e-03
 1.06099515e-01  1.00000000e-03
-4.44515815e-02  1.00000000e-03
-1.19921501e-01  1.00000000e-03
-1.03061124e-01  1.00000000e-03
 1.73179987e-01  1.00000000e-03
-4.05106864e-02  1.00000000e-03
 8.00683156e-02  1.00000000e-03
-4.26142812e-01  1.00000000e-03
-4.23909123e-02  1.00000000e-03
 1.76285056e-01  1.00000000e-03
-1.66049778e-01  1.00000000e-03
-2.97099145e-01  1.00000000e-03
 7.62293479e-02  1.00000000e-03
-3.31698867e-01  1.00000000e-03
-7.02013697e-02  1.00000000e-03
-7.95626902e-02  1.00000000e-03
-1.59729416e-01  1.00000000e-03
-2.42178241e-02  1.00000000e-03
 2.53539218e-02  1.00000000e-03
-1.71719312e-01  1.00000000e-03
 2.71235736e-01  1.00000000e-03
-2.53176600e-02  1.00000000e-03
-8.21540036e-02  1.00000000e-03
-1.58473119e-01  1.00000000e-03
-1.58566170e-01  1.00000000e-03
 9.67601150e-02  1.00000000e-03
-2.33675191e-01  1.00000000e-03
-3.60848270e-01  1.00000000e-03
-4.18320650e-02  1.00000000e-03
-2.02902045e-01  1.00000000e-03
-1.63688261e-01  1.00000000e-03
 1.40975131e-01  1.00000000e-03
-1.85526464e-01  1.00000000e-03
-1.39536574e-01  1.00000000e-03
 4.87491159e-01  1.00000000e-03
-1.75512918e-01  1.00000000e-03
-1.59570487e-01  1.00000000e-03
 9.47120276e-02  1.00000000e-03
-2.60474322e-01  1.00000000e-03
-1.72340969e-01  1.00000000e-03
-1.69642974e-01  1.00000000e-03
 2.93881221e-01  1.00000000e-03
 1.12953172e-01  1.00000000e-03
-2.98636889e-01  1.00000000e-03
-2.54258383e-01  1.00000000e-03
 7.81762879e-02  1.00000000e-03
 2.03584998e-01  1.00000000e-03
 2.43881648e-02  1.00000000e-03
 6.56404539e-03  1.00000000e-03
-1.13427571e-02  1.00000000e-03
 2.03341707e-01  1.00000000e-03
-2.98287864e-01  1.00000000e-03
 2.76774427e-01  1.00000000e-03
 2.86723455e-02  1.00000000e-03
 9.32307320e-02  1.00000000e-03
-9.19265409e-02  1.00000000e-03
-6.73391733e-02  1.00000000e-03
 6.65109486e-02  1.00000000e-03
-2.17460601e-01  1.00000000e-03
 2.01197577e-01  1.00000000e-03
-7.09072185e-03  1.00000000e-03
-2.49925488e-01  1.00000000e-03
 6.65276253e-01  1.00000000e-03
 1.20047842e-02  1.00000000e-03
 9.89738025e-02  1.00000000e-03
-3.70675507e-02  1.00000000e-03
 7.22897831e-03  1.00000000e-03
 3.76052668e-01  1.00000000e-03
 2.18559446e-03  1.00000000e-03
-1.80213398e-01  1.00000000e-03
-1.17533773e-01  1.00000000e-03
 1.96947710e-01  1.00000000e-03
-6.24519803e-02  1.00000000e-03
-3.03134084e-02  1.00000000e-03
-4.48947583e-02  1.00000000e-03
 6.69089499e-01  1.00000000e-03
 2.10854572e-01  1.00000000e-03
-5.77199726e-02  1.00000000e-03
-1.69963954e-01  1.00000000e-03
 8.34493232e-02  1.00000000e-03
-7.55923323e-02  1.00000000e-03
-4.08400092e-02  1.00000000e-03
 1.52118945e-01  1.00000000e-03
 4.90551249e-02  1.00000000e-03
 2.90995220e-01  1.00000000e-03
-9.97098588e-02  1.00000000e-03
 5.66633307e-02  1.00000000e-03
-5.91162579e-02  1.00000000e-03
-3.60895944e-02  1.00000000e-03
 4.64039009e-01  1.00000000e-03
 7.88385664e-02  1.00000000e-03
 3.00200365e-01  1.00000000e-03
-1.60937772e-01  1.00000000e-03
 1.41087905e-01  1.00000000e-03
-1.00303318e-01  1.00000000e-03
 4.70151054e-02  1.00000000e-03
 1.75190615e-01  1.00000000e-03
-9.28053185e-02  1.00000000e-03
 1.37994995e-02  1.00000000e-03
-8.64642013e-02  1.00000000e-03
 2.98847121e-01  1.00000000e-03
 8.71594659e-02  1.00000000e-03
 1.51747916e-01  1.00000000e-03
 2.44714168e-01  1.00000000e-03
-1.04548705e-01  1.00000000e-03
 1.38337889e-01  1.00000000e-03
 3.15529051e-01  1.00000000e-03
 6.43181601e-02  1.00000000e-03
-2.21535862e-01  1.00000000e-03
-1.50746039e-01  1.00000000e-03
-1.88340844e-01  1.00000000e-03
 3.25096064e-01  1.00000000e-03
 9.72065614e-02  1.00000000e-03
-1.26843892e-02  1.00000000e-03
 7.21463550e-03  1.00000000e-03
-1.41685307e-01  1.00000000e-03
 1.76031672e-02  1.00000000e-03
-1.32997950e-02  1.00000000e-03
-2.04388890e-01  1.00000000e-03
-1.02751618e-01  1.00000000e-03
 4.72938435e-01  1.00000000e-03
-4.59271953e-02  1.00000000e-03
 1.08048315e-01  1.00000000e-03
 3.75440213e-01  1.00000000e-03
-4.35224997e-02  1.00000000e-03
-1.32112263e-01  1.00000000e-03
 2.72388060e-01  1.00000000e-03
 1.33275270e-02  1.00000000e-03
 4.65381092e-01  1.00000000e-03
-1.10121252e-01  1.00000000e-03
 8.21348737e-02  1.00000000e-03
-7.31859184e-02  1.00000000e-03
 6.89158139e-02  1.00000000e-03
 8.24546554e-02  1.00000000e-03
-7.74862654e-02  1.00000000e-03
 3.29908068e-01  1.00000000e-03
-1.64373904e-01  1.00000000e-03
-1.69270088e-01  1.00000000e-03
 6.69419207e-02  1.00000000e-03
 9.16076999e-02  1.00000000e-03
 3.39439756e-01  1.00000000e-03
-3.15958408e-02  1.00000000e-03
 2.90395586e-01  1.00000000e-03
-2.81163081e-02  1.00000000e-03
 1.28861602e-01  1.00000000e-03
 2.14697640e-01  1.00000000e-03
 1.54088486e-01  1.00000000e-03
 3.30341014e-02  1.00000000e-03
-1.93399671e-01  1.00000000e-03
 1.52948655e-01  1.00000000e-03
 5.28166168e-01  1.00000000e-03
 2.13452553e-01  1.00000000e-03
-2.82408624e-02  1.00000000e-03
 4.29070025e-02  1.00000000e-03
-1.68421472e-01  1.00000000e-03
 1.09594270e-01  1.00000000e-03
-1.61176006e-01  1.00000000e-03
 2.72027026e-01  1.00000000e-03
-1.05491677e-01  1.00000000e-03
-1.82419547e-01  1.00000000e-03
-1.82369883e-01  1.00000000e-03
 9.07583941e-02  1.00000000e-03
-1.56066389e-01  1.00000000e-03
-1.02434554e-01  1.00000000e-03
-1.04622087e-02  1.00000000e-03
-7.51185895e-02  1.00000000e-03
-1.46333090e-01  1.00000000e-03
-1.50699991e-01  1.00000000e-03
 5.06351176e-01  1.00000000e-03
-7.96760474e-02  1.00000000e-03
 6.00668792e-02  1.00000000e-03
-6.95081752e-02  1.00000000e-03
-1.18998958e-01  1.00000000e-03
 7.14314473e-02  1.00000000e-03
-5.89565588e-02  1.00000000e-03
-2.28231973e-01  1.00000000e-03
-2.83501710e-01  1.00000000e-03
-1.57227954e-01  1.00000000e-03
 6.82763445e-03  1.00000000e-03
 9.24173801e-03  1.00000000e-03
 3.47845183e-02  1.00000000e-03
 9.18529975e-02  1.00000000e-03
-1.22222571e-01  1.00000000e-03
-2.01730756e-01  1.00000000e-03
-1.40601501e-01  1.00000000e-03
 2.01066929e-01  1.00000000e-03
-9.76242328e-02  1.00000000e-03
-2.17456043e-01  1.00000000e-03
-1.20760794e-01  1.00000000e-03
 1.70589746e-01  1.00000000e-03
-3.75450807e-02  1.00000000e-03
 3.30040192e-01  1.00000000e-03
 1.41856119e-01  1.00000000e-03
-3.59852796e-02  1.00000000e-03
 7.07205083e-02  1.00000000e-03
-3.12648655e-02  1.00000000e-03
 1.50196639e-01  1.00000000e-03
 2.41546242e-02  1.00000000e-03
-1.47433532e-01  1.00000000e-03
-1.12115739e-01  1.00000000e-03
 9.64659019e-04  1.00000000e-03
 3.80755343e-02  1.00000000e-03
-9.44145271e-02  1.00000000e-03
 1.82153189e-01  1.00000000e-03
-3.44602993e-01  1.00000000e-03
 4.47984687e-01  1.00000000e-03
-3.31193291e-01  1.00000000e-03
 2.00011592e-01  1.00000000e-03
-2.35612396e-01  1.00000000e-03
-1.22131787e-02  1.00000000e-03
 5.85048824e-02  1.00000000e-03
 7.70814321e-02  1.00000000e-03
-2.04919383e-01  1.00000000e-03
-1.16319926e-01  1.00000000e-03
 4.48119920e-01  1.00000000e-03
 2.48978846e-01  1.00000000e-03
-2.09602181e-01  1.00000000e-03
-3.11373830e-02  1.00000000e-03
 1.28022328e-01  1.00000000e-03
-1.26928833e-01  1.00000000e-03
 3.92288348e-02  1.00000000e-03
-1.82631027e-01  1.00000000e-03
 2.44644252e-01  1.00000000e-03
 8.30330737e-02  1.00000000e-03
 3.02267515e-01  1.00000000e-03
 3.59127056e-01  1.00000000e-03
-9.18407790e-02  1.00000000e-03
-5.31703588e-02  1.00000000e-03
 1.27099910e-01  1.00000000e-03
 7.74314243e-02  1.00000000e-03
 4.39387734e-01  1.00000000e-03
 4.23036270e-02  1.00000000e-03
 1.07691459e-01  1.00000000e-03
 3.11957971e-01  1.00000000e-03
-2.69161634e-02  1.00000000e-03
-5.74879126e-02  1.00000000e-03
 2.05560583e-01  1.00000000e-03
 4.19840906e-01  1.00000000e-03
-2.50461185e-01  1.00000000e-03
-1.58135545e-01  1.00000000e-03
 2.66620536e-02  1.00000000e-03
-1.35868019e-02  1.00000000e-03
-1.17851588e-02  1.00000000e-03
-1.78161209e-01  1.00000000e-03
 1.68910942e-01  1.00000000e-03
-3.68180045e-02  1.00000000e-03
-1.02590344e-01  1.00000000e-03
-5.28567966e-02  1.00000000e-03
-5.21158281e-02  1.00000000e-03
-6.79216535e-02  1.00000000e-03
-1.36363916e-01  1.00000000e-03
 9.65755226e-02  1.00000000e-03
-7.12410413e-02  1.00000000e-03
 2.21273507e-01  1.00000000e-03
 1.36170183e-01  1.00000000e-03
 1.05452116e-02  1.00000000e-03
 2.66895596e-01  1.00000000e-03
 1.12149818e-02  1.00000000e-03
 2.06928740e-01  1.00000000e-03
-1.99644175e-02  1.00000000e-03
 2.71757903e-01  1.00000000e-03
-1.17574378e-01  1.00000000e-03
-4.97640030e-02  1.00000000e-03
 8.64766410e-02  1.00000000e-03
 5.02811433e-01  1.00000000e-03
 1.58556026e-01  1.00000000e-03
-4.00193235e-01  1.00000000e-03
 6.49568478e-02  1.00000000e-03
-3.81296155e-01  1.00000000e-03
-2.37635238e-02  1.00000000e-03
-1.49367648e-02  1.00000000e-03
-2.79767725e-01  1.00000000e-03
-1.24275398e-02  1.00000000e-03
 4.77155348e-02  1.00000000e-03
-3.10914444e-01  1.00000000e-03
-4.32111217e-02  1.00000000e-03
-2.47213044e-02  1.00000000e-03
 2.41110272e-01  1.00000000e-03
-9.36068667e-02  1.00000000e-03
 3.68144088e-01  1.00000000e-03
 1.17972897e-01  1.00000000e-03
 3.26518685e-01  1.00000000e-03
 3.67897790e-02  1.00000000e-03
 1.27124500e-01  1.00000000e-03
-3.67440074e-01  1.00000000e-03
 2.12569891e-02  1.00000000e-03
 7.07094907e-02  1.00000000e-03
 2.17003582e-01  1.00000000e-03
-3.78911291e-02  1.00000000e-03
-9.43093965e-02  1.00000000e-03
-1.76707693e-01  1.00000000e-03
-1.24373485e-01  1.00000000e-03
-2.88158214e-02  1.00000000e-03
-9.83777201e-02  1.00000000e-03
 8.29323710e-02  1.00000000e-03
-1.67141217e-01  1.00000000e-03
-7.20331192e-02  1.00000000e-03
 2.53837183e-01  1.00000000e-03
-1.29352724e-01  1.00000000e-03
-5.76515225e-02  1.00000000e-03
-1.14732521e-01  1.00000000e-03
 1.96281426e-01  1.00000000e-03
-3.68724642e-02  1.00000000e-03
-6.64499435e-02  1.00000000e-03
-1.85813860e-02  1.00000000e-03
 2.49862487e-02  1.00000000e-03
-1.15103519e-01  1.00000000e-03
-1.03469293e-01  1.00000000e-03
-1.10572516e-01  1.00000000e-03
 3.01072856e-01  1.00000000e-03
-2.81744133e-02  1.00000000e-03
 3.55316589e-02  1.00000000e-03
 5.22398596e-03  1.00000000e-03
 1.83700921e-01  1.00000000e-03
 4.55658910e-01  1.00000000e-03
-1.04543546e-02  1.00000000e-03
 2.09116444e-01  1.00000000e-03
 4.76095925e-01  1.00000000e-03
-6.99728476e-02  1.00000000e-03
 3.07785642e-01  1.00000000e-03
-1.16083008e-01  1.00000000e-03
 4.01990644e-02  1.00000000e-03
-2.52403217e-01  1.00000000e-03
 3.43670772e-02  1.00000000e-03
 3.88101621e-01  1.00000000e-03
 1.31824169e-01  1.00000000e-03
 4.17253762e-01  1.00000000e-03
-5.71684391e-02  1.00000000e-03
 7.83712512e-02  1.00000000e-03
-3.43584609e-02  1.00000000e-03
-1.42536410e-01  1.00000000e-03
 1.68451582e-01  1.00000000e-03
 2.46943655e-01  1.00000000e-03
 6.91436713e-03  1.00000000e-03
-7.10182659e-02  1.00000000e-03
 4.63301598e-02  1.00000000e-03
 3.66839926e-01  1.00000000e-03
-2.25703658e-03  1.00000000e-03
-2.28589429e-01  1.00000000e-03
-3.14631366e-01  1.00000000e-03
 6.66705946e-02  1.00000000e-03
 6.05548485e-02  1.00000000e-03
-1.10020513e-01  1.00000000e-03
-3.39505598e-02  1.00000000e-03
-1.81561570e-01  1.00000000e-03
-5.21925604e-03  1.00000000e-03
 8.46203477e-02  1.00000000e-03
-4.08798095e-01  1.00000000e-03
-1.39927169e-01  1.00000000e-03
-1.83243128e-01  1.00000000e-03
-1.11002848e-01  1.00000000e-03
-1.70789637e-01  1.00000000e-03
-3.46314205e-02  1.00000000e-03
-2.16896672e-02  1.00000000e-03
 3.29266930e-02  1.00000000e-03
 4.72898099e-02  1.00000000e-03
 1.73828594e-01  1.00000000e-03
-3.42009214e-02  1.00000000e-03
 2.16746569e-01  1.00000000e-03
-5.66085059e-02  1.00000000e-03
 3.49527527e-02  1.00000000e-03
-1.16191517e-01  1.00000000e-03
 8.76389829e-02  1.00000000e-03
-7.97339375e-02  1.00000000e-03
 1.93940477e-01  1.00000000e-03
 9.11734212e-02  1.00000000e-03
-1.06058307e-02  1.00000000e-03
-1.01778387e-02  1.00000000e-03
 5.87357124e-02  1.00000000e-03
 6.71252065e-02  1.00000000e-03
 2.17838982e-01  1.00000000e-03
 4.38988117e-02  1.00000000e-03
 8.79113956e-02  1.00000000e-03
 8.28536013e-02  1.00000000e-03
-2.84303553e-01  1.00000000e-03
 1.14599825e-01  1.00000000e-03
 3.28531030e-01  1.00000000e-03
 2.08645234e-01  1.00000000e-03
-4.00350589e-01  1.00000000e-03
-3.09465917e-01  1.00000000e-03
 8.94658973e-02  1.00000000e-03
 3.20916051e-01  1.00000000e-03
-1.64245538e-01  1.00000000e-03
-1.08164470e-01  1.00000000e-03
-1.18270138e-01  1.00000000e-03
 2.54619361e-02  1.00000000e-03
-6.55692417e-02  1.00000000e-03
-1.87774148e-01  1.00000000e-03
-1.08058797e-01  1.00000000e-03
 5.28774303e-03  1.00000000e-03
-2.25985816e-01  1.00000000e-03
-2.49882906e-01  1.00000000e-03
-9.44931096e-02  1.00000000e-03
-2.07043431e-01  1.00000000e-03
 2.38370396e-01  1.00000000e-03
-1.07656835e-02  1.00000000e-03
 9.44244296e-02  1.00000000e-03
 1.28084562e-01  1.00000000e-03
 8.80096945e-03  1.00000000e-03
-9.76545744e-02  1.00000000e-03
 3.17820411e-01  1.00000000e-03
-5.17370512e-02  1.00000000e-03
 1.24648632e-01  1.00000000e-03
-1.29144422e-01  1.00000000e-03
 4.04362033e-01  1.00000000e-03
-1.91890662e-01  1.00000000e-03
-1.36987140e-01  1.00000000e-03
-1.66514678e-01  1.00000000e-03
-9.83132162e-02  1.00000000e-03
 1.81032850e-01  1.00000000e-03
 2.39535148e-01  1.00000000e-03
-8.17812467e-02  1.00000000e-03
 2.19015949e-02  1.00000000e-03
-4.50782428e-01  1.00000000e-03
-8.26877154e-02  1.00000000e-03
-7.41107169e-02  1.00000000e-03
-1.34981454e-01  1.00000000e-03
-6.72022584e-02  1.00000000e-03
-6.35060235e-02  1.00000000e-03
 6.10634336e-01  1.00000000e-03
-1.49282223e-01  1.00000000e-03
-4.19777153e-03  1.00000000e-03
-1.19837296e-01  1.00000000e-03
-1.77482661e-01  1.00000000e-03
 1.91943042e-01  1.00000000e-03
 2.48228667e-03  1.00000000e-03
-2.05276551e-01  1.00000000e-03
 3.20781784e-02  1.00000000e-03
-3.45477487e-01  1.00000000e-03
-4.43081838e-02  1.00000000e-03
-6.81592301e-02  1.00000000e-03
 1.88600170e-01  1.00000000e-03
 8.35418344e-02  1.00000000e-03
-1.00245303e-01  1.00000000e-03
 2.23403136e-01  1.00000000e-03
 1.75658615e-02  1.00000000e-03
 1.34637352e-01  1.00000000e-03
 3.41101885e-01  1.00000000e-03
-3.05579735e-02  1.00000000e-03
 8.30891920e-02  1.00000000e-03
 3.85695608e-01  1.00000000e-03
-1.40724514e-01  1.00000000e-03
-8.86445933e-02  1.00000000e-03
 4.37456911e-01  1.00000000e-03
-1.51202047e-01  1.00000000e-03
 8.34390766e-02  1.00000000e-03
 3.65466224e-01  1.00000000e-03
-1.95992106e-01  1.00000000e-03
-8.56393291e-02  1.00000000e-03
-2.69545450e-01  1.00000000e-03
 1.52867070e-01  1.00000000e-03
-1.22189465e-01  1.00000000e-03
 8.43304550e-02  1.00000000e-03
 5.27789595e-02  1.00000000e-03
 1.19398873e-01  1.00000000e-03
-1.28528129e-01  1.00000000e-03
-7.41515619e-02  1.00000000e-03
 8.37290184e-02  1.00000000e-03
 4.68031474e-01  1.00000000e-03
 3.40978831e-01  1.00000000e-03
 2.40531957e-01  1.00000000e-03
-2.40666841e-01  1.00000000e-03
 3.46149555e-01  1.00000000e-03
-1.37778519e-02  1.00000000e-03
-5.14193354e-02  1.00000000e-03
 5.04585355e-02  1.00000000e-03
 1.41736553e-01  1.00000000e-03
 1.31480070e-01  1.00000000e-03
 8.56964259e-02  1.00000000e-03
-2.99365118e-01  1.00000000e-03
 3.89405889e-01  1.00000000e-03
-5.20936512e-02  1.00000000e-03
 2.06758470e-01  1.00000000e-03
-2.71888250e-01  1.00000000e-03
-8.76088150e-02  1.00000000e-03
-2.73369353e-02  1.00000000e-03
-4.23358633e-01  1.00000000e-03
-2.08202334e-01  1.00000000e-03
-8.11699156e-02  1.00000000e-03
-1.49402240e-01  1.00000000e-03
-2.19831492e-01  1.00000000e-03
-8.38923221e-02  1.00000000e-03
-1.83215797e-02  1.00000000e-03
 2.26565927e-01  1.00000000e-03
-1.25533911e-01  1.00000000e-03
 2.88670264e-02  1.00000000e-03
-1.24745844e-01  1.00000000e-03
-2.34913388e-01  1.00000000e-03
 1.30998107e-01  1.00000000e-03
 3.88808390e-01  1.00000000e-03
 1.03901297e-01  1.00000000e-03
-1.58934386e-01  1.00000000e-03
 2.16187680e-02  1.00000000e-03
 1.47519139e-01  1.00000000e-03
 2.47945552e-01  1.00000000e-03
-2.32032978e-03  1.00000000e-03
 1.01435230e-01  1.00000000e-03
-1.25134201e-01  1.00000000e-03
 5.38955327e-02  1.00000000e-03
 2.05018498e-02  1.00000000e-03
-4.52017616e-02  1.00000000e-03
-9.28106822e-02  1.00000000e-03
-1.11818684e-01  1.00000000e-03
 2.81350423e-02  1.00000000e-03
-5.69861745e-02  1.00000000e-03
-4.12493110e-01  1.00000000e-03
-9.66453148e-02  1.00000000e-03
-1.57506019e-01  1.00000000e-03
-5.87382201e-02  1.00000000e-03
-1.65227184e-01  1.00000000e-03
-2.48087532e-01  1.00000000e-03
-1.45813016e-01  1.00000000e-03
 1.26063559e-02  1.00000000e-03
 8.77353880e-02  1.00000000e-03
-4.62125330e-02  1.00000000e-03
-9.89204949e-03  1.00000000e-03
-3.38319037e-02  1.00000000e-03
-3.51252193e-02  1.00000000e-03
 3.35914592e-02  1.00000000e-03
 2.23181156e-01  1.00000000e-03
-2.53385946e-01  1.00000000e-03
 1.55892728e-01  1.00000000e-03
-5.10326324e-02  1.00000000e-03
-2.73917242e-01  1.00000000e-03
-2.08164114e-01  1.00000000e-03
-1.70839002e-01  1.00000000e-03
-1.83085693e-02  1.00000000e-03
-1.65378905e-01  1.00000000e-03
-4.21266076e-02  1.00000000e-03
-3.56023388e-01  1.00000000e-03
 7.00446845e-02  1.00000000e-03
-1.71139744e-01  1.00000000e-03
-1.02989282e-01  1.00000000e-03
 2.78395978e-02  1.00000000e-03
-7.33520906e-02  1.00000000e-03
-4.16553729e-01  1.00000000e-03
 1.11647774e-01  1.00000000e-03
-6.63888544e-02  1.00000000e-03
-2.15378066e-02  1.00000000e-03
-4.91315237e-02  1.00000000e-03
-9.06824910e-02  1.00000000e-03
-5.80896299e-02  1.00000000e-03
-2.55585788e-01  1.00000000e-03
-3.28006848e-01  1.00000000e-03
 6.53139704e-02  1.00000000e-03
 7.90555841e-02  1.00000000e-03
-1.50592747e-01  1.00000000e-03
 1.62043831e-01  1.00000000e-03
 1.95283169e-01  1.00000000e-03
 1.00091973e-01  1.00000000e-03
-1.29166910e-01  1.00000000e-03
-2.35718318e-01  1.00000000e-03
 2.58391120e-01  1.00000000e-03
 1.71082344e-01  1.00000000e-03
 1.40066743e-01  1.00000000e-03
 1.00551570e-01  1.00000000e-03
 1.74738387e-02  1.00000000e-03
-1.73548302e-01  1.00000000e-03
 6.28610097e-02  1.00000000e-03
-1.75068300e-01  1.00000000e-03
 1.21135844e-01  1.00000000e-03
 1.06192092e-01  1.00000000e-03
 5.42548012e-02  1.00000000e-03
 4.90654154e-02  1.00000000e-03
-1.89655953e-01  1.00000000e-03
-6.38143018e-03  1.00000000e-03
-5.35846887e-03  1.00000000e-03
 5.41928719e-02  1.00000000e-03
-2.06365879e-01  1.00000000e-03
 4.90823127e-02  1.00000000e-03
-2.37441215e-01  1.00000000e-03
-1.55210273e-01  1.00000000e-03
 3.56347132e-01  1.00000000e-03
 3.63739696e-01  1.00000000e-03
-2.15806998e-01  1.00000000e-03
 9.37738965e-02  1.00000000e-03
 4.86753165e-03  1.00000000e-03
 4.26479358e-01  1.00000000e-03
 1.63187717e-01  1.00000000e-03
 9.81968506e-02  1.00000000e-03
 2.61223413e-01  1.00000000e-03
-5.01272172e-02  1.00000000e-03
 1.21159246e-01  1.00000000e-03
 1.80397330e-01  1.00000000e-03
-1.09414058e-01  1.00000000e-03
 7.20279375e-02  1.00000000e-03
-1.97736725e-02  1.00000000e-03
-7.95658015e-02  1.00000000e-03
 1.67101391e-01  1.00000000e-03
-3.11027496e-01  1.00000000e-03
-5.14175636e-02  1.00000000e-03
 1.23147299e-02  1.00000000e-03
 2.01609342e-01  1.00000000e-03
-1.91743098e-01  1.00000000e-03
-3.53255904e-02  1.00000000e-03
-2.32336734e-01  1.00000000e-03
 1.50212264e-01  1.00000000e-03
-2.61401472e-01  1.00000000e-03
-9.67982305e-02  1.00000000e-03
-9.82413705e-02  1.00000000e-03
 7.58198637e-03  1.00000000e-03
 7.11985506e-02  1.00000000e-03
 1.24401543e-01  1.00000000e-03
-4.94317585e-02  1.00000000e-03
-1.50543384e-01  1.00000000e-03
-8.49911026e-02  1.00000000e-03
 1.71092011e-01  1.00000000e-03
 3.75898108e-01  1.00000000e-03
 1.60979595e-01  1.00000000e-03
-1.48420367e-01  1.00000000e-03
 7.94753750e-02  1.00000000e-03
-2.71897822e-01  1.00000000e-03
 4.66229950e-02  1.00000000e-03
-1.77077395e-01  1.00000000e-03
 1.83392611e-01  1.00000000e-03
-1.73159474e-01  1.00000000e-03
 4.77842667e-01  1.00000000e-03
 2.27347659e-02  1.00000000e-03
-5.91500535e-02  1.00000000e-03
-6.56450538e-02  1.00000000e-03
 7.96829506e-02  1.00000000e-03
-2.12047206e-01  1.00000000e-03
-5.44803748e-01  1.00000000e-03
 4.18937947e-01  1.00000000e-03
 5.16041952e-02  1.00000000e-03
 5.92801183e-02  1.00000000e-03
-1.66568495e-03  1.00000000e-03
 5.60545733e-01  1.00000000e-03
 2.11067699e-01  1.00000000e-03
 2.73261082e-01  1.00000000e-03
 6.50537422e-02  1.00000000e-03
 3.73573529e-01  1.00000000e-03
 2.02224206e-01  1.00000000e-03
 3.30779971e-01  1.00000000e-03
 3.06492844e-02  1.00000000e-03
-1.85014417e-02  1.00000000e-03
-1.50335853e-01  1.00000000e-03
 2.93691735e-01  1.00000000e-03
-1.71747510e-01  1.00000000e-03
 7.69536165e-02  1.00000000e-03
 8.91362083e-02  1.00000000e-03
-2.19910312e-01  1.00000000e-03
 9.46530720e-02  1.00000000e-03
-1.35070964e-01  1.00000000e-03
-3.72766047e-02  1.00000000e-03
 2.98379735e-02  1.00000000e-03
-1.85166549e-01  1.00000000e-03
-2.24805780e-01  1.00000000e-03
 4.35776602e-02  1.00000000e-03
-2.16027516e-01  1.00000000e-03
 7.36336792e-02  1.00000000e-03
-9.56715013e-02  1.00000000e-03
 3.23297902e-02  1.00000000e-03
 3.96449133e-02  1.00000000e-03
-1.12348068e-02  1.00000000e-03
 1.67528018e-01  1.00000000e-03
-1.42424371e-01  1.00000000e-03
-9.43601193e-02  1.00000000e-03
-5.16267511e-02  1.00000000e-03
-2.90891213e-01  1.00000000e-03
-4.37320754e-01  1.00000000e-03
 1.08575427e-01  1.00000000e-03
-1.72704975e-01  1.00000000e-03
-2.13816457e-01  1.00000000e-03
-6.44256613e-02  1.00000000e-03
 3.09096972e-01  1.00000000e-03
-5.91787625e-02  1.00000000e-03
-8.12719819e-02  1.00000000e-03
 3.83992921e-02  1.00000000e-03
 3.76670744e-03  1.00000000e-03
-1.08552313e-01  1.00000000e-03
 6.98131116e-02  1.00000000e-03
 2.43723662e-01  1.00000000e-03
 1.17400921e-02  1.00000000e-03
 6.22180759e-03  1.00000000e-03
 9.21991468e-02  1.00000000e-03
 1.49804162e-01  1.00000000e-03
-1.60627861e-01  1.00000000e-03
-1.00385935e-01  1.00000000e-03
 1.96535507e-01  1.00000000e-03
 7.79761493e-02  1.00000000e-03
-1.35799241e-01  1.00000000e-03
 2.60270884e-02  1.00000000e-03
 5.80965983e-01  1.00000000e-03
 7.53423266e-02  1.00000000e-03
-2.64092542e-01  1.00000000e-03
 2.08033472e-01  1.00000000e-03
-1.51035591e-01  1.00000000e-03
-2.02427457e-01  1.00000000e-03
 2.97799007e-01  1.00000000e-03
 5.49420468e-01  1.00000000e-03
 1.92992977e-01  1.00000000e-03
 7.22927961e-02  1.00000000e-03
-1.66265059e-01  1.00000000e-03
-2.35658682e-01  1.00000000e-03
 3.14778410e-02  1.00000000e-03
-5.42210049e-02  1.00000000e-03
-1.29928729e-01  1.00000000e-03
 2.07105866e-01  1.00000000e-03
-3.25580633e-01  1.00000000e-03
-1.88466326e-02  1.00000000e-03
 9.68064742e-02  1.00000000e-03
 1.25515299e-01  1.00000000e-03
 4.15429161e-03  1.00000000e-03
 2.70972790e-01  1.00000000e-03
-3.19823278e-02  1.00000000e-03
-3.64267084e-02  1.00000000e-03
-2.59311922e-02  1.00000000e-03
 1.24874272e-02  1.00000000e-03
 1.57583388e-01  1.00000000e-03
 1.21817933e-01  1.00000000e-03
 5.33539451e-01  1.00000000e-03
 2.80837066e-01  1.00000000e-03
-6.34130258e-02  1.00000000e-03
 1.99999735e-01  1.00000000e-03
 7.31829966e-02  1.00000000e-03
-2.92879821e-02  1.00000000e-03
 1.81678064e-01  1.00000000e-03
-1.47122695e-01  1.00000000e-03
-3.68305983e-03  1.00000000e-03
-3.48253081e-01  1.00000000e-03
-2.78301846e-01  1.00000000e-03
 3.67623629e-02  1.00000000e-03
-1.08329956e-01  1.00000000e-03
 4.35481587e-02  1.00000000e-03
-1.40244289e-01  1.00000000e-03
 7.21051706e-01  1.00000000e-03
-1.37061869e-01  1.00000000e-03
-1.17398033e-01  1.00000000e-03
 7.32372911e-02  1.00000000e-03
 7.09631449e-03  1.00000000e-03
 3.10915224e-02  1.00000000e-03
 3.18948952e-01  1.00000000e-03
 9.77250986e-02  1.00000000e-03
 1.39998219e-01  1.00000000e-03
 3.27153656e-02  1.00000000e-03
 4.96030864e-01  1.00000000e-03
 3.41065725e-01  1.00000000e-03
 7.51500551e-02  1.00000000e-03
-4.91370196e-02  1.00000000e-03
 1.12640830e-01  1.00000000e-03
-3.94793085e-02  1.00000000e-03
-2.89727649e-02  1.00000000e-03
 2.23947370e-02  1.00000000e-03
 1.71326347e-01  1.00000000e-03
-1.79436358e-01  1.00000000e-03
-3.85919013e-01  1.00000000e-03
-1.52094052e-01  1.00000000e-03
 1.48702693e-01  1.00000000e-03
-1.01813104e-01  1.00000000e-03
 6.05122129e-02  1.00000000e-03
-1.24526745e-01  1.00000000e-03
 2.54798805e-02  1.00000000e-03
 3.43384511e-01  1.00000000e-03
-2.10554003e-01  1.00000000e-03
 1.43361089e-01  1.00000000e-03
 8.19950760e-02  1.00000000e-03
-3.67461467e-01  1.00000000e-03
 7.14484302e-02  1.00000000e-03
-2.47132524e-01  1.00000000e-03
 3.91737874e-02  1.00000000e-03
-9.84402114e-02  1.00000000e-03
-1.99662198e-01  1.00000000e-03
-9.49039473e-03  1.00000000e-03
 1.82330092e-01  1.00000000e-03
-2.49181636e-01  1.00000000e-03
-4.26154218e-01  1.00000000e-03
 1.46842743e-01  1.00000000e-03
-1.72453902e-01  1.00000000e-03
 1.23353170e-01  1.00000000e-03
-2.96172225e-01  1.00000000e-03
-1.10457822e-01  1.00000000e-03
-1.25679848e-01  1.00000000e-03
 2.23050337e-01  1.00000000e-03
-1.61810798e-02  1.00000000e-03
 6.93712878e-02  1.00000000e-03
 9.21141229e-03  1.00000000e-03
-3.33663578e-02  1.00000000e-03
 1.54175835e-01  1.00000000e-03
-4.02558950e-01  1.00000000e-03
-3.77106284e-01  1.00000000e-03
 3.76194183e-02  1.00000000e-03
-7.74595423e-02  1.00000000e-03
-2.51240920e-01  1.00000000e-03
 2.31103535e-01  1.00000000e-03
 1.16585293e-01  1.00000000e-03
 3.23723520e-01  1.00000000e-03
-1.15080442e-01  1.00000000e-03
 7.73155707e-02  1.00000000e-03
 6.56581925e-02  1.00000000e-03
 1.51152835e-01  1.00000000e-03
 2.15442689e-02  1.00000000e-03
-1.92511326e-01  1.00000000e-03
 1.76775816e-01  1.00000000e-03
-1.87886110e-01  1.00000000e-03
 2.46437150e-02  1.00000000e-03
-1.00606874e-01  1.00000000e-03
 6.50009497e-02  1.00000000e-03
 1.68242783e-01  1.00000000e-03
-6.54841628e-02  1.00000000e-03
 1.65026936e-01  1.00000000e-03
-2.36993176e-01  1.00000000e-03
 2.41717811e-01  1.00000000e-03
 2.34280343e-01  1.00000000e-03
-1.18304841e-01  1.00000000e-03
 2.18822049e-01  1.00000000e-03
 9.65417766e-02  1.00000000e-03
-7.25638306e-02  1.00000000e-03
-1.99163675e-01  1.00000000e-03
 3.60731927e-01  1.00000000e-03
-2.23027159e-02  1.00000000e-03
 1.44805315e-01  1.00000000e-03
 1.09568823e-02  1.00000000e-03
-9.36590067e-02  1.00000000e-03
-1.35665685e-01  1.00000000e-03
-1.14337748e-01  1.00000000e-03
 5.00406755e-01  1.00000000e-03
-1.44576015e-01  1.00000000e-03
-3.89027229e-02  1.00000000e-03
 1.65576240e-02  1.00000000e-03
 1.00096634e-02  1.00000000e-03
-1.02930742e-01  1.00000000e-03
-1.13762158e-01  1.00000000e-03
 2.33099224e-01  1.00000000e-03
 1.79732074e-02  1.00000000e-03
 2.99347849e-02  1.00000000e-03
-4.64001426e-02  1.00000000e-03
 1.93278777e-02  1.00000000e-03
-2.67722354e-01  1.00000000e-03
 1.64645205e-01  1.00000000e-03
-1.16882843e-01  1.00000000e-03
-1.61867678e-01  1.00000000e-03
 6.11862642e-02  1.00000000e-03
 1.78109350e-01  1.00000000e-03
 1.24882289e-01  1.00000000e-03
-1.01556875e-01  1.00000000e-03
 2.36873730e-02  1.00000000e-03
-1.17008514e-01  1.00000000e-03
-3.72627183e-02  1.00000000e-03
 3.10781028e-01  1.00000000e-03
 7.97859841e-02  1.00000000e-03
 3.23084676e-02  1.00000000e-03
-1.02960836e-01  1.00000000e-03
-8.08762488e-04  1.00000000e-03
-1.08883499e-01  1.00000000e-03
 1.03879953e-01  1.00000000e-03
 2.98110467e-01  1.00000000e-03
-2.59423496e-02  1.00000000e-03
 4.77539710e-02  1.00000000e-03
 3.40969180e-01  1.00000000e-03
 1.50172981e-01  1.00000000e-03
 3.29468291e-01  1.00000000e-03
 3.02156563e-02  1.00000000e-03
 6.62095159e-02  1.00000000e-03
-5.82131406e-02  1.00000000e-03
 2.30880660e-01  1.00000000e-03
-2.26350860e-01  1.00000000e-03
 1.27343648e-01  1.00000000e-03
-1.81606565e-01  1.00000000e-03
-3.57284702e-01  1.00000000e-03
-1.34932974e-02  1.00000000e-03
 9.75750916e-02  1.00000000e-03
-2.00147423e-02  1.00000000e-03
 2.01231760e-01  1.00000000e-03
 7.83247354e-02  1.00000000e-03
 2.36918185e-01  1.00000000e-03
-5.84830318e-02  1.00000000e-03
-2.65976277e-02  1.00000000e-03
-1.42682478e-01  1.00000000e-03
 7.77605238e-02  1.00000000e-03
-2.35332202e-01  1.00000000e-03
 2.63559236e-02  1.00000000e-03
-1.46191766e-02  1.00000000e-03
 1.41971813e-01  1.00000000e-03
-3.75682595e-01  1.00000000e-03
-2.01664360e-01  1.00000000e-03
 4.42997343e-02  1.00000000e-03
 1.72391235e-02  1.00000000e-03
-6.09653372e-02  1.00000000e-03
-6.38920671e-02  1.00000000e-03
-2.21050477e-01  1.00000000e-03
-1.16406869e-01  1.00000000e-03
 1.77576877e-01  1.00000000e-03
-8.13567608e-02  1.00000000e-03
 1.06721909e-01  1.00000000e-03
-1.58423716e-01  1.00000000e-03
-1.27464604e-01  1.00000000e-03
-4.83815159e-02  1.00000000e-03
-3.60344544e-02  1.00000000e-03
 2.83671574e-01  1.00000000e-03
 9.03344125e-02  1.00000000e-03
 2.86649720e-01  1.00000000e-03
 6.42968722e-02  1.00000000e-03
 9.06528353e-02  1.00000000e-03
-2.17648639e-01  1.00000000e-03
 2.89554851e-01  1.00000000e-03
 4.60763530e-01  1.00000000e-03
-2.51430018e-01  1.00000000e-03
 1.53495907e-01  1.00000000e-03
-3.60780308e-02  1.00000000e-03
 6.97884177e-01  1.00000000e-03
-1.48448730e-02  1.00000000e-03
-1.73061226e-02  1.00000000e-03
 2.86183878e-02  1.00000000e-03
-2.43086663e-02  1.00000000e-03
 9.66173483e-02  1.00000000e-03
 1.15431015e-01  1.00000000e-03
 3.97612688e-02  1.00000000e-03
-1.19973323e-01  1.00000000e-03
-9.47955786e-02  1.00000000e-03
-8.06791757e-02  1.00000000e-03
 2.84182266e-01  1.00000000e-03
 7.62236599e-02  1.00000000e-03
 1.10696447e-03  1.00000000e-03
-7.10582947e-02  1.00000000e-03
-1.22698322e-02  1.00000000e-03
 5.54775402e-02  1.00000000e-03
 1.00161846e-01  1.00000000e-03
 5.29497053e-02  1.00000000e-03
-2.52936794e-01  1.00000000e-03
-4.13265186e-02  1.00000000e-03
 2.38602409e-01  1.00000000e-03
 1.95961995e-02  1.00000000e-03
 4.50579244e-01  1.00000000e-03
 8.94051697e-02  1.00000000e-03
 3.02423384e-02  1.00000000e-03
-2.01027669e-01  1.00000000e-03
-3.59734051e-02  1.00000000e-03
 6.48825413e-02  1.00000000e-03
 1.12901936e-01  1.00000000e-03
 5.16082140e-02  1.00000000e-03
 8.52251510e-02  1.00000000e-03
-3.72499784e-01  1.00000000e-03
 3.42872396e-01  1.00000000e-03
 3.46252634e-01  1.00000000e-03
-8.04404849e-02  1.00000000e-03
 8.41078177e-02  1.00000000e-03
-4.86603911e-02  1.00000000e-03
-2.06359229e-01  1.00000000e-03
-1.25606923e-01  1.00000000e-03
-5.50811028e-02  1.00000000e-03
-1.83042703e-01  1.00000000e-03
-1.35475356e-02  1.00000000e-03
-3.84875659e-01  1.00000000e-03
-1.68414618e-01  1.00000000e-03
 3.16873160e-01  1.00000000e-03
-1.12904406e-01  1.00000000e-03
 3.57276285e-02  1.00000000e-03
 5.20879158e-01  1.00000000e-03
-1.89713385e-01  1.00000000e-03
 4.24004715e-02  1.00000000e-03
-1.96512823e-01  1.00000000e-03
 1.06384011e-01  1.00000000e-03
 4.23273085e-02  1.00000000e-03
 4.32736875e-02  1.00000000e-03
 1.87720963e-01  1.00000000e-03
 8.97684492e-02  1.00000000e-03
-1.20925446e-02  1.00000000e-03
 6.17653816e-02  1.00000000e-03
-7.29754567e-02  1.00000000e-03
-1.28839074e-03  1.00000000e-03
 4.28922578e-01  1.00000000e-03
