-3.09514290e-02  1.00000000e-03
 1.77437646e-01  1.00000000e-03
 1.09473844e-01  1.00000000e-03
-1.18531475e-01  1.00000000e-03
-1.48902367e-01  1.00000000e-03
-1.23475052e-01  1.00000000e-03
-1.96336589e-01  1.00000000e-03
 4.37397764e-01  1.00000000e-03
 9.67517188e-02  1.00000000e-03
 1.28546747e-01  1.00000000e-03
 1.06317845e-01  1.00000000e-03
 3.11097193e-02  1.00000000e-03
-1.39307524e-01  1.00000000e-03
-2.25966628e-01  1.00000000e-03
-3.81198321e-01  1.00000000e-03
-2.25502942e-01  1.00000000e-03
-2.89169943e-01  1.00000000e-03
 1.13684716e-01  1.00000000e-03
 1.30772445e-01  1.00000000e-03
-8.44723352e-02  1.00000000e-03
-1.73482328e-01  1.00000000e-03
-6.47245158e-02  1.00000000e-03
-9.36087248e-02  1.00000000e-03
-1.01550309e-01  1.00000000e-03
-3.49024995e-01  1.00000000e-03
 2.74715567e-01  1.00000000e-03
-1.57770415e-01  1.00000000e-03
-1.95192055e-02  1.00000000e-03
 1.72009958e-01  1.00000000e-03
-2.24054070e-01  1.00000000e-03
 2.12176668e-01  1.00000000e-03
 9.99238221e-02  1.00000000e-03
 4.22244284e-01  1.00000000e-03
 4.50629217e-02  1.00000000e-03
 7.02884527e-02  1.00000000e-03
 8.59587821e-04  1.00000000e-03
 3.52583617e-02  1.00000000e-03
 1.30715856e-01  1.00000000e-03
 5.76599699e-01  1.00000000e-03
-1.52316899e-01  1.00000000e-03
-1.04969639e-01  1.00000000e-03
 1.26255493e-01  1.00000000e-03
 5.28547258e-01  1.00000000e-03
-3.31501489e-02  1.00000000e-03
 3.11598385e-01  1.00000000e-03
 2.38353324e-02  1.00000000e-03
-2.84907782e-01  1.00000000e-03
 3.61573615e-02  1.00000000e-03
 5.58495107e-02  1.00000000e-03
-3.41773657e-01  1.00000000e-03
 6.81451968e-02  1.00000000e-03
-3.23786562e-01  1.00000000e-03
-1.26983816e-01  1.00000000e-03
 3.37792315e-01  1.00000000e-03
-7.49056315e-02  1.00000000e-03
-9.06910851e-02  1.00000000e-03
 7.55635079e-02  1.00000000e-03
-9.59714536e-02  1.00000000e-03
-7.65551916e-02  1.00000000e-03
 1.52994792e-01  1.00000000e-03
 1.14814047e-02  1.00000000e-03
-3.96107140e-02  1.00000000e-03
-4.05019461e-02  1.00000000e-03
 1.84895938e-01  1.00000000e-03
-2.40125436e-01  1.00000000e-03
-7.03731069e-02  1.00000000e-03
-3.72759113e-02  1.00000000e-03
-1.35890014e-01  1.00000000e-03
-4.34463942e-02  1.00000000e-03
-2.57457384e-02  1.00000000e-03
-1.96377287e-01  1.00000000e-03
-1.14299700e-01  1.00000000e-03
 2.06271955e-01  1.00000000e-03
 1.77147271e-01  1.00000000e-03
-2.27062467e-01  1.00000000e-03
 1.99692014e-02  1.00000000e-03
-2.79153935e-02  1.00000000e-03
-2.39256042e-01  1.00000000e-03
 1.44634589e-01  1.00000000e-03
 3.44551056e-01  1.00000000e-03
 1.21523719e-02  1.00000000e-03
 5.29240883e-02  1.00000000e-03
-3.91268315e-02  1.00000000e-03
-3.53006975e-02  1.00000000e-03
-2.66951097e-01  1.00000000e-03
-5.92043569e-02  1.00000000e-03
 1.85237813e-01  1.00000000e-03
 2.62116605e-01  1.00000000e-03
 8.58542001e-02  1.00000000e-03
-2.39021525e-01  1.00000000e-03
 1.50554586e-01  1.00000000e-03
 1.60888005e-01  1.00000000e-03
 1.80811193e-02  1.00000000e-03
 3.25470909e-02  1.00000000e-03
-2.08072329e-01  1.00000000e-03
-6.42385198e-02  1.00000000e-03
 1.86855008e-02  1.00000000e-03
 1.21124153e-01  1.00000000e-03
 2.50895087e-01  1.00000000e-03
-5.18857616e-02  1.00000000e-03
 6.94617660e-02  1.00000000e-03
-7.24665444e-03  1.00000000e-03
 1.00577524e-01  1.00000000e-03
-2.55772844e-01  1.00000000e-03
 8.55345206e-03  1.00000000e-03
 9.92365740e-02  1.00000000e-03
-1.99517443e-01  1.00000000e-03
-1.23598115e-01  1.00000000e-03
 3.40104214e-01  1.00000000e-03
 1.99412778e-01  1.00000000e-03
 1.90859952e-01  1.00000000e-03
-9.54791552e-02  1.00000000e-03
-2.40556007e-01  1.00000000e-03
 2.27680564e-01  1.00000000e-03
 2.16737019e-01  1.00000000e-03
 5.02059980e-02  1.00000000e-03
 2.09100903e-01  1.00000000e-03
 1.12428355e-01  1.00000000e-03
 3.81898157e-02  1.00000000e-03
-4.12978545e-02  1.00000000e-03
 4.59911610e-01  1.00000000e-03
 6.72760889e-02  1.00000000e-03
 2.50819679e-01  1.00000000e-03
-1.10569925e-01  1.00000000e-03
 4.01765634e-01  1.00000000e-03
-4.69635612e-02  1.00000000e-03
 1.32052869e-01  1.00000000e-03
 2.00476467e-01  1.00000000e-03
-1.75253240e-01  1.00000000e-03
 1.70002472e-01  1.00000000e-03
-1.69627220e-01  1.00000000e-03
 2.43563432e-01  1.00000000e-03
-1.98088294e-01  1.00000000e-03
 1.89648901e-01  1.00000000e-03
 9.09322522e-02  1.00000000e-03
-3.80381753e-02  1.00000000e-03
-1.84362028e-01  1.00000000e-03
-2.92933600e-01  1.00000000e-03
 5.68638616e-01  1.00000000e-03
-1.43737528e-01  1.00000000e-03
-2.09163975e-02  1.00000000e-03
-8.03624416e-03  1.00000000e-03
 6.18387490e-02  1.00000000e-03
-1.06904928e-01  1.00000000e-03
 9.45781703e-02  1.00000000e-03
 2.16990258e-01  1.00000000e-03
-1.80617731e-01  1.00000000e-03
-4.26092951e-02  1.00000000e-03
 1.12715877e-02  1.00000000e-03
 1.94715892e-01  1.00000000e-03
-7.18188580e-02  1.00000000e-03
-2.23856856e-01  1.00000000e-03
-2.47113369e-01  1.00000000e-03
-2.91549174e-01  1.00000000e-03
-2.01456752e-01  1.00000000e-03
 1.97252519e-01  1.00000000e-03
-7.76122552e-02  1.00000000e-03
-1.66149115e-01  1.00000000e-03
 2.13641581e-02  1.00000000e-03
 7.20773350e-02  1.00000000e-03
-1.62428736e-01  1.00000000e-03
-6.53025894e-02  1.00000000e-03
 9.39965217e-02  1.00000000e-03
-1.18349522e-01  1.00000000e-03
-9.73772261e-02  1.00000000e-03
 1.68269041e-01  1.00000000e-03
 1.26046790e-01  1.00000000e-03
-1.41035026e-01  1.00000000e-03
 8.91015643e-02  1.00000000e-03
 7.75779856e-02  1.00000000e-03
 2.81755901e-01  1.00000000e-03
 8.06183092e-02  1.00000000e-03
 4.84503207e-02  1.00000000e-03
 3.27826324e-03  1.00000000e-03
-5.77962506e-02  1.00000000e-03
-2.87748185e-01  1.00000000e-03
-1.13214964e-01  1.00000000e-03
 1.96642251e-01  1.00000000e-03
-1.34074946e-01  1.00000000e-03
-1.96029910e-01  1.00000000e-03
 1.51571068e-01  1.00000000e-03
 3.07984705e-02  1.00000000e-03
-1.11506921e-01  1.00000000e-03
 1.56297013e-01  1.00000000e-03
 4.28438441e-02  1.00000000e-03
-2.00391074e-01  1.00000000e-03
-5.15941484e-02  1.00000000e-03
-2.30410386e-01  1.00000000e-03
 1.56326105e-01  1.00000000e-03
 3.70039539e-02  1.00000000e-03
 1.36801466e-01  1.00000000e-03
-1.89846845e-01  1.00000000e-03
-1.25041841e-01  1.00000000e-03
 8.18598104e-02  1.00000000e-03
-3.16193936e-01  1.00000000e-03
 1.68097438e-01  1.00000000e-03
 1.74165450e-01  1.00000000e-03
-6.27379644e-02  1.00000000e-03
 4.84142621e-02  1.00000000e-03
 6.81524180e-02  1.00000000e-03
-2.07734220e-01  1.00000000e-03
-5.91058260e-02  1.00000000e-03
 2.16399869e-01  1.00000000e-03
-1.71041007e-01  1.00000000e-03
 2.83977388e-01  1.00000000e-03
-1.30587360e-02  1.00000000e-03
-1.77941226e-01  1.00000000e-03
-1.64473581e-01  1.00000000e-03
 1.04158475e-03  1.00000000e-03
 8.92951257e-05  1.00000000e-03
 4.76304753e-02  1.00000000e-03
-3.76298672e-01  1.00000000e-03
-2.68051382e-01  1.00000000e-03
-2.11818336e-01  1.00000000e-03
-7.74138785e-02  1.00000000e-03
 2.21849385e-02  1.00000000e-03
 4.89750899e-01  1.00000000e-03
 1.20824797e-01  1.00000000e-03
-6.94771160e-02  1.00000000e-03
 7.30029780e-02  1.00000000e-03
 2.45591923e-02  1.00000000e-03
-1.76631428e-02  1.00000000e-03
-3.98336785e-01  1.00000000e-03
-1.63920872e-02  1.00000000e-03
 8.31278078e-02  1.00000000e-03
-1.27016254e-01  1.00000000e-03
-1.40638993e-01  1.00000000e-03
 1.25493761e-01  1.00000000e-03
 1.18792303e-01  1.00000000e-03
 4.39608430e-02  1.00000000e-03
-4.34615354e-02  1.00000000e-03
 1.04344531e-01  1.00000000e-03
 1.34132125e-02  1.00000000e-03
-8.32772182e-02  1.00000000e-03
-1.11508826e-01  1.00000000e-03
-4.19091343e-01  1.00000000e-03
-6.93659828e-02  1.00000000e-03
 1.59948810e-01  1.00000000e-03
 4.21449276e-01  1.00000000e-03
 2.71027842e-01  1.00000000e-03
-6.06467642e-02  1.00000000e-03
-1.07295355e-03  1.00000000e-03
-1.12699393e-01  1.00000000e-03
-1.24184141e-01  1.00000000e-03
-1.13919892e-01  1.00000000e-03
-3.93542411e-02  1.00000000e-03
-2.17325620e-01  1.00000000e-03
-7.22680720e-02  1.00000000e-03
-2.58819836e-02  1.00000000e-03
 2.99586536e-02  1.00000000e-03
-5.79423923e-02  1.00000000e-03
-1.12075414e-01  1.00000000e-03
 2.06575185e-01  1.00000000e-03
 1.08633729e-01  1.00000000e-03
 1.86407432e-01  1.00000000e-03
-5.76081019e-02  1.00000000e-03
 1.72629346e-01  1.00000000e-03
 1.60540271e-04  1.00000000e-03
-1.84385557e-02  1.00000000e-03
-3.57133284e-01  1.00000000e-03
 5.45234309e-02  1.00000000e-03
 1.38395389e-02  1.00000000e-03
 2.04345425e-02  1.00000000e-03
 8.69537124e-02  1.00000000e-03
-2.22592464e-01  1.00000000e-03
 2.65306917e-02  1.00000000e-03
-6.43912569e-02  1.00000000e-03
-1.79960046e-01  1.00000000e-03
 5.07805856e-01  1.00000000e-03
-8.60535598e-02  1.00000000e-03
-2.43776923e-01  1.00000000e-03
 2.28744327e-01  1.00000000e-03
 1.31532133e-01  1.00000000e-03
 1.12100245e-01  1.00000000e-03
-1.06836529e-01  1.00000000e-03
-8.03592707e-02  1.00000000e-03
-2.61121562e-01  1.00000000e-03
 3.93823495e-02  1.00000000e-03
-1.63528982e-01  1.00000000e-03
 3.65338764e-01  1.00000000e-03
-1.06812854e-01  1.00000000e-03
-3.28437162e-02  1.00000000e-03
 2.87475430e-01  1.00000000e-03
-3.52603365e-01  1.00000000e-03
-1.50139934e-01  1.00000000e-03
 1.81532559e-02  1.00000000e-03
-6.68393522e-02  1.00000000e-03
-4.38875151e-02  1.00000000e-03
-1.64541795e-01  1.00000000e-03
 1.04226498e-01  1.00000000e-03
-3.11513090e-01  1.00000000e-03
-9.64874168e-02  1.00000000e-03
 1.17171451e-01  1.00000000e-03
-1.13887321e-02  1.00000000e-03
-7.32504768e-02  1.00000000e-03
 1.50221292e-01  1.00000000e-03
 2.22544948e-01  1.00000000e-03
 5.55530770e-03  1.00000000e-03
 2.09602673e-01  1.00000000e-03
 9.60368655e-03  1.00000000e-03
-1.30695567e-02  1.00000000e-03
 2.78132418e-01  1.00000000e-03
 4.24225697e-01  1.00000000e-03
-1.21360805e-01  1.00000000e-03
-6.05638718e-02  1.00000000e-03
 1.05434390e-01  1.00000000e-03
 1.78742707e-01  1.00000000e-03
-2.28820536e-01  1.00000000e-03
-2.12210809e-01  1.00000000e-03
 1.90385243e-01  1.00000000e-03
-2.06157557e-01  1.00000000e-03
 1.52820978e-01  1.00000000e-03
-2.00103798e-01  1.00000000e-03
-3.21638540e-01  1.00000000e-03
 2.22489855e-02  1.00000000e-03
 1.88681662e-01  1.00000000e-03
 1.75109281e-01  1.00000000e-03
 1.93461243e-01  1.00000000e-03
 3.83595543e-02  1.00000000e-03
 3.37569834e-01  1.00000000e-03
 1.26540256e-01  1.00000000e-03
-4.63718578e-02  1.00000000e-03
 4.28843446e-02  1.00000000e-03
 1.17464789e-01  1.00000000e-03
 2.99263183e-01  1.00000000e-03
-5.09332421e-02  1.00000000e-03
 9.00388807e-02  1.00000000e-03
-2.41563364e-02  1.00000000e-03
-2.85972315e-01  1.00000000e-03
-2.19638367e-01  1.00000000e-03
 4.96852758e-02  1.00000000e-03
-2.26894571e-01  1.00000000e-03
 2.13798757e-01  1.00000000e-03
-7.78303328e-02  1.00000000e-03
 3.58391535e-01  1.00000000e-03
 2.72280023e-01  1.00000000e-03
-9.96554310e-02  1.00000000e-03
 2.27970418e-01  1.00000000e-03
 5.97919285e-02  1.00000000e-03
-3.33213740e-02  1.00000000e-03
-2.10450088e-01  1.00000000e-03
-1.11893999e-01  1.00000000e-03
-2.23593390e-01  1.00000000e-03
 1.70252376e-01  1.00000000e-03
 1.91845026e-01  1.00000000e-03
-2.06806735e-01  1.00000000e-03
-1.56141106e-01  1.00000000e-03
 2.36276297e-03  1.00000000e-03
-3.05430541e-01  1.00000000e-03
 1.07874532e-01  1.00000000e-03
-1.82518459e-01  1.00000000e-03
-4.93846685e-02  1.00000000e-03
 1.24423029e-01  1.00000000e-03
 1.82421989e-02  1.00000000e-03
 3.01279797e-01  1.00000000e-03
 3.02519164e-02  1.00000000e-03
 3.07407814e-01  1.00000000e-03
-2.49439418e-02  1.00000000e-03
 6.37224723e-04  1.00000000e-03
 1.56664596e-01  1.00000000e-03
-9.22933148e-02  1.00000000e-03
 2.58404960e-01  1.00000000e-03
 2.00287081e-03  1.00000000e-03
 1.19843819e-01  1.00000000e-03
 1.43430614e-02  1.00000000e-03
 1.76698106e-01  1.00000000e-03
 3.80110629e-01  1.00000000e-03
 3.39708970e-01  1.00000000e-03
-1.52071593e-01  1.00000000e-03
-1.26092101e-01  1.00000000e-03
-1.91935952e-03  1.00000000e-03
 4.03752636e-01  1.00000000e-03
 1.75658885e-02  1.00000000e-03
-1.33940011e-01  1.00000000e-03
 8.90983651e-03  1.00000000e-03
 1.18476115e-01  1.00000000e-03
 1.23503259e-01  1.00000000e-03
-3.18600973e-01  1.00000000e-03
 2.16315721e-01  1.00000000e-03
 1.54493772e-01  1.00000000e-03
 2.34776208e-01  1.00000000e-03
 4.59472954e-02  1.00000000e-03
-1.10849519e-01  1.00000000e-03
-3.04780824e-02  1.00000000e-03
 8.90644204e-03  1.00000000e-03
-1.08305913e-01  1.00000000e-03
-3.04263473e-02  1.00000000e-03
 2.22486663e-02  1.00000000e-03
 1.51771925e-01  1.00000000e-03
-2.29300408e-01  1.00000000e-03
-2.48797605e-01  1.00000000e-03
-2.37663707e-03  1.00000000e-03
-1.06225154e-01  1.00000000e-03
-4.94106833e-02  1.00000000e-03
-2.52750753e-01  1.00000000e-03
 5.78772933e-02  1.00000000e-03
 1.75387411e-01  1.00000000e-03
-1.01549392e-02  1.00000000e-03
 3.02280389e-01  1.00000000e-03
-1.33488627e-02  1.00000000e-03
-2.36889243e-01  1.00000000e-03
-1.87843024e-01  1.00000000e-03
 1.65213687e-01  1.00000000e-03
 2.54604979e-01  1.00000000e-03
 1.08601089e-01  1.00000000e-03
-2.74833491e-01  1.00000000e-03
 2.58942775e-01  1.00000000e-03
 2.27644004e-01  1.00000000e-03
 2.64574902e-02  1.00000000e-03
-1.86360764e-01  1.00000000e-03
-1.72662097e-01  1.00000000e-03
 1.63631303e-01  1.00000000e-03
-2.77359664e-01  1.00000000e-03
-1.28349197e-01  1.00000000e-03
 2.33144076e-01  1.00000000e-03
 3.49178455e-01  1.00000000e-03
-2.42036467e-01  1.00000000e-03
-1.51981734e-01  1.00000000e-03
 8.83003239e-02  1.00000000e-03
 1.38243760e-01  1.00000000e-03
-1.86997345e-01  1.00000000e-03
 1.10569521e-02  1.00000000e-03
 7.98670043e-02  1.00000000e-03
 2.10736488e-03  1.00000000e-03
-7.29423171e-02  1.00000000e-03
-1.63889223e-02  1.00000000e-03
-1.46910376e-01  1.00000000e-03
-1.52635073e-02  1.00000000e-03
-7.13947579e-03  1.00000000e-03
-8.54012487e-03  1.00000000e-03
-1.28735068e-01  1.00000000e-03
 3.80304205e-01  1.00000000e-03
 1.18121653e-02  1.00000000e-03
-2.08639763e-01  1.00000000e-03
 5.15870004e-02  1.00000000e-03
-6.39436614e-02  1.00000000e-03
-1.22027994e-01  1.00000000e-03
-6.32336980e-02  1.00000000e-03
 8.63001349e-02  1.00000000e-03
-1.12262702e-01  1.00000000e-03
 2.04328262e-01  1.00000000e-03
 1.42675021e-01  1.00000000e-03
-2.25144491e-01  1.00000000e-03
-1.71329334e-01  1.00000000e-03
-1.73965895e-01  1.00000000e-03
 4.52275323e-03  1.00000000e-03
-1.02807941e-02  1.00000000e-03
-2.62825708e-01  1.00000000e-03
 3.28935773e-01  1.00000000e-03
 3.91684076e-01  1.00000000e-03
-2.80069843e-01  1.00000000e-03
-3.22223544e-01  1.00000000e-03
-2.70117718e-02  1.00000000e-03
-4.10710546e-02  1.00000000e-03
-3.24554096e-02  1.00000000e-03
 8.17462285e-02  1.00000000e-03
-2.04852044e-01  1.00000000e-03
 7.89742050e-02  1.00000000e-03
-6.82495744e-02  1.00000000e-03
-1.04753048e-01  1.00000000e-03
-3.95685402e-02  1.00000000e-03
-2.28717617e-01  1.00000000e-03
 3.44433770e-01  1.00000000e-03
 3.64174529e-02  1.00000000e-03
 1.36146074e-01  1.00000000e-03
-1.39730793e-01  1.00000000e-03
 3.90600092e-01  1.00000000e-03
 6.75612434e-02  1.00000000e-03
-6.25691181e-02  1.00000000e-03
 3.89331563e-01  1.00000000e-03
 1.93879207e-01  1.00000000e-03
-2.01616680e-01  1.00000000e-03
 4.76008082e-01  1.00000000e-03
 4.99142194e-02  1.00000000e-03
-2.07824904e-01  1.00000000e-03
 1.35871700e-02  1.00000000e-03
-1.87560202e-01  1.00000000e-03
-1.37138587e-01  1.00000000e-03
 2.53697055e-01  1.00000000e-03
-9.18748146e-02  1.00000000e-03
-1.21129155e-01  1.00000000e-03
-2.56613288e-01  1.00000000e-03
-3.25396019e-01  1.00000000e-03
-4.23860033e-03  1.00000000e-03
 2.40884659e-01  1.00000000e-03
-7.82163110e-02  1.00000000e-03
 7.46055040e-02  1.00000000e-03
-5.09590596e-02  1.00000000e-03
-7.12797998e-02  1.00000000e-03
 6.48957173e-02  1.00000000e-03
 2.50321382e-01  1.00000000e-03
 2.32115798e-01  1.00000000e-03
 4.03041392e-02  1.00000000e-03
 8.85938140e-02  1.00000000e-03
 1.19959785e-01  1.00000000e-03
 2.54442321e-01  1.00000000e-03
 4.57369812e-02  1.00000000e-03
-3.30837583e-02  1.00000000e-03
 4.00315566e-01  1.00000000e-03
-1.95688506e-01  1.00000000e-03
 3.50648634e-01  1.00000000e-03
-4.74737393e-02  1.00000000e-03
 1.09211761e-01  1.00000000e-03
 5.35459655e-02  1.00000000e-03
 1.54675302e-01  1.00000000e-03
 7.28699581e-02  1.00000000e-03
-2.03994958e-02  1.00000000e-03
-2.71975529e-01  1.00000000e-03
-3.10906938e-01  1.00000000e-03
 1.70621375e-01  1.00000000e-03
 3.02295173e-01  1.00000000e-03
-2.26263749e-01  1.00000000e-03
-1.73216595e-01  1.00000000e-03
 2.28712552e-01  1.00000000e-03
-8.72183934e-02  1.00000000e-03
 4.29151224e-02  1.00000000e-03
-2.70336611e-01  1.00000000e-03
-1.92870975e-01  1.00000000e-03
 3.22117909e-01  1.00000000e-03
 1.73762378e-01  1.00000000e-03
-1.42058023e-01  1.00000000e-03
 2.14671476e-01  1.00000000e-03
 2.10827542e-01  1.00000000e-03
 1.23626038e-01  1.00000000e-03
 1.24598679e-05  1.00000000e-03
-5.04556074e-02  1.00000000e-03
 1.51042353e-01  1.00000000e-03
 3.42651341e-01  1.00000000e-03
-4.03996587e-02  1.00000000e-03
-3.07234176e-01  1.00000000e-03
 2.79055787e-03  1.00000000e-03
 3.18604976e-01  1.00000000e-03
 2.55462765e-01  1.00000000e-03
-3.32774239e-02  1.00000000e-03
 2.72947661e-01  1.00000000e-03
-1.39794896e-01  1.00000000e-03
-6.76010848e-03  1.00000000e-03
-2.59625180e-01  1.00000000e-03
 2.52581213e-03  1.00000000e-03
-2.02650917e-01  1.00000000e-03
-1.74831654e-01  1.00000000e-03
 2.22097742e-01  1.00000000e-03
-2.32987084e-01  1.00000000e-03
 8.19480035e-03  1.00000000e-03
-2.25928651e-01  1.00000000e-03
 9.75757194e-02  1.00000000e-03
-1.90269994e-01  1.00000000e-03
-5.15566441e-02  1.00000000e-03
-2.29325729e-01  1.00000000e-03
-1.77141595e-01  1.00000000e-03
 1.65726362e-01  1.00000000e-03
 5.41975032e-02  1.00000000e-03
-1.66261036e-01  1.00000000e-03
 1.13294236e-01  1.00000000e-03
 5.57171497e-02  1.00000000e-03
 9.81158667e-02  1.00000000e-03
 3.02948020e-01  1.00000000e-03
-3.28063593e-02  1.00000000e-03
-2.58627544e-01  1.00000000e-03
 3.17236309e-01  1.00000000e-03
 3.71883633e-02  1.00000000e-03
-4.67648095e-01  1.00000000e-03
-2.02575698e-01  1.00000000e-03
-1.64846241e-01  1.00000000e-03
-1.97952752e-01  1.00000000e-03
-3.44030120e-01  1.00000000e-03
-8.50386046e-02  1.00000000e-03
-1.73004848e-01  1.00000000e-03
-1.43094692e-02  1.00000000e-03
 1.89894291e-02  1.00000000e-03
-5.86441732e-02  1.00000000e-03
-1.30283749e-01  1.00000000e-03
-5.06163632e-02  1.00000000e-03
-1.39799638e-01  1.00000000e-03
 9.14553065e-02  1.00000000e-03
-1.92044694e-01  1.00000000e-03
-9.82051638e-02  1.00000000e-03
-1.77102199e-01  1.00000000e-03
-8.92479681e-02  1.00000000e-03
-1.16841018e-01  1.00000000e-03
-7.73497553e-02  1.00000000e-03
 9.89750353e-03  1.00000000e-03
 2.47492320e-01  1.00000000e-03
-9.95679529e-02  1.00000000e-03
-1.70415999e-01  1.00000000e-03
-1.60130023e-01  1.00000000e-03
 1.81402216e-01  1.00000000e-03
 9.04686214e-02  1.00000000e-03
-1.17071076e-01  1.00000000e-03
 8.51977077e-02  1.00000000e-03
 8.90083089e-02  1.00000000e-03
 3.23248023e-02  1.00000000e-03
 1.87727569e-01  1.00000000e-03
 1.44365438e-01  1.00000000e-03
 2.48379028e-01  1.00000000e-03
-2.45046635e-01  1.00000000e-03
-6.50185221e-03  1.00000000e-03
-1.29083242e-01  1.00000000e-03
-7.45197921e-02  1.00000000e-03
-2.49240482e-01  1.00000000e-03
 1.15101274e-01  1.00000000e-03
 4.98071872e-02  1.00000000e-03
-2.67196839e-01  1.00000000e-03
 1.18004447e-02  1.00000000e-03
-7.76880987e-02  1.00000000e-03
-2.42646554e-01  1.00000000e-03
-4.70931807e-03  1.00000000e-03
 2.63942823e-01  1.00000000e-03
-1.99551998e-01  1.00000000e-03
 8.88567709e-02  1.00000000e-03
 4.01023972e-01  1.00000000e-03
-1.16718837e-02  1.00000000e-03
 1.15460820e-01  1.00000000e-03
-1.54442954e-02  1.00000000e-03
-1.42888533e-01  1.00000000e-03
 3.84080694e-01  1.00000000e-03
 4.79340441e-01  1.00000000e-03
 1.70920311e-01  1.00000000e-03
 1.00520652e-03  1.00000000e-03
-1.66037578e-01  1.00000000e-03
-2.99693579e-01  1.00000000e-03
 4.17273476e-01  1.00000000e-03
-1.57721296e-01  1.00000000e-03
-4.92079028e-02  1.00000000e-03
 1.91080792e-01  1.00000000e-03
 8.71580223e-02  1.00000000e-03
 1.86088164e-01  1.00000000e-03
 7.00357437e-02  1.00000000e-03
 1.00071270e-01  1.00000000e-03
 1.99026360e-01  1.00000000e-03
-7.70256985e-02  1.00000000e-03
-1.39710325e-01  1.00000000e-03
-7.39485812e-02  1.00000000e-03
 6.93891197e-02  1.00000000e-03
 1.43678808e-01  1.00000000e-03
 5.77075246e-02  1.00000000e-03
-1.51052783e-01  1.00000000e-03
 2.33143545e-01  1.00000000e-03
 1.71321638e-01  1.00000000e-03
 4.35466504e-02  1.00000000e-03
 2.69398942e-01  1.00000000e-03
 1.72175279e-01  1.00000000e-03
-2.15731956e-02  1.00000000e-03
-1.49591312e-01  1.00000000e-03
-2.16821714e-01  1.00000000e-03
 2.21622980e-01  1.00000000e-03
 1.76354817e-01  1.00000000e-03
 8.29212641e-02  1.00000000e-03
 5.20925118e-01  1.00000000e-03
 4.05111003e-02  1.00000000e-03
 3.79839984e-02  1.00000000e-03
-1.43237984e-01  1.00000000e-03
 4.42276095e-01  1.00000000e-03
-3.64315327e-01  1.00000000e-03
 5.31830764e-02  1.00000000e-03
-6.02974527e-02  1.00000000e-03
-2.22472715e-01  1.00000000e-03
-6.00316699e-02  1.00000000e-03
 1.07157891e-01  1.00000000e-03
-2.11559311e-01  1.00000000e-03
 1.15010347e-01  1.00000000e-03
 9.63799682e-02  1.00000000e-03
 4.42653556e-01  1.00000000e-03
 1.93498140e-01  1.00000000e-03
-2.97202483e-01  1.00000000e-03
 7.80925413e-01  1.00000000e-03
 9.20939289e-02  1.00000000e-03
 2.91361089e-01  1.00000000e-03
-5.33745273e-02  1.00000000e-03
 1.62583423e-01  1.00000000e-03
-2.70771246e-02  1.00000000e-03
-1.98995628e-01  1.00000000e-03
 1.23821059e-01  1.00000000e-03
 4.73745311e-01  1.00000000e-03
-2.78761052e-01  1.00000000e-03
 1.33307163e-01  1.00000000e-03
-9.75074473e-03  1.00000000e-03
-2.42834610e-01  1.00000000e-03
 3.42867785e-01  1.00000000e-03
-1.50542310e-01  1.00000000e-03
-2.68668415e-01  1.00000000e-03
-1.75185176e-01  1.00000000e-03
 3.25074062e-01  1.00000000e-03
 2.90244219e-01  1.00000000e-03
-1.02847260e-01  1.00000000e-03
-1.43389761e-01  1.00000000e-03
-3.51738445e-03  1.00000000e-03
-3.53991499e-02  1.00000000e-03
 2.34579892e-01  1.00000000e-03
 2.37402685e-01  1.00000000e-03
 3.28581038e-01  1.00000000e-03
 2.71680581e-01  1.00000000e-03
-1.46256869e-01  1.00000000e-03
 4.18998494e-02  1.00000000e-03
-6.90911083e-02  1.00000000e-03
-2.89532571e-01  1.00000000e-03
-2.07997193e-01  1.00000000e-03
 4.22083727e-02  1.00000000e-03
-1.79049099e-01  1.00000000e-03
-4.41083533e-02  1.00000000e-03
 1.70367616e-01  1.00000000e-03
 3.07750089e-01  1.00000000e-03
 2.84975146e-01  1.00000000e-03
 3.65875047e-01  1.00000000e-03
-1.39144501e-01  1.00000000e-03
 1.09417280e-01  1.00000000e-03
-6.67114066e-02  1.00000000e-03
-1.07046316e-01  1.00000000e-03
-1.49337190e-02  1.00000000e-03
-2.92348499e-02  1.00000000e-03
 5.79110354e-02  1.00000000e-03
 2.84055429e-01  1.00000000e-03
-1.98606226e-01  1.00000000e-03
-6.31067808e-02  1.00000000e-03
-7.33043745e-02  1.00000000e-03
-1.33697455e-01  1.00000000e-03
 9.76637859e-02  1.00000000e-03
 1.07440990e-01  1.00000000e-03
 5.95982424e-02  1.00000000e-03
-1.75751946e-01  1.00000000e-03
 1.70282314e-02  1.00000000e-03
 1.34545263e-01  1.00000000e-03
 1.26409480e-01  1.00000000e-03
-1.36155096e-01  1.00000000e-03
 9.80475879e-02  1.00000000e-03
-3.48678103e-01  1.00000000e-03
 1.15883881e-01  1.00000000e-03
 2.80330397e-01  1.00000000e-03
 1.51319661e-01  1.00000000e-03
-6.53458592e-02  1.00000000e-03
-8.33255967e-02  1.00000000e-03
-2.16694680e-01  1.00000000e-03
-1.69909392e-02  1.00000000e-03
-9.20458752e-02  1.00000000e-03
-2.18249245e-01  1.00000000e-03
-1.54236527e-01  1.00000000e-03
 2.15618880e-01  1.00000000e-03
 1.04527860e-04  1.00000000e-03
 9.93740444e-02  1.00000000e-03
-2.95640188e-01  1.00000000e-03
-1.56016750e-01  1.00000000e-03
-1.06124538e-01  1.00000000e-03
-1.36896869e-02  1.00000000e-03
 1.29353445e-01  1.00000000e-03
 1.48115133e-01  1.00000000e-03
-1.11111793e-01  1.00000000e-03
-3.25462991e-02  1.00000000e-03
 2.59834621e-01  1.00000000e-03
 2.74135751e-01  1.00000000e-03
 3.40298840e-01  1.00000000e-03
-2.88603836e-01  1.00000000e-03
 7.34206008e-02  1.00000000e-03
 1.79346896e-01  1.00000000e-03
-1.24192249e-01  1.00000000e-03
-3.13188128e-01  1.00000000e-03
-1.67894070e-01  1.00000000e-03
-3.69706139e-01  1.00000000e-03
-3.28930846e-01  1.00000000e-03
-4.18860955e-02  1.00000000e-03
-1.30388034e-01  1.00000000e-03
 1.54153268e-01  1.00000000e-03
-2.11038978e-01  1.00000000e-03
 9.46418583e-02  1.00000000e-03
 8.47686433e-02  1.00000000e-03
 1.36125210e-02  1.00000000e-03
-2.00101610e-01  1.00000000e-03
-2.02703638e-01  1.00000000e-03
-1.58784849e-01  1.00000000e-03
 1.62256136e-01  1.00000000e-03
 1.41935939e-02  1.00000000e-03
-9.76628321e-02  1.00000000e-03
-1.64065528e-01  1.00000000e-03
-7.25911474e-02  1.00000000e-03
-7.91304862e-02  1.00000000e-03
 4.95672529e-01  1.00000000e-03
-2.03638005e-01  1.00000000e-03
 2.39570544e-01  1.00000000e-03
 1.15591634e-02  1.00000000e-03
 1.23389993e-01  1.00000000e-03
 2.11032449e-01  1.00000000e-03
 4.26566578e-01  1.00000000e-03
 1.59087974e-01  1.00000000e-03
-7.62177357e-02  1.00000000e-03
 1.66094046e-01  1.00000000e-03
-1.33279349e-01  1.00000000e-03
-1.95261354e-01  1.00000000e-03
 3.03576756e-02  1.00000000e-03
-1.13420596e-01  1.00000000e-03
-1.76574051e-01  1.00000000e-03
-4.94109590e-02  1.00000000e-03
 8.93329330e-02  1.00000000e-03
 7.04112476e-02  1.00000000e-03
 4.95855013e-03  1.00000000e-03
-1.83542780e-01  1.00000000e-03
 2.25577701e-01  1.00000000e-03
 3.33522473e-02  1.00000000e-03
 1.36038047e-02  1.00000000e-03
 2.49719295e-01  1.00000000e-03
-2.14318822e-01  1.00000000e-03
 4.22334401e-02  1.00000000e-03
-2.65125013e-01  1.00000000e-03
-2.89941659e-02  1.00000000e-03
 3.60063488e-01  1.00000000e-03
 1.26724480e-01  1.00000000e-03
-4.72860047e-02  1.00000000e-03
 1.12329257e-01  1.00000000e-03
-1.73312079e-01  1.00000000e-03
 2.84408925e-01  1.00000000e-03
 4.52546027e-02  1.00000000e-03
 1.26607149e-01  1.00000000e-03
-1.18440204e-01  1.00000000e-03
 1.75271125e-01  1.00000000e-03
-8.33399582e-02  1.00000000e-03
 1.34693244e-01  1.00000000e-03
 2.85400116e-01  1.00000000e-03
-3.18936028e-02  1.00000000e-03
 1.07457433e-01  1.00000000e-03
-2.38770200e-01  1.00000000e-03
-7.90788291e-02  1.00000000e-03
-2.26135813e-01  1.00000000e-03
-3.33488600e-01  1.00000000e-03
 2.93629255e-02  1.00000000e-03
-7.03682093e-02  1.00000000e-03
 1.22861943e-01  1.00000000e-03
 6.18832636e-01  1.00000000e-03
-1.39273864e-01  1.00000000e-03
-9.81520919e-02  1.00000000e-03
 5.03018043e-02  1.00000000e-03
 2.07877816e-01  1.00000000e-03
 7.28544022e-02  1.00000000e-03
 2.69374208e-03  1.00000000e-03
 3.91999181e-01  1.00000000e-03
-2.48878494e-02  1.00000000e-03
 1.84731900e-01  1.00000000e-03
-3.28809388e-02  1.00000000e-03
-7.87918646e-02  1.00000000e-03
 3.41069845e-01  1.00000000e-03
-2.03057833e-01  1.00000000e-03
 2.62760986e-01  1.00000000e-03
 1.02836910e-02  1.00000000e-03
 2.15670128e-01  1.00000000e-03
 2.31039588e-01  1.00000000e-03
-1.32952504e-01  1.00000000e-03
 1.65945418e-01  1.00000000e-03
-1.46717830e-01  1.00000000e-03
 1.63255711e-01  1.00000000e-03
-7.47200951e-02  1.00000000e-03
 4.48424785e-01  1.00000000e-03
-1.24091121e-02  1.00000000e-03
 1.57451168e-02  1.00000000e-03
-2.01070583e-01  1.00000000e-03
 1.24112519e-01  1.00000000e-03
-2.78668307e-01  1.00000000e-03
-1.99329286e-02  1.00000000e-03
 1.08281331e-02  1.00000000e-03
 6.89952566e-02  1.00000000e-03
 2.27857257e-02  1.00000000e-03
-2.91528353e-01  1.00000000e-03
 3.63834407e-01  1.00000000e-03
 1.20602544e-01  1.00000000e-03
-1.77387731e-01  1.00000000e-03
 6.82310810e-02  1.00000000e-03
-2.84744747e-01  1.00000000e-03
 3.24633158e-01  1.00000000e-03
 2.21746340e-02  1.00000000e-03
-1.57805422e-01  1.00000000e-03
 2.71556446e-01  1.00000000e-03
 7.77919941e-02  1.00000000e-03
-2.18223424e-01  1.00000000e-03
 3.55237972e-02  1.00000000e-03
 1.44600019e-02  1.00000000e-03
-1.61554730e-01  1.00000000e-03
-1.24977317e-01  1.00000000e-03
 9.07198953e-02  1.00000000e-03
-1.99926789e-01  1.00000000e-03
-1.71658207e-01  1.00000000e-03
 3.41425826e-02  1.00000000e-03
 1.87768022e-02  1.00000000e-03
 2.61333027e-01  1.00000000e-03
 8.42662437e-02  1.00000000e-03
-1.89780867e-01  1.00000000e-03
-3.45548082e-02  1.00000000e-03
 5.37951646e-04  1.00000000e-03
-1.30359078e-01  1.00000000e-03
-4.39719105e-02  1.00000000e-03
 3.74434545e-02  1.00000000e-03
 4.31267512e-01  1.00000000e-03
-6.14128615e-02  1.00000000e-03
-1.17581695e-01  1.00000000e-03
 1.28355171e-02  1.00000000e-03
 3.90159148e-01  1.00000000e-03
 3.50659487e-01  1.00000000e-03
-3.65537555e-01  1.00000000e-03
 3.41293759e-01  1.00000000e-03
-1.56217008e-01  1.00000000e-03
-3.23611934e-01  1.00000000e-03
-8.78463941e-02  1.00000000e-03
 1.19735507e-01  1.00000000e-03
-1.58487758e-01  1.00000000e-03
-8.44429921e-02  1.00000000e-03
 4.84444995e-01  1.00000000e-03
-5.48317917e-02  1.00000000e-03
 7.43240514e-02  1.00000000e-03
-6.65606589e-02  1.00000000e-03
-1.40264582e-01  1.00000000e-03
 2.16312484e-01  1.00000000e-03
-5.67611992e-02  1.00000000e-03
-1.57427874e-01  1.00000000e-03
-1.91676734e-02  1.00000000e-03
-1.28391422e-01  1.00000000e-03
-2.25570537e-01  1.00000000e-03
 2.56303806e-01  1.00000000e-03
-5.12366350e-02  1.00000000e-03
-1.42964530e-01  1.00000000e-03
-3.04835401e-02  1.00000000e-03
 9.69617297e-02  1.00000000e-03
-1.23244826e-01  1.00000000e-03
-1.77100185e-01  1.00000000e-03
-2.61052391e-02  1.00000000e-03
 2.79468516e-01  1.00000000e-03
 2.56414354e-01  1.00000000e-03
-1.59261582e-01  1.00000000e-03
 2.08878520e-01  1.00000000e-03
 2.00661436e-02  1.00000000e-03
 3.42487426e-01  1.00000000e-03
-3.75314383e-02  1.00000000e-03
-1.26242248e-01  1.00000000e-03
-5.73403799e-02  1.00000000e-03
 2.37474836e-01  1.00000000e-03
-1.99238491e-01  1.00000000e-03
-1.33432303e-02  1.00000000e-03
-5.91385996e-02  1.00000000e-03
-1.18744449e-01  1.00000000e-03
 2.11453491e-01  1.00000000e-03
 2.41118340e-01  1.00000000e-03
-1.50522719e-01  1.00000000e-03
 1.96603089e-01  1.00000000e-03
-1.40990237e-02  1.00000000e-03
 4.27750983e-01  1.00000000e-03
-3.32774505e-01  1.00000000e-03
-6.44339902e-02  1.00000000e-03
 2.31009906e-01  1.00000000e-03
-1.13354629e-01  1.00000000e-03
 5.21002783e-01  1.00000000e-03
 2.04990011e-01  1.00000000e-03
-1.00113534e-01  1.00000000e-03
 1.42050620e-01  1.00000000e-03
-1.47719466e-01  1.00000000e-03
 2.26853758e-01  1.00000000e-03
 2.00770234e-01  1.00000000e-03
 9.84991448e-02  1.00000000e-03
-3.05472305e-01  1.00000000e-03
 1.47632932e-01  1.00000000e-03
 4.60366207e-01  1.00000000e-03
 1.23065198e-01  1.00000000e-03
-7.06624200e-03  1.00000000e-03
 2.10796339e-01  1.00000000e-03
 6.27700034e-03  1.00000000e-03
 2.83336241e-01  1.00000000e-03
-1.85910250e-01  1.00000000e-03
 1.46278532e-02  1.00000000e-03
 1.30095221e-01  1.00000000e-03
-1.10491000e-01  1.00000000e-03
-3.55895033e-01  1.00000000e-03
 2.05507561e-02  1.00000000e-03
 2.26130709e-01  1.00000000e-03
 1.10863651e-01  1.00000000e-03
 1.63587534e-01  1.00000000e-03
 1.59206438e-01  1.00000000e-03
 3.66881286e-01  1.00000000e-03
-6.80259399e-02  1.00000000e-03
 7.68668923e-02  1.00000000e-03
 2.76837094e-01  1.00000000e-03
-1.54282390e-01  1.00000000e-03
 1.81205390e-01  1.00000000e-03
 4.12236893e-02  1.00000000e-03
-1.49609836e-02  1.00000000e-03
-1.58681805e-01  1.00000000e-03
-1.49526269e-01  1.00000000e-03
-6.24558340e-02  1.00000000e-03
 5.50796773e-02  1.00000000e-03
-1.75700885e-01  1.00000000e-03
 3.43574786e-01  1.00000000e-03
 1.58589883e-01  1.00000000e-03
-1.06493551e-01  1.00000000e-03
-8.01263737e-02  1.00000000e-03
 2.57804588e-02  1.00000000e-03
-6.95320852e-02  1.00000000e-03
 1.34737206e-02  1.00000000e-03
 1.37374437e-02  1.00000000e-03
-1.22247793e-01  1.00000000e-03
 2.15263414e-01  1.00000000e-03
-3.83654679e-01  1.00000000e-03
 1.87251094e-01  1.00000000e-03
 2.32934524e-01  1.00000000e-03
-7.67043679e-02  1.00000000e-03
 4.20717693e-02  1.00000000e-03
-7.64432913e-02  1.00000000e-03
-4.90734534e-02  1.00000000e-03
 2.05411382e-01  1.00000000e-03
