 -0.4244219E+00  0.2000000E-04
  0.5463941E-01  0.2000000E-04
 -0.4307283E+00  0.2000000E-04
 -0.1281402E-01  0.2000000E-04
  0.1137736E+00  0.2000000E-04
 -0.3671013E+00  0.2000000E-04
 -0.3627115E+00  0.2000000E-04
  0.5718436E+00  0.2000000E-04
 -0.4653125E+00  0.2000000E-04
 -0.6063193E-01  0.2000000E-04
  0.8700405E+00  0.2000000E-04
  0.9012311E+00  0.2000000E-04
 -0.5666900E-01  0.2000000E-04
 -0.4583522E+00  0.2000000E-04
 -0.4330066E+00  0.2000000E-04
 -0.4487287E+00  0.2000000E-04
  0.8397758E+00  0.2000000E-04
 -0.4504251E-02  0.2000000E-04
 -0.3367071E+00  0.2000000E-04
 -0.4337342E+00  0.2000000E-04
 -0.3829914E+00  0.2000000E-04
 -0.3647619E+00  0.2000000E-04
  0.6354121E+00  0.2000000E-04
 -0.3809806E+00  0.2000000E-04
  0.9536414E+00  0.2000000E-04
 -0.2987988E+00  0.2000000E-04
 -0.4479653E+00  0.2000000E-04
  0.6727816E+00  0.2000000E-04
  0.8671707E+00  0.2000000E-04
  0.3702078E+00  0.2000000E-04
  0.8653447E+00  0.2000000E-04
 -0.3898158E+00  0.2000000E-04
 -0.4411120E+00  0.2000000E-04
 -0.4000628E+00  0.2000000E-04
 -0.4028756E+00  0.2000000E-04
 -0.3907438E+00  0.2000000E-04
 -0.3130973E-01  0.2000000E-04
 -0.4093392E+00  0.2000000E-04
 -0.4085619E+00  0.2000000E-04
  0.5348276E+00  0.2000000E-04
 -0.2245770E+00  0.2000000E-04
  0.7068906E+00  0.2000000E-04
 -0.2926658E+00  0.2000000E-04
 -0.4411921E+00  0.2000000E-04
 -0.4077621E+00  0.2000000E-04
  0.7306456E+00  0.2000000E-04
 -0.3261634E+00  0.2000000E-04
 -0.3562360E+00  0.2000000E-04
  0.1404230E+00  0.2000000E-04
  0.8377964E+00  0.2000000E-04
 -0.3829746E+00  0.2000000E-04
 -0.4223172E+00  0.2000000E-04
 -0.4340738E+00  0.2000000E-04
  0.3298005E+00  0.2000000E-04
 -0.5247785E+00  0.2000000E-04
  0.3701161E+00  0.2000000E-04
  0.8661144E+00  0.2000000E-04
 -0.4972037E+00  0.2000000E-04
  0.8298430E+00  0.2000000E-04
  0.8551311E+00  0.2000000E-04
 -0.4045985E+00  0.2000000E-04
  0.8702546E+00  0.2000000E-04
  0.2112235E+00  0.2000000E-04
  0.7423660E+00  0.2000000E-04
 -0.3953669E+00  0.2000000E-04
 -0.4633703E+00  0.2000000E-04
 -0.4469284E+00  0.2000000E-04
 -0.1031426E+00  0.2000000E-04
  0.8520126E+00  0.2000000E-04
 -0.2298386E+00  0.2000000E-04
  0.4270445E+00  0.2000000E-04
 -0.4119137E+00  0.2000000E-04
  0.8770993E+00  0.2000000E-04
 -0.4056417E+00  0.2000000E-04
 -0.2354176E+00  0.2000000E-04
 -0.4835575E+00  0.2000000E-04
 -0.4386758E+00  0.2000000E-04
 -0.3823130E+00  0.2000000E-04
 -0.3952754E+00  0.2000000E-04
 -0.2731730E+00  0.2000000E-04
  0.4485629E+00  0.2000000E-04
  0.6014771E-01  0.2000000E-04
  0.6445628E+00  0.2000000E-04
  0.8390311E+00  0.2000000E-04
  0.1037070E+00  0.2000000E-04
 -0.3307789E-02  0.2000000E-04
 -0.9522731E-01  0.2000000E-04
  0.3131848E+00  0.2000000E-04
  0.5620643E+00  0.2000000E-04
 -0.3449093E+00  0.2000000E-04
 -0.4440133E+00  0.2000000E-04
  0.3450357E+00  0.2000000E-04
  0.4102734E+00  0.2000000E-04
 -0.1825055E+00  0.2000000E-04
  0.6501261E+00  0.2000000E-04
 -0.3062812E+00  0.2000000E-04
 -0.4297268E+00  0.2000000E-04
 -0.1633595E+00  0.2000000E-04
 -0.4045103E+00  0.2000000E-04
 -0.3836487E+00  0.2000000E-04
  0.5517315E+00  0.2000000E-04
 -0.2749781E-01  0.2000000E-04
 -0.3964083E+00  0.2000000E-04
  0.3299013E+00  0.2000000E-04
  0.8422248E+00  0.2000000E-04
 -0.2398542E+00  0.2000000E-04
  0.8304993E+00  0.2000000E-04
 -0.5006967E+00  0.2000000E-04
  0.7607727E+00  0.2000000E-04
 -0.3799759E+00  0.2000000E-04
  0.3474277E-01  0.2000000E-04
 -0.4153836E+00  0.2000000E-04
 -0.2405451E+00  0.2000000E-04
 -0.3115963E+00  0.2000000E-04
 -0.3200968E+00  0.2000000E-04
 -0.3521689E+00  0.2000000E-04
 -0.4521430E+00  0.2000000E-04
 -0.3818085E+00  0.2000000E-04
 -0.4238439E+00  0.2000000E-04
 -0.1502796E+00  0.2000000E-04
 -0.3706648E-01  0.2000000E-04
 -0.4846008E-01  0.2000000E-04
 -0.4356892E+00  0.2000000E-04
 -0.3946389E+00  0.2000000E-04
 -0.4205275E+00  0.2000000E-04
 -0.3983782E+00  0.2000000E-04
 -0.3102871E+00  0.2000000E-04
 -0.4533811E+00  0.2000000E-04
  0.4304612E+00  0.2000000E-04
  0.3040850E+00  0.2000000E-04
 -0.4470023E+00  0.2000000E-04
 -0.3333801E+00  0.2000000E-04
 -0.2882021E+00  0.2000000E-04
 -0.4399161E+00  0.2000000E-04
  0.6738283E-01  0.2000000E-04
 -0.4575786E+00  0.2000000E-04
 -0.1350878E+00  0.2000000E-04
 -0.2136482E+00  0.2000000E-04
 -0.4449647E+00  0.2000000E-04
  0.4693517E+00  0.2000000E-04
 -0.3756397E+00  0.2000000E-04
 -0.2308863E+00  0.2000000E-04
 -0.3474362E+00  0.2000000E-04
 -0.2868184E+00  0.2000000E-04
 -0.1228306E+00  0.2000000E-04
 -0.4037080E+00  0.2000000E-04
  0.7168622E+00  0.2000000E-04
 -0.4772684E+00  0.2000000E-04
  0.8533595E+00  0.2000000E-04
 -0.3785264E+00  0.2000000E-04
 -0.2528363E+00  0.2000000E-04
 -0.3717477E+00  0.2000000E-04
  0.1065247E+00  0.2000000E-04
 -0.3149329E+00  0.2000000E-04
 -0.1343171E+00  0.2000000E-04
  0.1830006E+00  0.2000000E-04
 -0.3297983E+00  0.2000000E-04
 -0.2320520E+00  0.2000000E-04
 -0.7244718E-01  0.2000000E-04
 -0.4296448E+00  0.2000000E-04
 -0.4022779E+00  0.2000000E-04
 -0.3892681E+00  0.2000000E-04
  0.1800924E+00  0.2000000E-04
 -0.4268391E+00  0.2000000E-04
 -0.4387466E+00  0.2000000E-04
  0.6542587E+00  0.2000000E-04
  0.2035136E+00  0.2000000E-04
 -0.3443305E+00  0.2000000E-04
 -0.3346961E+00  0.2000000E-04
 -0.2888758E+00  0.2000000E-04
  0.5408508E+00  0.2000000E-04
 -0.3059868E+00  0.2000000E-04
 -0.1952970E+00  0.2000000E-04
 -0.3774192E+00  0.2000000E-04
 -0.2715271E+00  0.2000000E-04
 -0.4670261E+00  0.2000000E-04
 -0.4630292E+00  0.2000000E-04
 -0.3900129E+00  0.2000000E-04
 -0.4602741E+00  0.2000000E-04
 -0.1800968E+00  0.2000000E-04
 -0.4111482E+00  0.2000000E-04
  0.9738863E+00  0.2000000E-04
 -0.4299264E+00  0.2000000E-04
 -0.3532318E+00  0.2000000E-04
 -0.2217373E-01  0.2000000E-04
 -0.4194098E+00  0.2000000E-04
 -0.4426737E+00  0.2000000E-04
 -0.3857674E+00  0.2000000E-04
 -0.3955179E+00  0.2000000E-04
 -0.4639276E+00  0.2000000E-04
  0.7637742E+00  0.2000000E-04
 -0.4797447E+00  0.2000000E-04
 -0.4167972E+00  0.2000000E-04
 -0.3997286E+00  0.2000000E-04
 -0.3208710E+00  0.2000000E-04
 -0.3922251E+00  0.2000000E-04
 -0.4055069E+00  0.2000000E-04
 -0.4114462E+00  0.2000000E-04
 -0.4726596E+00  0.2000000E-04
  0.8402916E+00  0.2000000E-04
 -0.4168607E+00  0.2000000E-04
 -0.9489258E-01  0.2000000E-04
 -0.1807232E+00  0.2000000E-04
  0.5788624E+00  0.2000000E-04
  0.4216175E+00  0.2000000E-04
 -0.4335773E+00  0.2000000E-04
  0.8247025E+00  0.2000000E-04
 -0.3646043E+00  0.2000000E-04
 -0.4024723E+00  0.2000000E-04
  0.2529031E+00  0.2000000E-04
  0.8697786E+00  0.2000000E-04
  0.4758940E+00  0.2000000E-04
 -0.4738440E+00  0.2000000E-04
 -0.3527786E+00  0.2000000E-04
  0.4435329E+00  0.2000000E-04
  0.8813918E+00  0.2000000E-04
 -0.4305800E+00  0.2000000E-04
  0.9083114E+00  0.2000000E-04
 -0.4277503E+00  0.2000000E-04
 -0.4654093E+00  0.2000000E-04
 -0.4888712E+00  0.2000000E-04
 -0.4138851E+00  0.2000000E-04
 -0.4534824E+00  0.2000000E-04
  0.6793468E+00  0.2000000E-04
 -0.2746410E+00  0.2000000E-04
  0.4198172E+00  0.2000000E-04
  0.6871439E+00  0.2000000E-04
 -0.4091541E+00  0.2000000E-04
  0.3277487E+00  0.2000000E-04
  0.7696209E+00  0.2000000E-04
 -0.3829306E+00  0.2000000E-04
 -0.4356466E+00  0.2000000E-04
 -0.3946592E+00  0.2000000E-04
  0.7932668E+00  0.2000000E-04
 -0.4073434E+00  0.2000000E-04
 -0.1016762E+00  0.2000000E-04
  0.6485022E+00  0.2000000E-04
  0.9970643E-01  0.2000000E-04
 -0.2341436E+00  0.2000000E-04
  0.3324294E+00  0.2000000E-04
 -0.3301817E+00  0.2000000E-04
  0.1199246E+00  0.2000000E-04
 -0.4329098E+00  0.2000000E-04
  0.7510420E+00  0.2000000E-04
  0.4465264E+00  0.2000000E-04
  0.8612897E+00  0.2000000E-04
 -0.4537917E+00  0.2000000E-04
 -0.4095411E+00  0.2000000E-04
 -0.8077396E-01  0.2000000E-04
 -0.1802075E+00  0.2000000E-04
 -0.1736209E+00  0.2000000E-04
  0.4353707E+00  0.2000000E-04
 -0.2165781E+00  0.2000000E-04
 -0.3596374E-01  0.2000000E-04
  0.8740218E+00  0.2000000E-04
 -0.4191658E+00  0.2000000E-04
  0.4627987E-01  0.2000000E-04
 -0.3758124E+00  0.2000000E-04
 -0.1097631E+00  0.2000000E-04
 -0.6579432E-01  0.2000000E-04
 -0.4532422E+00  0.2000000E-04
 -0.4346634E+00  0.2000000E-04
 -0.4379506E+00  0.2000000E-04
 -0.2003220E+00  0.2000000E-04
  0.1659005E+00  0.2000000E-04
  0.6483718E+00  0.2000000E-04
 -0.4354873E+00  0.2000000E-04
 -0.4921126E+00  0.2000000E-04
 -0.3943122E+00  0.2000000E-04
 -0.4683253E+00  0.2000000E-04
  0.8611740E+00  0.2000000E-04
  0.6900157E+00  0.2000000E-04
 -0.4445537E+00  0.2000000E-04
 -0.4025574E+00  0.2000000E-04
 -0.4062334E+00  0.2000000E-04
 -0.2346441E-01  0.2000000E-04
 -0.3568842E+00  0.2000000E-04
 -0.4379314E+00  0.2000000E-04
 -0.5085244E+00  0.2000000E-04
 -0.3856097E+00  0.2000000E-04
 -0.4270728E+00  0.2000000E-04
  0.3980516E+00  0.2000000E-04
  0.9365872E+00  0.2000000E-04
 -0.2874447E+00  0.2000000E-04
 -0.4551702E+00  0.2000000E-04
 -0.3369079E+00  0.2000000E-04
 -0.3803050E+00  0.2000000E-04
 -0.4521270E+00  0.2000000E-04
 -0.3766940E+00  0.2000000E-04
  0.9663095E-01  0.2000000E-04
 -0.4420837E+00  0.2000000E-04
  0.8548257E+00  0.2000000E-04
  0.9565839E+00  0.2000000E-04
  0.8556033E+00  0.2000000E-04
 -0.3794486E+00  0.2000000E-04
 -0.4205782E+00  0.2000000E-04
 -0.1685717E+00  0.2000000E-04
  0.8856549E+00  0.2000000E-04
 -0.4384061E+00  0.2000000E-04
 -0.2527460E+00  0.2000000E-04
  0.5087866E+00  0.2000000E-04
 -0.1612602E+00  0.2000000E-04
 -0.6921575E-01  0.2000000E-04
  0.6384642E+00  0.2000000E-04
 -0.4566227E+00  0.2000000E-04
 -0.2928987E+00  0.2000000E-04
 -0.3646708E+00  0.2000000E-04
 -0.3795585E+00  0.2000000E-04
  0.3468753E-01  0.2000000E-04
 -0.4210461E+00  0.2000000E-04
  0.7218757E+00  0.2000000E-04
 -0.4718992E+00  0.2000000E-04
  0.8814859E+00  0.2000000E-04
 -0.1468570E+00  0.2000000E-04
 -0.3139585E+00  0.2000000E-04
  0.2146930E+00  0.2000000E-04
 -0.3755318E+00  0.2000000E-04
 -0.4091068E+00  0.2000000E-04
 -0.4364897E+00  0.2000000E-04
 -0.4901000E+00  0.2000000E-04
  0.8113071E+00  0.2000000E-04
  0.4367416E+00  0.2000000E-04
 -0.4718442E+00  0.2000000E-04
  0.6235458E+00  0.2000000E-04
  0.8264881E+00  0.2000000E-04
  0.7017314E+00  0.2000000E-04
  0.8664197E+00  0.2000000E-04
 -0.3789644E+00  0.2000000E-04
 -0.3858382E+00  0.2000000E-04
 -0.4987504E+00  0.2000000E-04
 -0.8530827E-01  0.2000000E-04
  0.9087058E+00  0.2000000E-04
 -0.3086558E+00  0.2000000E-04
 -0.4399647E+00  0.2000000E-04
  0.6126364E+00  0.2000000E-04
 -0.1777522E+00  0.2000000E-04
 -0.4905594E+00  0.2000000E-04
  0.5018026E+00  0.2000000E-04
  0.7546057E+00  0.2000000E-04
  0.8566933E+00  0.2000000E-04
 -0.4467416E+00  0.2000000E-04
 -0.3771744E+00  0.2000000E-04
 -0.9360506E-01  0.2000000E-04
 -0.2734919E+00  0.2000000E-04
  0.9129677E+00  0.2000000E-04
  0.3309041E+00  0.2000000E-04
  0.1976959E+00  0.2000000E-04
 -0.1648882E+00  0.2000000E-04
  0.5335743E+00  0.2000000E-04
  0.8645803E+00  0.2000000E-04
  0.9040416E+00  0.2000000E-04
 -0.2660701E+00  0.2000000E-04
 -0.3604214E+00  0.2000000E-04
 -0.4708109E+00  0.2000000E-04
  0.4939280E+00  0.2000000E-04
 -0.3957070E+00  0.2000000E-04
 -0.3866436E+00  0.2000000E-04
  0.1580763E+00  0.2000000E-04
 -0.2669284E+00  0.2000000E-04
  0.8950397E+00  0.2000000E-04
 -0.3701421E+00  0.2000000E-04
 -0.4737454E-01  0.2000000E-04
 -0.4745567E+00  0.2000000E-04
 -0.3894778E+00  0.2000000E-04
 -0.7450858E-01  0.2000000E-04
 -0.4507067E+00  0.2000000E-04
 -0.6100012E-01  0.2000000E-04
  0.5368627E+00  0.2000000E-04
 -0.4398830E+00  0.2000000E-04
 -0.1814789E+00  0.2000000E-04
 -0.3974879E+00  0.2000000E-04
 -0.2585096E+00  0.2000000E-04
 -0.2083210E+00  0.2000000E-04
 -0.5359669E+00  0.2000000E-04
  0.6923317E+00  0.2000000E-04
  0.6666571E+00  0.2000000E-04
 -0.3989240E+00  0.2000000E-04
 -0.3926038E+00  0.2000000E-04
 -0.4679189E+00  0.2000000E-04
 -0.4233572E+00  0.2000000E-04
 -0.4102373E+00  0.2000000E-04
  0.8641007E+00  0.2000000E-04
  0.7344463E+00  0.2000000E-04
 -0.4457693E+00  0.2000000E-04
  0.1602822E-02  0.2000000E-04
 -0.4784818E+00  0.2000000E-04
  0.7987914E+00  0.2000000E-04
 -0.3771572E+00  0.2000000E-04
 -0.4727293E+00  0.2000000E-04
  0.2696941E+00  0.2000000E-04
  0.1284287E+00  0.2000000E-04
 -0.3187489E+00  0.2000000E-04
 -0.4003062E+00  0.2000000E-04
  0.4104100E+00  0.2000000E-04
 -0.4729778E+00  0.2000000E-04
 -0.4373447E+00  0.2000000E-04
 -0.3793682E+00  0.2000000E-04
  0.7495220E+00  0.2000000E-04
  0.9266466E+00  0.2000000E-04
  0.4900170E+00  0.2000000E-04
 -0.1875714E+00  0.2000000E-04
 -0.5107911E+00  0.2000000E-04
  0.8872804E+00  0.2000000E-04
 -0.3775278E+00  0.2000000E-04
  0.8855842E+00  0.2000000E-04
 -0.4343344E+00  0.2000000E-04
 -0.4335049E+00  0.2000000E-04
 -0.3891477E+00  0.2000000E-04
  0.7783004E+00  0.2000000E-04
 -0.3661769E+00  0.2000000E-04
  0.7867877E-01  0.2000000E-04
 -0.4378955E+00  0.2000000E-04
 -0.4368018E+00  0.2000000E-04
 -0.1690639E+00  0.2000000E-04
 -0.4403898E+00  0.2000000E-04
 -0.3655950E+00  0.2000000E-04
 -0.5183642E+00  0.2000000E-04
 -0.2410794E+00  0.2000000E-04
  0.1938401E+00  0.2000000E-04
  0.5926032E+00  0.2000000E-04
  0.8682421E+00  0.2000000E-04
 -0.3825324E+00  0.2000000E-04
 -0.3536738E+00  0.2000000E-04
  0.8251225E+00  0.2000000E-04
  0.2687813E+00  0.2000000E-04
  0.4205483E+00  0.2000000E-04
  0.3716967E+00  0.2000000E-04
 -0.4625700E+00  0.2000000E-04
  0.4061500E+00  0.2000000E-04
 -0.3379748E+00  0.2000000E-04
 -0.4075729E+00  0.2000000E-04
 -0.4511046E+00  0.2000000E-04
  0.1843944E+00  0.2000000E-04
 -0.4009852E+00  0.2000000E-04
  0.6272188E+00  0.2000000E-04
  0.1663497E+00  0.2000000E-04
  0.8567341E+00  0.2000000E-04
 -0.3926919E+00  0.2000000E-04
  0.8313091E+00  0.2000000E-04
 -0.3081435E-01  0.2000000E-04
 -0.4499125E+00  0.2000000E-04
 -0.4465396E+00  0.2000000E-04
 -0.4010846E+00  0.2000000E-04
 -0.4129985E+00  0.2000000E-04
  0.8816792E+00  0.2000000E-04
 -0.4807611E+00  0.2000000E-04
 -0.4082388E+00  0.2000000E-04
 -0.4057619E+00  0.2000000E-04
 -0.4332953E+00  0.2000000E-04
 -0.4766029E-01  0.2000000E-04
  0.7918364E+00  0.2000000E-04
 -0.4552303E+00  0.2000000E-04
 -0.2356926E+00  0.2000000E-04
  0.7983974E+00  0.2000000E-04
  0.5880275E-01  0.2000000E-04
 -0.1683981E-01  0.2000000E-04
 -0.4435451E+00  0.2000000E-04
 -0.4039417E+00  0.2000000E-04
 -0.4895012E+00  0.2000000E-04
  0.8751589E+00  0.2000000E-04
 -0.3305039E+00  0.2000000E-04
 -0.2745018E+00  0.2000000E-04
  0.4690381E+00  0.2000000E-04
  0.5663915E+00  0.2000000E-04
 -0.3349764E+00  0.2000000E-04
 -0.4308773E+00  0.2000000E-04
 -0.4287971E+00  0.2000000E-04
 -0.3357373E+00  0.2000000E-04
  0.7451156E+00  0.2000000E-04
  0.5057611E+00  0.2000000E-04
 -0.4621494E+00  0.2000000E-04
  0.7585140E+00  0.2000000E-04
 -0.4443563E+00  0.2000000E-04
  0.6903627E+00  0.2000000E-04
  0.7098067E+00  0.2000000E-04
 -0.3331482E+00  0.2000000E-04
 -0.3770849E+00  0.2000000E-04
 -0.4171256E+00  0.2000000E-04
 -0.3801201E-01  0.2000000E-04
 -0.4052243E+00  0.2000000E-04
  0.3404712E+00  0.2000000E-04
  0.6737069E+00  0.2000000E-04
 -0.4349436E+00  0.2000000E-04
  0.9152215E+00  0.2000000E-04
  0.8156850E+00  0.2000000E-04
  0.9173036E+00  0.2000000E-04
 -0.3120162E+00  0.2000000E-04
  0.9007941E+00  0.2000000E-04
  0.2601671E+00  0.2000000E-04
 -0.3213934E+00  0.2000000E-04
 -0.4881121E+00  0.2000000E-04
  0.4728377E+00  0.2000000E-04
 -0.4647527E-02  0.2000000E-04
  0.1443009E+00  0.2000000E-04
  0.1201312E+00  0.2000000E-04
 -0.3906242E+00  0.2000000E-04
  0.8308570E+00  0.2000000E-04
 -0.4226200E+00  0.2000000E-04
 -0.4952952E+00  0.2000000E-04
 -0.3727416E+00  0.2000000E-04
 -0.2834825E+00  0.2000000E-04
  0.1062833E+00  0.2000000E-04
 -0.4631601E+00  0.2000000E-04
 -0.4181804E+00  0.2000000E-04
 -0.1390384E+00  0.2000000E-04
 -0.2211967E+00  0.2000000E-04
  0.3741365E+00  0.2000000E-04
 -0.3376022E+00  0.2000000E-04
 -0.4961276E+00  0.2000000E-04
 -0.4821631E-01  0.2000000E-04
 -0.3925338E+00  0.2000000E-04
 -0.4496126E+00  0.2000000E-04
  0.8702685E+00  0.2000000E-04
  0.7384437E+00  0.2000000E-04
 -0.1409347E+00  0.2000000E-04
  0.6819943E+00  0.2000000E-04
 -0.2194123E+00  0.2000000E-04
  0.7545272E+00  0.2000000E-04
 -0.3607273E+00  0.2000000E-04
  0.3481519E+00  0.2000000E-04
 -0.4040015E+00  0.2000000E-04
  0.8079869E-01  0.2000000E-04
  0.2895135E-01  0.2000000E-04
 -0.3828593E+00  0.2000000E-04
 -0.3533245E+00  0.2000000E-04
  0.4874187E+00  0.2000000E-04
  0.9972880E-01  0.2000000E-04
 -0.1650547E-01  0.2000000E-04
 -0.3723430E+00  0.2000000E-04
  0.5667484E+00  0.2000000E-04
 -0.4171708E+00  0.2000000E-04
 -0.4381065E+00  0.2000000E-04
 -0.3983297E+00  0.2000000E-04
  0.8981894E+00  0.2000000E-04
 -0.3232282E+00  0.2000000E-04
  0.4338652E+00  0.2000000E-04
  0.6489276E+00  0.2000000E-04
 -0.4122326E+00  0.2000000E-04
  0.7076518E+00  0.2000000E-04
  0.4385472E+00  0.2000000E-04
 -0.4069199E+00  0.2000000E-04
 -0.1985455E+00  0.2000000E-04
 -0.3883452E+00  0.2000000E-04
  0.4806276E-01  0.2000000E-04
  0.8926145E+00  0.2000000E-04
  0.2499051E+00  0.2000000E-04
 -0.4197832E+00  0.2000000E-04
  0.9636459E+00  0.2000000E-04
  0.2247574E+00  0.2000000E-04
  0.4084502E+00  0.2000000E-04
 -0.4409682E+00  0.2000000E-04
 -0.4330016E+00  0.2000000E-04
  0.2178576E+00  0.2000000E-04
  0.3135173E+00  0.2000000E-04
 -0.3713766E+00  0.2000000E-04
 -0.4312060E+00  0.2000000E-04
  0.6373528E+00  0.2000000E-04
  0.8065829E+00  0.2000000E-04
 -0.4350500E+00  0.2000000E-04
  0.8774447E+00  0.2000000E-04
  0.8623899E+00  0.2000000E-04
 -0.4292707E+00  0.2000000E-04
 -0.4593680E+00  0.2000000E-04
  0.9119543E+00  0.2000000E-04
 -0.4060607E+00  0.2000000E-04
  0.3079287E+00  0.2000000E-04
  0.7316630E+00  0.2000000E-04
 -0.4258921E+00  0.2000000E-04
 -0.4546479E+00  0.2000000E-04
 -0.5102885E+00  0.2000000E-04
 -0.4254048E+00  0.2000000E-04
 -0.4653730E+00  0.2000000E-04
 -0.2576617E+00  0.2000000E-04
 -0.4441401E+00  0.2000000E-04
 -0.4258417E+00  0.2000000E-04
 -0.2424231E+00  0.2000000E-04
 -0.2084104E+00  0.2000000E-04
 -0.2850505E+00  0.2000000E-04
 -0.2489918E+00  0.2000000E-04
  0.7497101E+00  0.2000000E-04
  0.4168426E+00  0.2000000E-04
 -0.2023179E+00  0.2000000E-04
  0.5307022E+00  0.2000000E-04
 -0.1560296E+00  0.2000000E-04
 -0.4092185E+00  0.2000000E-04
  0.2237668E+00  0.2000000E-04
  0.8437199E+00  0.2000000E-04
  0.8262774E+00  0.2000000E-04
  0.3066932E+00  0.2000000E-04
 -0.4045165E+00  0.2000000E-04
 -0.4479370E+00  0.2000000E-04
 -0.4805131E+00  0.2000000E-04
  0.3749676E+00  0.2000000E-04
 -0.4479059E+00  0.2000000E-04
  0.6904391E+00  0.2000000E-04
  0.9483132E+00  0.2000000E-04
  0.7193305E+00  0.2000000E-04
 -0.4687450E+00  0.2000000E-04
  0.3374681E+00  0.2000000E-04
 -0.2141094E+00  0.2000000E-04
  0.8101553E+00  0.2000000E-04
 -0.2714163E+00  0.2000000E-04
  0.3318437E-01  0.2000000E-04
 -0.4655598E+00  0.2000000E-04
  0.8825192E+00  0.2000000E-04
 -0.4780456E+00  0.2000000E-04
  0.4376653E+00  0.2000000E-04
 -0.5064655E+00  0.2000000E-04
  0.8757856E+00  0.2000000E-04
  0.8743917E+00  0.2000000E-04
 -0.3342275E+00  0.2000000E-04
 -0.3947647E+00  0.2000000E-04
 -0.4460786E+00  0.2000000E-04
 -0.3535170E+00  0.2000000E-04
 -0.4888037E+00  0.2000000E-04
 -0.3515796E+00  0.2000000E-04
 -0.3837565E+00  0.2000000E-04
 -0.2715718E+00  0.2000000E-04
  0.1836568E+00  0.2000000E-04
 -0.2959026E+00  0.2000000E-04
  0.4297767E+00  0.2000000E-04
 -0.4162731E+00  0.2000000E-04
 -0.4873480E+00  0.2000000E-04
 -0.1915361E-01  0.2000000E-04
  0.4228910E+00  0.2000000E-04
 -0.2812002E+00  0.2000000E-04
 -0.3477016E+00  0.2000000E-04
  0.2519976E+00  0.2000000E-04
  0.4172783E+00  0.2000000E-04
 -0.3978556E+00  0.2000000E-04
 -0.2904526E+00  0.2000000E-04
  0.8666482E+00  0.2000000E-04
 -0.4456656E+00  0.2000000E-04
  0.7035112E+00  0.2000000E-04
 -0.3251291E+00  0.2000000E-04
  0.6732115E+00  0.2000000E-04
  0.8506964E+00  0.2000000E-04
  0.1927087E+00  0.2000000E-04
 -0.4593169E+00  0.2000000E-04
 -0.4511604E+00  0.2000000E-04
  0.6640950E+00  0.2000000E-04
 -0.1169774E+00  0.2000000E-04
 -0.3336724E+00  0.2000000E-04
 -0.3862315E+00  0.2000000E-04
  0.1731516E+00  0.2000000E-04
 -0.3250250E+00  0.2000000E-04
 -0.1275219E+00  0.2000000E-04
 -0.3289933E+00  0.2000000E-04
 -0.3946669E+00  0.2000000E-04
  0.8227631E+00  0.2000000E-04
  0.7649969E-01  0.2000000E-04
 -0.5050549E+00  0.2000000E-04
 -0.4147502E+00  0.2000000E-04
 -0.4427409E+00  0.2000000E-04
  0.8662390E+00  0.2000000E-04
  0.2603166E+00  0.2000000E-04
 -0.3163195E+00  0.2000000E-04
 -0.2877258E+00  0.2000000E-04
 -0.3307963E+00  0.2000000E-04
 -0.4801154E+00  0.2000000E-04
  0.6769536E+00  0.2000000E-04
  0.6257137E+00  0.2000000E-04
 -0.4500878E+00  0.2000000E-04
 -0.1714520E+00  0.2000000E-04
 -0.4418961E+00  0.2000000E-04
  0.2907368E+00  0.2000000E-04
 -0.3650025E+00  0.2000000E-04
  0.7652596E+00  0.2000000E-04
  0.1514457E+00  0.2000000E-04
 -0.3901206E+00  0.2000000E-04
 -0.4289162E+00  0.2000000E-04
 -0.4298948E+00  0.2000000E-04
 -0.4335776E+00  0.2000000E-04
  0.8128878E+00  0.2000000E-04
 -0.2266463E+00  0.2000000E-04
 -0.1617518E+00  0.2000000E-04
 -0.3835276E+00  0.2000000E-04
 -0.3954447E+00  0.2000000E-04
 -0.2355558E+00  0.2000000E-04
  0.5010090E+00  0.2000000E-04
  0.8325399E+00  0.2000000E-04
 -0.3911958E+00  0.2000000E-04
 -0.1606309E+00  0.2000000E-04
 -0.3529227E+00  0.2000000E-04
 -0.4216344E+00  0.2000000E-04
 -0.3605488E+00  0.2000000E-04
 -0.1293923E+00  0.2000000E-04
 -0.4424789E+00  0.2000000E-04
 -0.4718594E+00  0.2000000E-04
  0.8969440E+00  0.2000000E-04
  0.9149508E+00  0.2000000E-04
 -0.1288900E+00  0.2000000E-04
  0.4961952E+00  0.2000000E-04
  0.6057773E+00  0.2000000E-04
 -0.2026396E+00  0.2000000E-04
 -0.9326112E-01  0.2000000E-04
 -0.4889495E+00  0.2000000E-04
 -0.3830720E+00  0.2000000E-04
 -0.3874069E+00  0.2000000E-04
 -0.1209593E+00  0.2000000E-04
 -0.2748829E+00  0.2000000E-04
 -0.4172759E+00  0.2000000E-04
  0.9288366E+00  0.2000000E-04
  0.8501988E+00  0.2000000E-04
  0.9421229E+00  0.2000000E-04
 -0.3634590E+00  0.2000000E-04
 -0.4099007E+00  0.2000000E-04
 -0.3854814E+00  0.2000000E-04
  0.6616443E+00  0.2000000E-04
  0.6003642E+00  0.2000000E-04
  0.8418677E+00  0.2000000E-04
  0.1690853E+00  0.2000000E-04
 -0.2944931E+00  0.2000000E-04
  0.7134870E+00  0.2000000E-04
 -0.1750683E+00  0.2000000E-04
 -0.4126481E+00  0.2000000E-04
 -0.5017164E+00  0.2000000E-04
 -0.4302377E+00  0.2000000E-04
  0.6802309E+00  0.2000000E-04
 -0.4285564E+00  0.2000000E-04
  0.8163311E+00  0.2000000E-04
 -0.4636836E+00  0.2000000E-04
  0.1275137E-01  0.2000000E-04
 -0.3179002E+00  0.2000000E-04
 -0.3800364E+00  0.2000000E-04
  0.1124955E+00  0.2000000E-04
 -0.4380469E+00  0.2000000E-04
 -0.4363931E+00  0.2000000E-04
 -0.4256806E+00  0.2000000E-04
 -0.4479276E+00  0.2000000E-04
 -0.3937599E+00  0.2000000E-04
 -0.4346093E+00  0.2000000E-04
 -0.4754769E+00  0.2000000E-04
 -0.4317632E+00  0.2000000E-04
 -0.4116004E+00  0.2000000E-04
  0.2603447E-01  0.2000000E-04
 -0.3836881E+00  0.2000000E-04
  0.2973640E+00  0.2000000E-04
 -0.1604908E+00  0.2000000E-04
  0.8390738E+00  0.2000000E-04
  0.5740407E+00  0.2000000E-04
 -0.1888363E-01  0.2000000E-04
 -0.4005064E+00  0.2000000E-04
  0.7675881E+00  0.2000000E-04
 -0.2617489E+00  0.2000000E-04
 -0.4637378E+00  0.2000000E-04
 -0.4558878E+00  0.2000000E-04
 -0.4087902E+00  0.2000000E-04
 -0.4052486E+00  0.2000000E-04
  0.1159409E+00  0.2000000E-04
 -0.1331977E+00  0.2000000E-04
  0.6356261E+00  0.2000000E-04
 -0.4253339E+00  0.2000000E-04
 -0.4234099E+00  0.2000000E-04
 -0.4648061E+00  0.2000000E-04
 -0.4438233E+00  0.2000000E-04
 -0.9657738E-01  0.2000000E-04
  0.9651396E+00  0.2000000E-04
 -0.1997024E+00  0.2000000E-04
 -0.3817639E+00  0.2000000E-04
 -0.3349103E+00  0.2000000E-04
 -0.4358668E+00  0.2000000E-04
  0.7899724E+00  0.2000000E-04
 -0.4598113E+00  0.2000000E-04
 -0.3603036E+00  0.2000000E-04
  0.4135364E+00  0.2000000E-04
 -0.8597713E-01  0.2000000E-04
  0.4904464E+00  0.2000000E-04
  0.4119913E+00  0.2000000E-04
 -0.4283739E+00  0.2000000E-04
 -0.5227562E+00  0.2000000E-04
 -0.5133379E+00  0.2000000E-04
  0.7034965E+00  0.2000000E-04
  0.8109143E+00  0.2000000E-04
 -0.3698510E+00  0.2000000E-04
 -0.4212082E+00  0.2000000E-04
  0.9103791E+00  0.2000000E-04
  0.9151922E+00  0.2000000E-04
  0.6539462E+00  0.2000000E-04
 -0.5125980E+00  0.2000000E-04
 -0.2645467E+00  0.2000000E-04
  0.7768310E+00  0.2000000E-04
  0.8715824E+00  0.2000000E-04
 -0.3125895E+00  0.2000000E-04
 -0.3646809E+00  0.2000000E-04
  0.8328437E+00  0.2000000E-04
  0.2490928E-01  0.2000000E-04
  0.1980991E+00  0.2000000E-04
 -0.5185014E+00  0.2000000E-04
  0.1436407E+00  0.2000000E-04
 -0.4325738E+00  0.2000000E-04
 -0.4017642E+00  0.2000000E-04
 -0.4906943E+00  0.2000000E-04
  0.4895597E+00  0.2000000E-04
 -0.4752840E+00  0.2000000E-04
  0.5212721E+00  0.2000000E-04
 -0.3700984E+00  0.2000000E-04
 -0.4106788E+00  0.2000000E-04
 -0.4832963E+00  0.2000000E-04
  0.4220382E+00  0.2000000E-04
  0.4680513E+00  0.2000000E-04
 -0.4151171E+00  0.2000000E-04
 -0.3924176E+00  0.2000000E-04
 -0.3344700E+00  0.2000000E-04
 -0.4174688E+00  0.2000000E-04
 -0.4644953E+00  0.2000000E-04
  0.4530637E+00  0.2000000E-04
 -0.3836072E+00  0.2000000E-04
 -0.3769862E+00  0.2000000E-04
  0.9118828E+00  0.2000000E-04
  0.8632363E-01  0.2000000E-04
 -0.2937853E+00  0.2000000E-04
 -0.4418935E+00  0.2000000E-04
  0.8890004E+00  0.2000000E-04
 -0.4347584E+00  0.2000000E-04
 -0.4043594E+00  0.2000000E-04
 -0.3784942E+00  0.2000000E-04
 -0.4474679E+00  0.2000000E-04
 -0.1243332E+00  0.2000000E-04
 -0.2835498E+00  0.2000000E-04
 -0.4702366E+00  0.2000000E-04
 -0.4616404E+00  0.2000000E-04
  0.2714803E+00  0.2000000E-04
 -0.1810694E+00  0.2000000E-04
 -0.4370129E+00  0.2000000E-04
 -0.5467933E+00  0.2000000E-04
 -0.4656857E+00  0.2000000E-04
 -0.3852763E+00  0.2000000E-04
 -0.4593388E+00  0.2000000E-04
 -0.1511040E+00  0.2000000E-04
 -0.4511684E+00  0.2000000E-04
 -0.2929910E+00  0.2000000E-04
  0.9057720E-01  0.2000000E-04
 -0.4570000E+00  0.2000000E-04
  0.7903556E+00  0.2000000E-04
 -0.4477350E+00  0.2000000E-04
  0.6939965E-01  0.2000000E-04
 -0.2974021E+00  0.2000000E-04
 -0.3831502E+00  0.2000000E-04
 -0.3934459E+00  0.2000000E-04
  0.3555281E+00  0.2000000E-04
  0.9137178E-01  0.2000000E-04
  0.6801957E+00  0.2000000E-04
 -0.4252208E+00  0.2000000E-04
 -0.5012696E+00  0.2000000E-04
  0.5072823E+00  0.2000000E-04
 -0.2356196E+00  0.2000000E-04
  0.8525904E-01  0.2000000E-04
  0.8111487E+00  0.2000000E-04
 -0.2847526E-01  0.2000000E-04
 -0.2539859E+00  0.2000000E-04
 -0.3375501E+00  0.2000000E-04
  0.4543705E+00  0.2000000E-04
 -0.4267373E+00  0.2000000E-04
 -0.4069884E+00  0.2000000E-04
 -0.4375713E+00  0.2000000E-04
 -0.4339090E+00  0.2000000E-04
  0.5561623E+00  0.2000000E-04
  0.2997007E+00  0.2000000E-04
  0.9292156E+00  0.2000000E-04
  0.8758979E+00  0.2000000E-04
 -0.4720534E+00  0.2000000E-04
 -0.4764598E+00  0.2000000E-04
 -0.2945258E+00  0.2000000E-04
  0.6949173E+00  0.2000000E-04
  0.8196235E+00  0.2000000E-04
 -0.4039860E+00  0.2000000E-04
 -0.1772300E+00  0.2000000E-04
  0.3702029E-02  0.2000000E-04
 -0.4217400E+00  0.2000000E-04
 -0.1041927E+00  0.2000000E-04
  0.9277833E+00  0.2000000E-04
  0.3021305E+00  0.2000000E-04
 -0.2800471E+00  0.2000000E-04
 -0.4285696E+00  0.2000000E-04
  0.6372288E+00  0.2000000E-04
  0.8252503E+00  0.2000000E-04
 -0.3983593E+00  0.2000000E-04
  0.6790635E-01  0.2000000E-04
 -0.4313794E+00  0.2000000E-04
 -0.4343026E+00  0.2000000E-04
 -0.3676997E+00  0.2000000E-04
  0.9295005E+00  0.2000000E-04
 -0.4229351E+00  0.2000000E-04
 -0.4194674E+00  0.2000000E-04
  0.3606109E+00  0.2000000E-04
 -0.3393256E+00  0.2000000E-04
  0.8032202E+00  0.2000000E-04
 -0.5415797E+00  0.2000000E-04
  0.2405046E+00  0.2000000E-04
 -0.4629773E+00  0.2000000E-04
 -0.4151683E+00  0.2000000E-04
 -0.4509836E+00  0.2000000E-04
  0.2610417E+00  0.2000000E-04
  0.5435903E-01  0.2000000E-04
  0.7924538E+00  0.2000000E-04
 -0.4736360E+00  0.2000000E-04
 -0.3933120E+00  0.2000000E-04
 -0.2765955E-01  0.2000000E-04
  0.6096278E+00  0.2000000E-04
 -0.3964162E+00  0.2000000E-04
 -0.3432572E+00  0.2000000E-04
 -0.3617367E+00  0.2000000E-04
 -0.4721338E+00  0.2000000E-04
  0.1512773E+00  0.2000000E-04
  0.9057868E+00  0.2000000E-04
  0.7944366E+00  0.2000000E-04
  0.8401498E+00  0.2000000E-04
  0.5917537E+00  0.2000000E-04
 -0.3833066E+00  0.2000000E-04
 -0.5017201E+00  0.2000000E-04
 -0.4313083E+00  0.2000000E-04
  0.8470563E+00  0.2000000E-04
 -0.4185878E+00  0.2000000E-04
 -0.4234210E+00  0.2000000E-04
 -0.2295367E+00  0.2000000E-04
 -0.4325281E+00  0.2000000E-04
 -0.4398176E+00  0.2000000E-04
 -0.1090391E+00  0.2000000E-04
 -0.4643129E+00  0.2000000E-04
  0.7831109E-01  0.2000000E-04
  0.5364323E+00  0.2000000E-04
  0.8558877E+00  0.2000000E-04
 -0.4515045E+00  0.2000000E-04
  0.4176278E+00  0.2000000E-04
 -0.4275083E+00  0.2000000E-04
 -0.4758625E+00  0.2000000E-04
  0.8219678E+00  0.2000000E-04
 -0.4253491E+00  0.2000000E-04
 -0.4345350E+00  0.2000000E-04
  0.3928575E+00  0.2000000E-04
  0.6722231E+00  0.2000000E-04
 -0.1508443E-01  0.2000000E-04
  0.7738069E+00  0.2000000E-04
  0.5803961E+00  0.2000000E-04
 -0.2385343E+00  0.2000000E-04
  0.1488958E+00  0.2000000E-04
  0.2924761E-01  0.2000000E-04
  0.1078595E-02  0.2000000E-04
  0.5743659E+00  0.2000000E-04
 -0.4115320E+00  0.2000000E-04
  0.3726670E+00  0.2000000E-04
 -0.2950386E+00  0.2000000E-04
 -0.5146609E+00  0.2000000E-04
 -0.4173571E+00  0.2000000E-04
 -0.4378399E+00  0.2000000E-04
  0.1659377E+00  0.2000000E-04
  0.5393491E+00  0.2000000E-04
 -0.2588514E+00  0.2000000E-04
  0.8758404E+00  0.2000000E-04
  0.6148484E+00  0.2000000E-04
  0.1405072E+00  0.2000000E-04
  0.9356340E+00  0.2000000E-04
  0.6042062E+00  0.2000000E-04
  0.7305038E+00  0.2000000E-04
 -0.4423644E+00  0.2000000E-04
  0.8376712E+00  0.2000000E-04
  0.7346545E+00  0.2000000E-04
  0.6233022E-01  0.2000000E-04
  0.6606343E+00  0.2000000E-04
 -0.4898182E+00  0.2000000E-04
 -0.4498863E+00  0.2000000E-04
  0.3149986E-01  0.2000000E-04
  0.8595048E+00  0.2000000E-04
 -0.4155357E+00  0.2000000E-04
 -0.4657582E+00  0.2000000E-04
  0.8789138E+00  0.2000000E-04
  0.3339470E-01  0.2000000E-04
 -0.4106269E+00  0.2000000E-04
 -0.4026885E+00  0.2000000E-04
  0.8739456E+00  0.2000000E-04
  0.9286953E+00  0.2000000E-04
  0.6455980E+00  0.2000000E-04
 -0.3998684E+00  0.2000000E-04
  0.5510567E+00  0.2000000E-04
  0.7817360E+00  0.2000000E-04
 -0.4481148E+00  0.2000000E-04
 -0.2414357E+00  0.2000000E-04
  0.7034689E+00  0.2000000E-04
 -0.1831143E+00  0.2000000E-04
  0.8458923E+00  0.2000000E-04
 -0.2963704E+00  0.2000000E-04
  0.1061672E+00  0.2000000E-04
 -0.4926070E+00  0.2000000E-04
  0.5560986E+00  0.2000000E-04
  0.9317653E+00  0.2000000E-04
  0.9702960E-01  0.2000000E-04
 -0.4167969E+00  0.2000000E-04
 -0.4408577E+00  0.2000000E-04
 -0.2305291E+00  0.2000000E-04
 -0.3104582E+00  0.2000000E-04
  0.4225448E+00  0.2000000E-04
  0.3256641E+00  0.2000000E-04
  0.8392162E+00  0.2000000E-04
  0.7627122E+00  0.2000000E-04
 -0.4464794E+00  0.2000000E-04
 -0.4290633E-01  0.2000000E-04
  0.6140894E+00  0.2000000E-04
 -0.3986922E+00  0.2000000E-04
 -0.1896049E+00  0.2000000E-04
