-2.04839290e-01  1.00000000e-03
 4.09471440e-01  1.00000000e-03
-1.88013559e-01  1.00000000e-03
 4.61028871e-01  1.00000000e-03
-1.97422774e-01  1.00000000e-03
 9.37616615e-02  1.00000000e-03
-2.19895358e-01  1.00000000e-03
 4.30386388e-01  1.00000000e-03
 4.38000451e-01  1.00000000e-03
 4.56522778e-01  1.00000000e-03
 4.70640038e-01  1.00000000e-03
-1.87795951e-01  1.00000000e-03
-1.72540830e-01  1.00000000e-03
-2.05923031e-01  1.00000000e-03
-1.87004826e-01  1.00000000e-03
-5.36858648e-02  1.00000000e-03
-2.30508929e-01  1.00000000e-03
 1.70048455e-01  1.00000000e-03
 2.28779821e-02  1.00000000e-03
-2.12120439e-01  1.00000000e-03
-2.76446562e-02  1.00000000e-03
-2.61972664e-01  1.00000000e-03
-1.65765878e-01  1.00000000e-03
-2.03264418e-01  1.00000000e-03
-2.02354330e-01  1.00000000e-03
 3.92626237e-01  1.00000000e-03
-1.82359600e-01  1.00000000e-03
-1.93770958e-01  1.00000000e-03
 1.88689643e-01  1.00000000e-03
-1.68330497e-01  1.00000000e-03
-1.24263390e-01  1.00000000e-03
 4.70978310e-01  1.00000000e-03
 4.56378361e-01  1.00000000e-03
-2.14330990e-01  1.00000000e-03
-6.44715332e-03  1.00000000e-03
 7.50686604e-02  1.00000000e-03
 3.96897402e-03  1.00000000e-03
 3.91333107e-01  1.00000000e-03
 5.10564452e-01  1.00000000e-03
-1.83913428e-01  1.00000000e-03
-1.98964300e-01  1.00000000e-03
-2.23856852e-01  1.00000000e-03
 5.65072910e-02  1.00000000e-03
 1.10463763e-01  1.00000000e-03
 4.65309465e-01  1.00000000e-03
-1.94969839e-01  1.00000000e-03
-1.99444741e-01  1.00000000e-03
-1.68528722e-01  1.00000000e-03
-1.81705630e-01  1.00000000e-03
-1.95241029e-01  1.00000000e-03
-2.32333653e-01  1.00000000e-03
-2.32556931e-01  1.00000000e-03
-2.07646802e-01  1.00000000e-03
 2.88463064e-02  1.00000000e-03
-1.87314955e-01  1.00000000e-03
 2.43143535e-01  1.00000000e-03
-1.98977738e-01  1.00000000e-03
 4.70088008e-02  1.00000000e-03
 4.31735474e-01  1.00000000e-03
 4.85739246e-02  1.00000000e-03
 8.86004743e-02  1.00000000e-03
-2.20451848e-01  1.00000000e-03
-1.87683656e-01  1.00000000e-03
 4.76944172e-01  1.00000000e-03
-2.14058310e-01  1.00000000e-03
-1.70128083e-01  1.00000000e-03
-9.94426477e-02  1.00000000e-03
-2.32172368e-01  1.00000000e-03
-1.24772108e-01  1.00000000e-03
-8.63661235e-02  1.00000000e-03
-9.21360638e-02  1.00000000e-03
-2.03722914e-01  1.00000000e-03
 4.62205367e-01  1.00000000e-03
-2.17582224e-01  1.00000000e-03
-2.12620661e-01  1.00000000e-03
-1.64214848e-02  1.00000000e-03
-1.86599481e-01  1.00000000e-03
-1.74798916e-01  1.00000000e-03
-9.61394956e-02  1.00000000e-03
 2.88080569e-01  1.00000000e-03
-1.79980570e-01  1.00000000e-03
 4.03036914e-02  1.00000000e-03
-1.96904634e-01  1.00000000e-03
-1.63368576e-01  1.00000000e-03
 3.73625381e-01  1.00000000e-03
-1.89656630e-01  1.00000000e-03
-1.46962933e-01  1.00000000e-03
 8.62713905e-02  1.00000000e-03
 2.41542528e-01  1.00000000e-03
-2.41850895e-01  1.00000000e-03
 4.95335186e-01  1.00000000e-03
-1.94024620e-01  1.00000000e-03
-2.08927755e-01  1.00000000e-03
-1.96392145e-01  1.00000000e-03
-2.18220147e-01  1.00000000e-03
 1.11681719e-01  1.00000000e-03
-7.67933532e-02  1.00000000e-03
-1.73710421e-01  1.00000000e-03
 2.12320541e-01  1.00000000e-03
-2.09355046e-01  1.00000000e-03
 3.20107253e-01  1.00000000e-03
-9.96962137e-02  1.00000000e-03
-1.93374222e-01  1.00000000e-03
-1.76777458e-01  1.00000000e-03
-2.35668807e-01  1.00000000e-03
 5.85046841e-02  1.00000000e-03
-2.14626640e-01  1.00000000e-03
-1.04657562e-01  1.00000000e-03
 4.22922695e-02  1.00000000e-03
 3.90338672e-01  1.00000000e-03
-1.70012125e-01  1.00000000e-03
-2.01159807e-01  1.00000000e-03
 2.69636921e-01  1.00000000e-03
 3.01599502e-01  1.00000000e-03
 4.11080369e-01  1.00000000e-03
 5.18116105e-02  1.00000000e-03
 4.46567414e-01  1.00000000e-03
-1.88161035e-01  1.00000000e-03
-1.49177234e-01  1.00000000e-03
-6.07785220e-02  1.00000000e-03
 3.78525365e-01  1.00000000e-03
-6.75396400e-02  1.00000000e-03
 4.45142771e-01  1.00000000e-03
-2.17687792e-01  1.00000000e-03
 4.67912201e-01  1.00000000e-03
-1.74549648e-01  1.00000000e-03
-2.21754619e-01  1.00000000e-03
 4.64963698e-01  1.00000000e-03
 4.25738292e-01  1.00000000e-03
 4.71956525e-01  1.00000000e-03
-1.12307441e-01  1.00000000e-03
 3.98916498e-01  1.00000000e-03
-2.00800872e-01  1.00000000e-03
-9.56719872e-02  1.00000000e-03
 3.70845071e-01  1.00000000e-03
-2.03174615e-01  1.00000000e-03
-1.89651917e-01  1.00000000e-03
-2.40167609e-01  1.00000000e-03
 3.81795110e-01  1.00000000e-03
 7.66250251e-03  1.00000000e-03
 4.47967313e-01  1.00000000e-03
 3.44371959e-01  1.00000000e-03
-6.61619327e-02  1.00000000e-03
-2.16402550e-01  1.00000000e-03
 3.42680861e-01  1.00000000e-03
 4.17651977e-01  1.00000000e-03
-1.98354230e-01  1.00000000e-03
-2.38298428e-01  1.00000000e-03
 3.71346188e-01  1.00000000e-03
 5.57656040e-02  1.00000000e-03
-2.10994629e-01  1.00000000e-03
-2.02058853e-01  1.00000000e-03
 4.83938116e-01  1.00000000e-03
-2.19772477e-01  1.00000000e-03
-2.03297877e-01  1.00000000e-03
 4.73154538e-01  1.00000000e-03
-2.00501437e-01  1.00000000e-03
-1.31822399e-01  1.00000000e-03
 4.37759098e-01  1.00000000e-03
 4.96869298e-01  1.00000000e-03
-2.19946496e-01  1.00000000e-03
 4.19308355e-01  1.00000000e-03
 4.07420922e-01  1.00000000e-03
-2.66767232e-02  1.00000000e-03
-1.91532153e-01  1.00000000e-03
 1.98509639e-01  1.00000000e-03
 3.70635583e-01  1.00000000e-03
-2.23420042e-01  1.00000000e-03
 4.72897144e-02  1.00000000e-03
-1.35095512e-01  1.00000000e-03
 3.27637370e-01  1.00000000e-03
 2.80458044e-01  1.00000000e-03
 4.35723786e-02  1.00000000e-03
 4.53261066e-01  1.00000000e-03
-2.41276430e-01  1.00000000e-03
-2.43627119e-01  1.00000000e-03
-2.11778769e-01  1.00000000e-03
 4.43837326e-01  1.00000000e-03
 1.76404882e-01  1.00000000e-03
-1.86231500e-01  1.00000000e-03
 4.37535153e-01  1.00000000e-03
-9.79972790e-02  1.00000000e-03
-2.66024904e-02  1.00000000e-03
 4.04950404e-01  1.00000000e-03
 4.09177099e-01  1.00000000e-03
 3.42205696e-02  1.00000000e-03
-2.13490737e-01  1.00000000e-03
-1.99692177e-01  1.00000000e-03
 4.62682577e-01  1.00000000e-03
-1.02178651e-01  1.00000000e-03
-1.99888456e-01  1.00000000e-03
-1.80551057e-01  1.00000000e-03
-2.32244865e-01  1.00000000e-03
-6.80979604e-02  1.00000000e-03
-1.81239374e-01  1.00000000e-03
 6.62527507e-02  1.00000000e-03
 4.34827752e-01  1.00000000e-03
 1.95683871e-01  1.00000000e-03
-1.62014813e-01  1.00000000e-03
 1.32462574e-01  1.00000000e-03
-2.34640162e-01  1.00000000e-03
-1.92409646e-01  1.00000000e-03
-1.04562933e-01  1.00000000e-03
-2.09608424e-01  1.00000000e-03
 2.94323607e-01  1.00000000e-03
-1.93755714e-01  1.00000000e-03
 1.55598058e-01  1.00000000e-03
-2.26425644e-01  1.00000000e-03
-1.92565351e-01  1.00000000e-03
-1.99593617e-01  1.00000000e-03
-2.00530992e-01  1.00000000e-03
-1.94809594e-01  1.00000000e-03
-2.15973715e-01  1.00000000e-03
-1.57348484e-01  1.00000000e-03
-1.92588562e-01  1.00000000e-03
-2.01777127e-01  1.00000000e-03
 4.66766333e-01  1.00000000e-03
 1.26722520e-01  1.00000000e-03
-1.63732043e-01  1.00000000e-03
-7.80142716e-02  1.00000000e-03
-2.14559150e-01  1.00000000e-03
-1.89016375e-01  1.00000000e-03
-2.03755020e-01  1.00000000e-03
 2.89449465e-01  1.00000000e-03
-6.41351882e-02  1.00000000e-03
-1.91285899e-01  1.00000000e-03
-1.85276545e-01  1.00000000e-03
-7.53118857e-03  1.00000000e-03
 4.43350393e-01  1.00000000e-03
 1.55991723e-01  1.00000000e-03
-2.29833564e-01  1.00000000e-03
-1.94486781e-01  1.00000000e-03
 4.50057709e-01  1.00000000e-03
-1.27254082e-01  1.00000000e-03
-1.94601275e-01  1.00000000e-03
-2.43512668e-01  1.00000000e-03
-2.43354943e-01  1.00000000e-03
 2.12353511e-01  1.00000000e-03
 2.93106692e-01  1.00000000e-03
 2.31802620e-01  1.00000000e-03
-2.01431065e-01  1.00000000e-03
-1.25183443e-01  1.00000000e-03
-2.25739173e-01  1.00000000e-03
 3.91614399e-01  1.00000000e-03
-1.74652629e-01  1.00000000e-03
-5.94122676e-02  1.00000000e-03
-2.14045023e-01  1.00000000e-03
-1.94218180e-02  1.00000000e-03
 9.65334171e-02  1.00000000e-03
 1.49154247e-01  1.00000000e-03
-2.14462068e-01  1.00000000e-03
-2.16704804e-01  1.00000000e-03
 2.14768300e-01  1.00000000e-03
 3.55953158e-02  1.00000000e-03
-1.44888524e-01  1.00000000e-03
-1.81168769e-01  1.00000000e-03
 4.02597422e-01  1.00000000e-03
-9.41539049e-02  1.00000000e-03
 3.34369746e-01  1.00000000e-03
-1.83034829e-01  1.00000000e-03
-1.93308170e-01  1.00000000e-03
-2.54142706e-01  1.00000000e-03
 4.45779560e-01  1.00000000e-03
 4.59922627e-01  1.00000000e-03
-2.29268336e-01  1.00000000e-03
-7.09401975e-02  1.00000000e-03
 2.54676120e-01  1.00000000e-03
 1.40925974e-01  1.00000000e-03
 4.65281614e-01  1.00000000e-03
 2.25725304e-02  1.00000000e-03
-2.16020673e-01  1.00000000e-03
 2.42460554e-01  1.00000000e-03
-1.68704023e-01  1.00000000e-03
-5.01480429e-02  1.00000000e-03
 4.31478184e-01  1.00000000e-03
 1.35925392e-01  1.00000000e-03
-1.40494712e-01  1.00000000e-03
-4.27479063e-02  1.00000000e-03
-1.99086576e-01  1.00000000e-03
 2.88841160e-01  1.00000000e-03
-1.99971392e-01  1.00000000e-03
-1.64445730e-01  1.00000000e-03
 4.02061563e-01  1.00000000e-03
-2.12845229e-01  1.00000000e-03
-1.39893303e-01  1.00000000e-03
-2.11298828e-01  1.00000000e-03
-1.26550082e-01  1.00000000e-03
-1.63391092e-01  1.00000000e-03
-2.27053034e-01  1.00000000e-03
-5.56723102e-02  1.00000000e-03
-1.87933027e-01  1.00000000e-03
 5.07859200e-02  1.00000000e-03
 4.91282094e-01  1.00000000e-03
-6.06482759e-03  1.00000000e-03
 5.72674382e-02  1.00000000e-03
-1.64013111e-01  1.00000000e-03
 4.35130559e-01  1.00000000e-03
-2.28992394e-01  1.00000000e-03
 1.88342254e-01  1.00000000e-03
-2.08825252e-01  1.00000000e-03
 1.59794799e-01  1.00000000e-03
 4.88632193e-01  1.00000000e-03
 4.77021092e-01  1.00000000e-03
-2.21860641e-01  1.00000000e-03
-2.62939262e-01  1.00000000e-03
 1.21759203e-01  1.00000000e-03
-1.59544673e-01  1.00000000e-03
-2.36786278e-01  1.00000000e-03
-2.07220233e-01  1.00000000e-03
-1.73397769e-01  1.00000000e-03
-2.03315648e-01  1.00000000e-03
 1.86546565e-01  1.00000000e-03
-9.84597091e-02  1.00000000e-03
-2.20477570e-01  1.00000000e-03
 1.99692650e-01  1.00000000e-03
 4.47191479e-01  1.00000000e-03
-1.94673242e-01  1.00000000e-03
 3.01963555e-01  1.00000000e-03
 3.87346750e-01  1.00000000e-03
 4.48462057e-01  1.00000000e-03
 2.03918753e-01  1.00000000e-03
 2.52250547e-01  1.00000000e-03
-6.46142359e-02  1.00000000e-03
 3.22410202e-01  1.00000000e-03
 5.92465167e-03  1.00000000e-03
-4.09789613e-02  1.00000000e-03
 2.60192162e-01  1.00000000e-03
-2.71844832e-02  1.00000000e-03
-2.10754222e-01  1.00000000e-03
-1.87251337e-01  1.00000000e-03
-9.51406599e-03  1.00000000e-03
-1.93437744e-01  1.00000000e-03
-7.37786884e-02  1.00000000e-03
-9.82995011e-02  1.00000000e-03
 4.67273737e-01  1.00000000e-03
 3.50045366e-01  1.00000000e-03
-2.26561095e-01  1.00000000e-03
-2.07097840e-01  1.00000000e-03
-8.37241776e-02  1.00000000e-03
 3.74968108e-01  1.00000000e-03
-9.01244127e-02  1.00000000e-03
-2.20063361e-01  1.00000000e-03
-1.46516249e-01  1.00000000e-03
 3.41441539e-01  1.00000000e-03
 4.81488161e-03  1.00000000e-03
-2.13370167e-01  1.00000000e-03
-1.18376332e-01  1.00000000e-03
-2.03017394e-01  1.00000000e-03
-1.93307320e-01  1.00000000e-03
 3.27941107e-01  1.00000000e-03
-9.91189034e-02  1.00000000e-03
 3.55181396e-01  1.00000000e-03
 3.47017617e-01  1.00000000e-03
 6.19029150e-02  1.00000000e-03
-1.78007813e-01  1.00000000e-03
 4.66755111e-01  1.00000000e-03
 7.49734173e-02  1.00000000e-03
 4.08745387e-01  1.00000000e-03
-1.39373783e-01  1.00000000e-03
 1.59271839e-01  1.00000000e-03
-1.99347971e-01  1.00000000e-03
 1.22811074e-01  1.00000000e-03
-1.91485180e-01  1.00000000e-03
 3.20543165e-01  1.00000000e-03
 3.48636815e-01  1.00000000e-03
 3.05597311e-02  1.00000000e-03
 2.50509714e-01  1.00000000e-03
 3.08902349e-01  1.00000000e-03
-2.25858369e-01  1.00000000e-03
-2.17530266e-01  1.00000000e-03
 1.70563332e-01  1.00000000e-03
 4.18995143e-01  1.00000000e-03
-1.03443826e-01  1.00000000e-03
-1.83805295e-01  1.00000000e-03
 3.60694019e-01  1.00000000e-03
 4.39742422e-01  1.00000000e-03
-2.03302859e-01  1.00000000e-03
-2.31523624e-01  1.00000000e-03
 1.26249533e-01  1.00000000e-03
 8.05444230e-03  1.00000000e-03
-1.89732907e-01  1.00000000e-03
 4.75314733e-01  1.00000000e-03
-1.82013227e-01  1.00000000e-03
-1.42797429e-01  1.00000000e-03
 4.26709976e-01  1.00000000e-03
-2.10640634e-01  1.00000000e-03
-7.35882922e-02  1.00000000e-03
-1.47229587e-01  1.00000000e-03
-2.07632405e-01  1.00000000e-03
-2.06704496e-01  1.00000000e-03
-2.20406188e-01  1.00000000e-03
-5.90927009e-02  1.00000000e-03
-2.08632863e-01  1.00000000e-03
-2.17190054e-01  1.00000000e-03
-1.92061889e-01  1.00000000e-03
-1.82465331e-01  1.00000000e-03
 3.91316956e-01  1.00000000e-03
 7.36603134e-02  1.00000000e-03
 3.87946416e-01  1.00000000e-03
-2.33380799e-01  1.00000000e-03
-2.28315581e-01  1.00000000e-03
-1.14989268e-01  1.00000000e-03
 3.60704677e-02  1.00000000e-03
 4.42971304e-01  1.00000000e-03
-1.91286730e-01  1.00000000e-03
-2.30094336e-01  1.00000000e-03
-1.22938604e-01  1.00000000e-03
 4.33733678e-01  1.00000000e-03
 2.67153937e-01  1.00000000e-03
-1.98147418e-01  1.00000000e-03
 9.12350847e-02  1.00000000e-03
 4.22259625e-01  1.00000000e-03
-1.97531819e-01  1.00000000e-03
-1.04935692e-01  1.00000000e-03
 2.73313133e-01  1.00000000e-03
 3.60648615e-01  1.00000000e-03
-1.95373127e-01  1.00000000e-03
-1.62685419e-01  1.00000000e-03
 2.58129447e-01  1.00000000e-03
 5.09963536e-02  1.00000000e-03
-1.97021759e-01  1.00000000e-03
 2.61565768e-01  1.00000000e-03
-1.55398565e-01  1.00000000e-03
 1.00574206e-01  1.00000000e-03
 2.92216232e-01  1.00000000e-03
-2.20154677e-01  1.00000000e-03
 8.34042627e-02  1.00000000e-03
 1.11421124e-02  1.00000000e-03
-2.44523524e-01  1.00000000e-03
-1.80525064e-01  1.00000000e-03
-1.63224060e-01  1.00000000e-03
-1.60978974e-01  1.00000000e-03
-1.66649320e-01  1.00000000e-03
-2.09353762e-01  1.00000000e-03
-2.28938142e-01  1.00000000e-03
-4.51790556e-02  1.00000000e-03
 2.22279660e-01  1.00000000e-03
-2.06833125e-01  1.00000000e-03
 1.70977654e-01  1.00000000e-03
-2.36095984e-01  1.00000000e-03
 3.25760462e-01  1.00000000e-03
-1.58021251e-01  1.00000000e-03
-2.17447711e-01  1.00000000e-03
-1.70402399e-01  1.00000000e-03
-7.34384132e-02  1.00000000e-03
-1.88724339e-01  1.00000000e-03
-2.18841602e-01  1.00000000e-03
-1.76886031e-01  1.00000000e-03
 4.25430235e-01  1.00000000e-03
 1.78487279e-01  1.00000000e-03
-5.16724471e-02  1.00000000e-03
-2.21427510e-01  1.00000000e-03
 4.39752701e-01  1.00000000e-03
-1.21837661e-01  1.00000000e-03
 7.25068203e-02  1.00000000e-03
-1.23516552e-01  1.00000000e-03
-1.98093227e-01  1.00000000e-03
 4.59889247e-01  1.00000000e-03
-1.30894870e-01  1.00000000e-03
 4.38054347e-01  1.00000000e-03
-1.85467394e-01  1.00000000e-03
-1.78478829e-01  1.00000000e-03
 1.67826434e-01  1.00000000e-03
-2.11388952e-02  1.00000000e-03
-1.64011771e-01  1.00000000e-03
-1.01853102e-01  1.00000000e-03
-8.67734449e-02  1.00000000e-03
 1.39524889e-01  1.00000000e-03
-2.36823106e-01  1.00000000e-03
 4.65531664e-01  1.00000000e-03
-3.42762839e-02  1.00000000e-03
-3.18877157e-02  1.00000000e-03
 4.02281584e-01  1.00000000e-03
 3.11433868e-01  1.00000000e-03
 5.79539208e-02  1.00000000e-03
 4.36621028e-02  1.00000000e-03
-2.22268624e-01  1.00000000e-03
-1.46393261e-01  1.00000000e-03
 4.39141198e-01  1.00000000e-03
-2.00045120e-01  1.00000000e-03
-2.27948636e-01  1.00000000e-03
-2.41656283e-01  1.00000000e-03
-2.23806922e-01  1.00000000e-03
-1.86164252e-01  1.00000000e-03
 3.88386530e-01  1.00000000e-03
-1.19571112e-01  1.00000000e-03
 6.21505817e-02  1.00000000e-03
-1.09635743e-01  1.00000000e-03
 3.94982080e-01  1.00000000e-03
-2.41195657e-01  1.00000000e-03
 1.99706565e-02  1.00000000e-03
-1.62758927e-01  1.00000000e-03
-1.24773253e-01  1.00000000e-03
-2.03118548e-01  1.00000000e-03
-1.38737777e-01  1.00000000e-03
 4.18949080e-01  1.00000000e-03
 3.93552500e-01  1.00000000e-03
 4.78372604e-01  1.00000000e-03
 4.06230402e-01  1.00000000e-03
-2.16549459e-01  1.00000000e-03
 4.77996450e-01  1.00000000e-03
 3.31459380e-01  1.00000000e-03
 3.34086460e-01  1.00000000e-03
 2.15567740e-01  1.00000000e-03
 2.47112188e-01  1.00000000e-03
 4.25910118e-02  1.00000000e-03
-2.29783327e-01  1.00000000e-03
-2.29235448e-01  1.00000000e-03
-1.80820619e-01  1.00000000e-03
 2.74799233e-01  1.00000000e-03
 3.55486100e-01  1.00000000e-03
-2.02759124e-01  1.00000000e-03
-1.66753071e-01  1.00000000e-03
-1.59398642e-01  1.00000000e-03
-1.87334728e-01  1.00000000e-03
-2.37708681e-01  1.00000000e-03
-1.55626038e-01  1.00000000e-03
-1.96700964e-01  1.00000000e-03
-2.10662526e-01  1.00000000e-03
-1.60378713e-01  1.00000000e-03
-2.03348754e-01  1.00000000e-03
 4.65658799e-01  1.00000000e-03
 2.54621353e-01  1.00000000e-03
 6.93896520e-02  1.00000000e-03
-1.16096786e-01  1.00000000e-03
-1.36288393e-01  1.00000000e-03
 4.02100799e-01  1.00000000e-03
 4.54272936e-01  1.00000000e-03
 2.31854966e-01  1.00000000e-03
-2.08462257e-01  1.00000000e-03
-1.61640486e-01  1.00000000e-03
 4.00460599e-01  1.00000000e-03
 2.53516580e-01  1.00000000e-03
 2.34105990e-01  1.00000000e-03
 4.42360535e-01  1.00000000e-03
-2.25261257e-01  1.00000000e-03
 2.61811492e-02  1.00000000e-03
-1.57732101e-01  1.00000000e-03
-1.99493845e-01  1.00000000e-03
-2.26365963e-01  1.00000000e-03
 6.96235026e-02  1.00000000e-03
 1.50150078e-01  1.00000000e-03
-1.21948134e-01  1.00000000e-03
-2.21473078e-01  1.00000000e-03
-2.45422256e-01  1.00000000e-03
-2.24114925e-01  1.00000000e-03
-1.38285011e-01  1.00000000e-03
-1.59995663e-01  1.00000000e-03
-2.64982795e-01  1.00000000e-03
-2.31683783e-01  1.00000000e-03
 3.49082086e-01  1.00000000e-03
-8.63419509e-02  1.00000000e-03
-2.16428080e-01  1.00000000e-03
-1.49414336e-03  1.00000000e-03
-1.99644857e-01  1.00000000e-03
-2.27900438e-01  1.00000000e-03
 2.74589196e-01  1.00000000e-03
 3.90100941e-01  1.00000000e-03
-2.21001988e-01  1.00000000e-03
 4.30344839e-01  1.00000000e-03
 2.97158354e-01  1.00000000e-03
-2.02491103e-01  1.00000000e-03
-2.30028313e-01  1.00000000e-03
-1.84562705e-01  1.00000000e-03
-1.69847714e-01  1.00000000e-03
-2.19782587e-01  1.00000000e-03
 1.22816306e-01  1.00000000e-03
-1.59963296e-01  1.00000000e-03
 4.44708065e-01  1.00000000e-03
-1.85328849e-01  1.00000000e-03
-2.25435772e-01  1.00000000e-03
-1.97531778e-01  1.00000000e-03
-7.09480820e-02  1.00000000e-03
-2.12655177e-01  1.00000000e-03
 4.05517187e-01  1.00000000e-03
-1.67753453e-01  1.00000000e-03
-1.39156417e-02  1.00000000e-03
-2.13905287e-01  1.00000000e-03
-2.33983192e-01  1.00000000e-03
-2.43056701e-02  1.00000000e-03
-2.13802581e-01  1.00000000e-03
-1.85551619e-01  1.00000000e-03
-1.04547886e-01  1.00000000e-03
-2.16624597e-01  1.00000000e-03
-1.46269905e-01  1.00000000e-03
 1.78799964e-01  1.00000000e-03
 4.50446554e-01  1.00000000e-03
 2.65800882e-01  1.00000000e-03
-1.52349533e-01  1.00000000e-03
-1.68611614e-01  1.00000000e-03
 3.14054691e-01  1.00000000e-03
-1.79308033e-01  1.00000000e-03
 3.21630729e-01  1.00000000e-03
 4.21356923e-01  1.00000000e-03
 4.37603061e-03  1.00000000e-03
-2.14020066e-01  1.00000000e-03
-1.70940098e-01  1.00000000e-03
-2.20146571e-01  1.00000000e-03
-2.52101177e-01  1.00000000e-03
-2.43768149e-01  1.00000000e-03
-3.64318296e-03  1.00000000e-03
-1.77852202e-01  1.00000000e-03
-2.13756810e-01  1.00000000e-03
-2.02931906e-01  1.00000000e-03
-1.97237944e-01  1.00000000e-03
-1.91957221e-01  1.00000000e-03
-1.80827573e-01  1.00000000e-03
 1.74283649e-01  1.00000000e-03
-2.02535350e-01  1.00000000e-03
-2.01502577e-01  1.00000000e-03
 4.78313445e-01  1.00000000e-03
 2.27743898e-01  1.00000000e-03
-9.30463070e-02  1.00000000e-03
 4.41513142e-01  1.00000000e-03
-2.09985475e-01  1.00000000e-03
 4.34608565e-01  1.00000000e-03
 5.01738116e-01  1.00000000e-03
-1.88567218e-01  1.00000000e-03
-1.96110552e-01  1.00000000e-03
 5.31913301e-02  1.00000000e-03
-2.32596754e-01  1.00000000e-03
 3.82290422e-01  1.00000000e-03
-2.20312968e-01  1.00000000e-03
 3.67257689e-01  1.00000000e-03
 1.11889059e-01  1.00000000e-03
-1.92763805e-01  1.00000000e-03
 4.72968589e-01  1.00000000e-03
-2.15390583e-01  1.00000000e-03
-4.14296787e-02  1.00000000e-03
-1.21424906e-02  1.00000000e-03
 2.86434053e-01  1.00000000e-03
-2.36568026e-01  1.00000000e-03
-2.28026234e-01  1.00000000e-03
-1.76889700e-01  1.00000000e-03
-1.70778205e-01  1.00000000e-03
-2.31668315e-01  1.00000000e-03
 1.67160072e-02  1.00000000e-03
-1.71866260e-01  1.00000000e-03
-1.95856895e-01  1.00000000e-03
-7.19589771e-03  1.00000000e-03
 4.51806277e-01  1.00000000e-03
-1.27187273e-04  1.00000000e-03
-2.09074507e-01  1.00000000e-03
-1.78396631e-01  1.00000000e-03
 4.68995602e-01  1.00000000e-03
 2.98152558e-01  1.00000000e-03
 6.36177517e-02  1.00000000e-03
-2.17554872e-01  1.00000000e-03
 4.42456043e-01  1.00000000e-03
-8.98519002e-02  1.00000000e-03
 4.09547942e-01  1.00000000e-03
-1.66252829e-01  1.00000000e-03
 4.76744627e-01  1.00000000e-03
-2.25208171e-01  1.00000000e-03
 3.97987196e-01  1.00000000e-03
-2.18383493e-01  1.00000000e-03
-2.09567042e-01  1.00000000e-03
-1.93192842e-01  1.00000000e-03
-2.55206277e-01  1.00000000e-03
-1.67618513e-01  1.00000000e-03
-2.34206350e-01  1.00000000e-03
 2.91960642e-01  1.00000000e-03
 7.36953048e-02  1.00000000e-03
 2.07945063e-01  1.00000000e-03
-2.29740630e-01  1.00000000e-03
 4.69774421e-01  1.00000000e-03
 1.77974605e-01  1.00000000e-03
-3.59239583e-02  1.00000000e-03
 1.10641181e-01  1.00000000e-03
 3.30446785e-01  1.00000000e-03
 4.37738219e-01  1.00000000e-03
-2.30164103e-01  1.00000000e-03
-2.58216589e-02  1.00000000e-03
-1.81090826e-01  1.00000000e-03
-2.05282106e-01  1.00000000e-03
 1.51994349e-01  1.00000000e-03
-2.23920610e-01  1.00000000e-03
-1.40898248e-01  1.00000000e-03
 3.57823151e-01  1.00000000e-03
-1.23676214e-01  1.00000000e-03
-8.48442975e-02  1.00000000e-03
-2.08098489e-01  1.00000000e-03
-1.37594396e-01  1.00000000e-03
 1.50877058e-01  1.00000000e-03
-2.05355447e-01  1.00000000e-03
-1.39225783e-01  1.00000000e-03
 4.02455490e-01  1.00000000e-03
-2.42090564e-01  1.00000000e-03
-2.21727362e-01  1.00000000e-03
-1.89450876e-01  1.00000000e-03
 2.07116369e-01  1.00000000e-03
 2.90384441e-01  1.00000000e-03
 1.39611159e-01  1.00000000e-03
 4.00518178e-01  1.00000000e-03
-1.73034620e-01  1.00000000e-03
-1.88723320e-01  1.00000000e-03
-2.01542393e-01  1.00000000e-03
-7.53863117e-02  1.00000000e-03
-2.40691342e-01  1.00000000e-03
-5.92109432e-02  1.00000000e-03
-1.61982086e-02  1.00000000e-03
 3.12611198e-01  1.00000000e-03
 3.34800899e-01  1.00000000e-03
 4.33165996e-01  1.00000000e-03
-1.94983072e-01  1.00000000e-03
 4.13433974e-02  1.00000000e-03
-2.33636983e-01  1.00000000e-03
-1.21645426e-01  1.00000000e-03
-1.62352412e-01  1.00000000e-03
 6.09972603e-02  1.00000000e-03
 3.42842540e-01  1.00000000e-03
-2.13278501e-01  1.00000000e-03
-1.66078442e-01  1.00000000e-03
-1.86848548e-01  1.00000000e-03
-1.67771679e-02  1.00000000e-03
-2.34138077e-01  1.00000000e-03
-8.08908799e-02  1.00000000e-03
-1.75490621e-01  1.00000000e-03
 2.80312042e-01  1.00000000e-03
-1.75355322e-01  1.00000000e-03
-2.00446903e-01  1.00000000e-03
 3.13989735e-01  1.00000000e-03
 2.47321684e-01  1.00000000e-03
-1.58478848e-01  1.00000000e-03
-1.68736066e-01  1.00000000e-03
-2.38368227e-01  1.00000000e-03
-1.95057011e-01  1.00000000e-03
 4.96020320e-01  1.00000000e-03
 1.20604145e-01  1.00000000e-03
-2.21146045e-02  1.00000000e-03
-1.02688963e-01  1.00000000e-03
-1.74670998e-01  1.00000000e-03
-1.85917953e-01  1.00000000e-03
-1.69287334e-01  1.00000000e-03
-2.07477678e-01  1.00000000e-03
 2.28089944e-01  1.00000000e-03
 4.75414830e-02  1.00000000e-03
-2.22770805e-01  1.00000000e-03
 4.06302720e-01  1.00000000e-03
-1.69452466e-01  1.00000000e-03
-2.04234485e-01  1.00000000e-03
-1.68502638e-01  1.00000000e-03
 4.32710191e-01  1.00000000e-03
 1.47120389e-01  1.00000000e-03
-7.72367132e-02  1.00000000e-03
-2.04445621e-01  1.00000000e-03
-9.47691266e-02  1.00000000e-03
 4.98885217e-01  1.00000000e-03
 5.07140448e-01  1.00000000e-03
 4.32296360e-01  1.00000000e-03
-1.75394419e-01  1.00000000e-03
-6.83190109e-02  1.00000000e-03
 2.48631381e-01  1.00000000e-03
-2.09204300e-01  1.00000000e-03
-1.81450026e-01  1.00000000e-03
-2.06499040e-01  1.00000000e-03
-2.29865112e-01  1.00000000e-03
-1.57591841e-01  1.00000000e-03
-1.93081815e-01  1.00000000e-03
-2.49568997e-01  1.00000000e-03
 5.04061299e-01  1.00000000e-03
-1.84953486e-01  1.00000000e-03
 1.81330042e-01  1.00000000e-03
-2.19183789e-01  1.00000000e-03
 4.40303041e-01  1.00000000e-03
-2.74603610e-02  1.00000000e-03
-2.11723833e-01  1.00000000e-03
-1.95656568e-01  1.00000000e-03
-2.06812189e-01  1.00000000e-03
 3.47934771e-01  1.00000000e-03
 4.05135555e-01  1.00000000e-03
-2.13537839e-01  1.00000000e-03
 6.79282076e-02  1.00000000e-03
-1.78015741e-01  1.00000000e-03
 4.19947085e-01  1.00000000e-03
 4.07211757e-01  1.00000000e-03
 4.52814969e-01  1.00000000e-03
-1.25962575e-01  1.00000000e-03
 4.69341842e-01  1.00000000e-03
 4.54569693e-01  1.00000000e-03
 9.20095127e-02  1.00000000e-03
-1.16730421e-01  1.00000000e-03
 3.55251400e-01  1.00000000e-03
-1.57187604e-01  1.00000000e-03
-2.17881288e-01  1.00000000e-03
-2.06023804e-01  1.00000000e-03
-1.50603603e-02  1.00000000e-03
-1.02461440e-01  1.00000000e-03
-1.58229609e-01  1.00000000e-03
-2.06104213e-01  1.00000000e-03
 3.88342549e-01  1.00000000e-03
 3.40685291e-01  1.00000000e-03
-1.36179518e-01  1.00000000e-03
-1.84874581e-01  1.00000000e-03
 3.15789680e-02  1.00000000e-03
-1.95373705e-01  1.00000000e-03
-1.69417373e-01  1.00000000e-03
-8.72739800e-02  1.00000000e-03
-2.23951572e-01  1.00000000e-03
-2.24432895e-01  1.00000000e-03
-2.17427870e-01  1.00000000e-03
-2.47404983e-01  1.00000000e-03
 4.08080420e-01  1.00000000e-03
 2.45445569e-01  1.00000000e-03
-1.37114050e-01  1.00000000e-03
 8.50033194e-02  1.00000000e-03
-1.98366050e-01  1.00000000e-03
 3.34029151e-02  1.00000000e-03
-1.92545853e-01  1.00000000e-03
-1.85701536e-01  1.00000000e-03
-1.99383156e-01  1.00000000e-03
 4.65001830e-01  1.00000000e-03
-1.45918832e-01  1.00000000e-03
 4.22003035e-01  1.00000000e-03
 3.78384692e-01  1.00000000e-03
-1.97985732e-01  1.00000000e-03
 1.58994992e-01  1.00000000e-03
-2.06971461e-01  1.00000000e-03
-2.23742427e-01  1.00000000e-03
-2.21867943e-01  1.00000000e-03
-1.55908484e-01  1.00000000e-03
-5.82232556e-02  1.00000000e-03
-6.03077236e-02  1.00000000e-03
 4.23455408e-01  1.00000000e-03
 5.09435988e-01  1.00000000e-03
 4.35198712e-01  1.00000000e-03
 1.64328164e-01  1.00000000e-03
 3.58793134e-01  1.00000000e-03
 4.51193758e-01  1.00000000e-03
 3.69797885e-01  1.00000000e-03
-1.67424104e-01  1.00000000e-03
 4.77794042e-01  1.00000000e-03
-2.14538777e-01  1.00000000e-03
 1.16012732e-01  1.00000000e-03
-1.17597324e-01  1.00000000e-03
-2.14693990e-01  1.00000000e-03
 3.36828055e-01  1.00000000e-03
-1.98963676e-01  1.00000000e-03
-2.10861522e-01  1.00000000e-03
-1.81578318e-01  1.00000000e-03
 3.91202775e-01  1.00000000e-03
 2.56690556e-01  1.00000000e-03
-2.39717444e-01  1.00000000e-03
 4.77003776e-01  1.00000000e-03
-2.25730486e-01  1.00000000e-03
 1.95745235e-01  1.00000000e-03
-1.56324742e-01  1.00000000e-03
 4.31782757e-01  1.00000000e-03
-7.42318333e-02  1.00000000e-03
-7.52962870e-02  1.00000000e-03
-2.25379782e-01  1.00000000e-03
-1.95816151e-01  1.00000000e-03
-2.38225385e-01  1.00000000e-03
-5.91735714e-02  1.00000000e-03
-1.89448356e-01  1.00000000e-03
-1.91941370e-01  1.00000000e-03
-1.76176644e-01  1.00000000e-03
-1.66183537e-01  1.00000000e-03
 4.10612263e-01  1.00000000e-03
-1.84842283e-01  1.00000000e-03
-1.88024791e-01  1.00000000e-03
 2.17165831e-01  1.00000000e-03
-2.09296692e-01  1.00000000e-03
 4.06466123e-01  1.00000000e-03
 4.38247432e-01  1.00000000e-03
-1.99007769e-01  1.00000000e-03
-1.82739801e-01  1.00000000e-03
 1.70849489e-01  1.00000000e-03
-2.03514162e-01  1.00000000e-03
-1.22833198e-01  1.00000000e-03
 3.49751044e-01  1.00000000e-03
 3.69194061e-01  1.00000000e-03
-7.31507982e-02  1.00000000e-03
 2.14335854e-01  1.00000000e-03
-1.26628652e-01  1.00000000e-03
-1.77136090e-01  1.00000000e-03
 5.54888678e-03  1.00000000e-03
 3.55328851e-01  1.00000000e-03
 4.23368896e-01  1.00000000e-03
 2.57843818e-01  1.00000000e-03
 4.97830941e-02  1.00000000e-03
-1.94806203e-01  1.00000000e-03
-2.04585864e-02  1.00000000e-03
-1.96496757e-01  1.00000000e-03
 3.90325121e-01  1.00000000e-03
-1.91059014e-01  1.00000000e-03
 3.88608924e-01  1.00000000e-03
-1.93480087e-01  1.00000000e-03
-1.39500770e-01  1.00000000e-03
 6.59726826e-02  1.00000000e-03
 3.12106021e-01  1.00000000e-03
 4.44014199e-01  1.00000000e-03
-1.71746771e-01  1.00000000e-03
 3.90816162e-01  1.00000000e-03
-1.97075090e-01  1.00000000e-03
-2.22784220e-01  1.00000000e-03
-2.26727647e-01  1.00000000e-03
-2.13077165e-01  1.00000000e-03
-2.20756435e-01  1.00000000e-03
 6.75560697e-02  1.00000000e-03
 4.52773387e-01  1.00000000e-03
 4.58344848e-01  1.00000000e-03
 4.17783658e-01  1.00000000e-03
 2.54488296e-01  1.00000000e-03
 2.04739388e-01  1.00000000e-03
 2.71693265e-01  1.00000000e-03
-2.16399577e-01  1.00000000e-03
-5.09599129e-02  1.00000000e-03
-1.18382916e-01  1.00000000e-03
-1.74577376e-01  1.00000000e-03
-2.25427837e-01  1.00000000e-03
 4.28574633e-01  1.00000000e-03
-2.16777635e-01  1.00000000e-03
-2.18482959e-01  1.00000000e-03
-1.85374158e-01  1.00000000e-03
-5.88816058e-02  1.00000000e-03
-2.19781146e-01  1.00000000e-03
-9.55518607e-02  1.00000000e-03
-2.01896606e-01  1.00000000e-03
-2.41335428e-02  1.00000000e-03
 1.91234722e-01  1.00000000e-03
-1.96464444e-01  1.00000000e-03
-2.39673203e-01  1.00000000e-03
-2.24851463e-01  1.00000000e-03
-1.68052057e-01  1.00000000e-03
 2.69887490e-01  1.00000000e-03
-2.13511880e-01  1.00000000e-03
-9.99975987e-02  1.00000000e-03
-2.05970832e-01  1.00000000e-03
 9.39832202e-02  1.00000000e-03
-1.99947967e-01  1.00000000e-03
-2.14433978e-01  1.00000000e-03
-1.88591157e-01  1.00000000e-03
 4.35863859e-01  1.00000000e-03
 2.36416639e-01  1.00000000e-03
-2.20873126e-01  1.00000000e-03
 4.01944008e-01  1.00000000e-03
-2.17481613e-01  1.00000000e-03
 5.02777995e-01  1.00000000e-03
-1.74847794e-01  1.00000000e-03
 1.70131184e-01  1.00000000e-03
-2.19326183e-01  1.00000000e-03
 9.05525660e-02  1.00000000e-03
 1.12308425e-01  1.00000000e-03
 2.04645708e-01  1.00000000e-03
 3.97921400e-01  1.00000000e-03
-2.19371456e-01  1.00000000e-03
-2.22572628e-01  1.00000000e-03
-1.15818801e-01  1.00000000e-03
 4.20655833e-01  1.00000000e-03
 4.45882112e-01  1.00000000e-03
-2.06501836e-01  1.00000000e-03
-1.38697229e-01  1.00000000e-03
 4.70018641e-01  1.00000000e-03
-1.61358180e-01  1.00000000e-03
-1.50890228e-01  1.00000000e-03
-1.78297845e-01  1.00000000e-03
-1.70539291e-01  1.00000000e-03
 2.54874489e-01  1.00000000e-03
 4.63990454e-01  1.00000000e-03
-1.07212420e-01  1.00000000e-03
 4.60970160e-01  1.00000000e-03
-1.91513912e-01  1.00000000e-03
-2.07899809e-01  1.00000000e-03
-2.04401584e-01  1.00000000e-03
-1.96954370e-01  1.00000000e-03
-1.48013345e-01  1.00000000e-03
 3.34111891e-04  1.00000000e-03
 4.24302263e-01  1.00000000e-03
 4.29711523e-01  1.00000000e-03
-2.27965711e-01  1.00000000e-03
 4.10018297e-01  1.00000000e-03
 4.35528069e-01  1.00000000e-03
 5.08010856e-01  1.00000000e-03
 3.12640813e-01  1.00000000e-03
-2.29889446e-01  1.00000000e-03
-2.05885475e-01  1.00000000e-03
-2.42410490e-01  1.00000000e-03
-2.27327216e-01  1.00000000e-03
-2.12769978e-02  1.00000000e-03
 3.24264558e-01  1.00000000e-03
-1.63848119e-01  1.00000000e-03
-2.01123433e-01  1.00000000e-03
 1.61368080e-01  1.00000000e-03
-1.95240151e-01  1.00000000e-03
-2.29730239e-01  1.00000000e-03
 4.41398415e-01  1.00000000e-03
-2.02874168e-01  1.00000000e-03
-1.07279521e-01  1.00000000e-03
-9.03531337e-02  1.00000000e-03
-1.49387855e-01  1.00000000e-03
 4.83005234e-02  1.00000000e-03
-2.05347433e-01  1.00000000e-03
 4.01064513e-01  1.00000000e-03
 4.04255269e-01  1.00000000e-03
-9.91214195e-02  1.00000000e-03
 3.79236495e-02  1.00000000e-03
-1.92586626e-01  1.00000000e-03
-1.06022806e-02  1.00000000e-03
 4.43694963e-01  1.00000000e-03
