            100  1.52044999e-04
            400  7.65210998e-04
           1000  1.28155999e-03
            100  2.08455000e-04
            100  2.20235000e-04
            100  1.62103999e-04
            100  1.63222999e-04
            400  6.52945000e-04
            400  6.07848996e-04
            400  6.44224998e-04
            400  5.86153996e-04
           1000  1.50433601e-03
           1000  1.46095200e-03
           1000  1.44394200e-03
           4000  6.27914099e-03
           4000  5.36966803e-03
           4000  5.89680196e-03
           4000  5.30019702e-03
           4000  5.69864898e-03
          10000  1.69142980e-02
          10000  1.32581319e-02
          10000  1.46431140e-02
          10000  1.37504300e-02
          10000  1.35876880e-02
         100000  1.68969865e-01
         100000  1.49163931e-01
         100000  1.73803557e-01
         100000  1.48581056e-01
         100000  1.56256442e-01
         100000  1.49680493e-01
          10000  1.33469039e-02
          10000  1.38570869e-02
          10000  1.57110430e-02
          10000  1.52590210e-02
          10000  1.53388270e-02
          10000  1.48574010e-02
          10000  1.45864530e-02
          10000  1.48737720e-02
          10000  1.43808450e-02
          10000  1.73763839e-02
           4000  5.05326900e-03
           4000  5.07469298e-03
            100  2.02808001e-04
            400  5.74126000e-04
          10000  1.28682130e-02
           1000  1.24301499e-03
           1000  1.26595299e-03
           4000  5.02021702e-03
           4000  5.11629800e-03
         100000  1.34473703e-01
           4000  5.06091101e-03
         100000  1.36432405e-01
           4000  4.98661800e-03
          10000  1.83816150e-02
         100000  2.05397678e-01
            100  1.27981999e-04
            100  3.22340002e-04
            100  3.09178001e-04
         100000  1.35124572e-01
          10000  1.86848620e-02
           4000  6.62256900e-03
           4000  5.04794500e-03
