-2.36687688e-01  1.00000000e-03
 3.48235446e-01  1.00000000e-03
-4.34658276e-02  1.00000000e-03
 4.47427675e-01  1.00000000e-03
-7.57141493e-02  1.00000000e-03
 1.19589946e-01  1.00000000e-03
-3.09514717e-01  1.00000000e-03
 3.76585746e-01  1.00000000e-03
 3.97384818e-01  1.00000000e-03
 4.40826541e-01  1.00000000e-03
 4.71654994e-01  1.00000000e-03
-2.07422740e-01  1.00000000e-03
-1.75019026e-01  1.00000000e-03
-2.40435490e-01  1.00000000e-03
-2.01145044e-01  1.00000000e-03
-2.18065636e-01  1.00000000e-03
-3.60728525e-01  1.00000000e-03
 2.05198340e-02  1.00000000e-03
 6.45766724e-02  1.00000000e-03
-2.68624313e-01  1.00000000e-03
 2.12478476e-01  1.00000000e-03
-3.98230990e-01  1.00000000e-03
-1.63875822e-01  1.00000000e-03
-1.16984658e-01  1.00000000e-03
 1.18245209e-01  1.00000000e-03
 3.17723818e-01  1.00000000e-03
 2.37366829e-01  1.00000000e-03
-5.28876290e-02  1.00000000e-03
 1.80248585e-01  1.00000000e-03
-1.94325673e-01  1.00000000e-03
 3.39204640e-02  1.00000000e-03
 4.73022442e-01  1.00000000e-03
 4.39512956e-01  1.00000000e-03
-2.81055012e-01  1.00000000e-03
-1.96931102e-02  1.00000000e-03
 2.05023288e-01  1.00000000e-03
 8.07295150e-02  1.00000000e-03
 3.15520889e-01  1.00000000e-03
 5.09385388e-01  1.00000000e-03
 2.11050663e-01  1.00000000e-03
 9.12765761e-02  1.00000000e-03
-3.29639337e-01  1.00000000e-03
 6.60746684e-02  1.00000000e-03
-1.15466743e-02  1.00000000e-03
 4.56762793e-01  1.00000000e-03
-1.61743839e-01  1.00000000e-03
-2.71777550e-02  1.00000000e-03
-1.87809768e-01  1.00000000e-03
-1.36337951e-01  1.00000000e-03
-2.70395957e-03  1.00000000e-03
-3.65688176e-01  1.00000000e-03
-3.66516062e-01  1.00000000e-03
-2.51008122e-01  1.00000000e-03
 2.09055496e-01  1.00000000e-03
 8.93371566e-02  1.00000000e-03
-1.10901129e-01  1.00000000e-03
-2.63959201e-02  1.00000000e-03
 1.29446738e-01  1.00000000e-03
 3.79001484e-01  1.00000000e-03
 2.42348559e-01  1.00000000e-03
-2.05868644e-01  1.00000000e-03
-3.15121487e-01  1.00000000e-03
-2.32784776e-02  1.00000000e-03
 4.81275143e-01  1.00000000e-03
-2.80273983e-01  1.00000000e-03
-9.41174860e-02  1.00000000e-03
 1.46693414e-01  1.00000000e-03
-3.64033493e-01  1.00000000e-03
 6.35930444e-02  1.00000000e-03
 1.25719290e-01  1.00000000e-03
-4.02037300e-02  1.00000000e-03
-2.32954748e-01  1.00000000e-03
 4.48754565e-01  1.00000000e-03
-2.99163148e-01  1.00000000e-03
-2.69397067e-01  1.00000000e-03
 4.14958090e-02  1.00000000e-03
-1.45072450e-01  1.00000000e-03
-1.73418825e-01  1.00000000e-03
 8.42737547e-02  1.00000000e-03
 8.89889889e-02  1.00000000e-03
 2.41287009e-01  1.00000000e-03
 6.79314692e-02  1.00000000e-03
 9.78669046e-02  1.00000000e-03
-9.58514985e-02  1.00000000e-03
 2.97109506e-01  1.00000000e-03
-1.70497977e-01  1.00000000e-03
 8.73902842e-02  1.00000000e-03
 2.44261017e-01  1.00000000e-03
-1.36106414e-01  1.00000000e-03
-3.86490652e-01  1.00000000e-03
 4.95213871e-01  1.00000000e-03
-6.67071925e-02  1.00000000e-03
-2.55574362e-01  1.00000000e-03
 6.48538376e-02  1.00000000e-03
-3.01544768e-01  1.00000000e-03
-1.51926286e-01  1.00000000e-03
 1.52701395e-01  1.00000000e-03
 9.80969052e-02  1.00000000e-03
 1.44234585e-01  1.00000000e-03
-2.60161378e-01  1.00000000e-03
 2.57961502e-01  1.00000000e-03
-1.39313165e-01  1.00000000e-03
-2.24044699e-01  1.00000000e-03
 2.23633353e-01  1.00000000e-03
-3.73152055e-01  1.00000000e-03
 5.42225482e-02  1.00000000e-03
-2.84968190e-01  1.00000000e-03
 3.04070348e-02  1.00000000e-03
 7.19281151e-02  1.00000000e-03
 3.11138432e-01  1.00000000e-03
 9.28939052e-02  1.00000000e-03
 4.11723052e-02  1.00000000e-03
 7.35267888e-02  1.00000000e-03
 9.23703261e-02  1.00000000e-03
 3.52879309e-01  1.00000000e-03
 6.80910662e-02  1.00000000e-03
 4.22636082e-01  1.00000000e-03
-4.53188550e-02  1.00000000e-03
 2.00461795e-01  1.00000000e-03
-8.93403465e-02  1.00000000e-03
 3.00318033e-01  1.00000000e-03
 1.65789095e-01  1.00000000e-03
 4.18793688e-01  1.00000000e-03
-2.99956533e-01  1.00000000e-03
 4.64851871e-01  1.00000000e-03
 5.41662932e-02  1.00000000e-03
-3.21556348e-01  1.00000000e-03
 4.52748613e-01  1.00000000e-03
 3.70582482e-01  1.00000000e-03
 4.74392172e-01  1.00000000e-03
-1.90398351e-01  1.00000000e-03
 3.23265400e-01  1.00000000e-03
 5.14901158e-02  1.00000000e-03
-2.05399664e-01  1.00000000e-03
 2.94980083e-01  1.00000000e-03
 1.72437891e-01  1.00000000e-03
-1.04417752e-02  1.00000000e-03
-3.82313043e-01  1.00000000e-03
 3.01391386e-01  1.00000000e-03
-5.24966441e-02  1.00000000e-03
 4.25208512e-01  1.00000000e-03
 2.75132026e-01  1.00000000e-03
 4.02438630e-02  1.00000000e-03
-2.89681417e-01  1.00000000e-03
 2.71041595e-01  1.00000000e-03
 3.54045314e-01  1.00000000e-03
-1.85779380e-01  1.00000000e-03
-3.78976982e-01  1.00000000e-03
 2.96043836e-01  1.00000000e-03
 1.90265802e-01  1.00000000e-03
-2.65538934e-01  1.00000000e-03
-6.95920566e-02  1.00000000e-03
 4.91007941e-01  1.00000000e-03
-3.07118759e-01  1.00000000e-03
-1.82022028e-01  1.00000000e-03
 4.77138487e-01  1.00000000e-03
-1.77217340e-01  1.00000000e-03
-1.95918997e-01  1.00000000e-03
 3.96144597e-01  1.00000000e-03
 4.98029459e-01  1.00000000e-03
-3.10314303e-01  1.00000000e-03
 3.58729554e-01  1.00000000e-03
 3.43623732e-01  1.00000000e-03
 7.90800035e-02  1.00000000e-03
-1.69472594e-02  1.00000000e-03
-5.56788731e-02  1.00000000e-03
 2.93918245e-01  1.00000000e-03
-3.27209927e-01  1.00000000e-03
 1.38885740e-01  1.00000000e-03
 3.51395614e-02  1.00000000e-03
 2.66982027e-01  1.00000000e-03
-2.10075624e-02  1.00000000e-03
-1.29640861e-01  1.00000000e-03
 4.35585429e-01  1.00000000e-03
-3.84818614e-01  1.00000000e-03
-3.90676461e-01  1.00000000e-03
-2.67852121e-01  1.00000000e-03
 4.14970725e-01  1.00000000e-03
-8.13684212e-02  1.00000000e-03
 1.60529970e-01  1.00000000e-03
 3.93670474e-01  1.00000000e-03
-1.97011473e-02  1.00000000e-03
-4.23244127e-02  1.00000000e-03
 3.35630197e-01  1.00000000e-03
 3.47079508e-01  1.00000000e-03
-1.06187311e-01  1.00000000e-03
-2.74045345e-01  1.00000000e-03
 4.47229829e-02  1.00000000e-03
 4.50083682e-01  1.00000000e-03
 1.39316987e-02  1.00000000e-03
-3.27347400e-02  1.00000000e-03
-7.75843090e-03  1.00000000e-03
-3.64860653e-01  1.00000000e-03
 1.07498569e-01  1.00000000e-03
-1.53073968e-01  1.00000000e-03
 2.15402528e-02  1.00000000e-03
 3.87521890e-01  1.00000000e-03
 4.81302212e-02  1.00000000e-03
-8.79059216e-02  1.00000000e-03
-2.16054882e-01  1.00000000e-03
-3.72321314e-01  1.00000000e-03
 2.67826853e-02  1.00000000e-03
 1.96375455e-01  1.00000000e-03
-2.60927888e-01  1.00000000e-03
-6.09173345e-03  1.00000000e-03
-2.14567516e-01  1.00000000e-03
 6.96572696e-02  1.00000000e-03
-3.41842715e-01  1.00000000e-03
-1.73813587e-01  1.00000000e-03
 5.75297242e-02  1.00000000e-03
-7.26891406e-02  1.00000000e-03
-1.07751061e-01  1.00000000e-03
-2.87322454e-01  1.00000000e-03
 4.98913842e-02  1.00000000e-03
-1.34417754e-01  1.00000000e-03
-4.73963900e-02  1.00000000e-03
 4.62146489e-01  1.00000000e-03
 2.34788384e-01  1.00000000e-03
 1.24930624e-01  1.00000000e-03
 6.29597618e-02  1.00000000e-03
-2.84184490e-01  1.00000000e-03
 2.39644976e-02  1.00000000e-03
-2.34446146e-01  1.00000000e-03
-1.50239035e-01  1.00000000e-03
 9.10031129e-03  1.00000000e-03
-4.49563575e-02  1.00000000e-03
 5.27632865e-02  1.00000000e-03
-1.18100266e-01  1.00000000e-03
 4.12432838e-01  1.00000000e-03
-1.04346775e-01  1.00000000e-03
-3.55782225e-01  1.00000000e-03
-1.44470284e-02  1.00000000e-03
 4.27789639e-01  1.00000000e-03
-2.36267338e-02  1.00000000e-03
-2.02270504e-01  1.00000000e-03
-3.89838652e-01  1.00000000e-03
-3.89001165e-01  1.00000000e-03
-3.82997437e-02  1.00000000e-03
 1.72122216e-01  1.00000000e-03
 1.38623788e-01  1.00000000e-03
-1.19605113e-01  1.00000000e-03
-1.39657474e-01  1.00000000e-03
-3.39394659e-01  1.00000000e-03
 3.16621377e-01  1.00000000e-03
 5.06148305e-02  1.00000000e-03
 7.35636593e-02  1.00000000e-03
-2.79493494e-01  1.00000000e-03
 2.55293043e-02  1.00000000e-03
 1.00098712e-01  1.00000000e-03
-1.21451164e-01  1.00000000e-03
-2.82618682e-01  1.00000000e-03
-2.92833916e-01  1.00000000e-03
-7.34457562e-02  1.00000000e-03
 2.07049613e-01  1.00000000e-03
 1.32855110e-01  1.00000000e-03
 3.95055529e-02  1.00000000e-03
 3.33364244e-01  1.00000000e-03
 2.39329624e-01  1.00000000e-03
 2.65971973e-01  1.00000000e-03
-3.37043053e-03  1.00000000e-03
 2.94823612e-02  1.00000000e-03
-3.96550018e-01  1.00000000e-03
 4.20072323e-01  1.00000000e-03
 4.44780568e-01  1.00000000e-03
-3.52492250e-01  1.00000000e-03
-4.86234123e-02  1.00000000e-03
 4.53014238e-02  1.00000000e-03
 1.20874716e-01  1.00000000e-03
 4.55422491e-01  1.00000000e-03
 4.63363825e-02  1.00000000e-03
-2.88108255e-01  1.00000000e-03
-2.03837652e-01  1.00000000e-03
-1.72011797e-03  1.00000000e-03
-5.44831382e-02  1.00000000e-03
 3.77792582e-01  1.00000000e-03
 2.14226463e-01  1.00000000e-03
 2.27851147e-02  1.00000000e-03
-1.49659971e-01  1.00000000e-03
-1.46512900e-01  1.00000000e-03
 1.52995420e-01  1.00000000e-03
 2.32837175e-01  1.00000000e-03
-8.25130495e-02  1.00000000e-03
 3.28856121e-01  1.00000000e-03
-2.70944260e-01  1.00000000e-03
-9.41191684e-02  1.00000000e-03
-2.66309431e-01  1.00000000e-03
 1.64804516e-01  1.00000000e-03
-1.37892799e-01  1.00000000e-03
-3.44294385e-01  1.00000000e-03
 1.57247825e-01  1.00000000e-03
-1.31507304e-01  1.00000000e-03
 1.84283799e-01  1.00000000e-03
 4.93809570e-01  1.00000000e-03
-5.76011363e-02  1.00000000e-03
 7.08787354e-02  1.00000000e-03
-1.72134093e-01  1.00000000e-03
 3.88747420e-01  1.00000000e-03
-3.50849562e-01  1.00000000e-03
-3.96567025e-02  1.00000000e-03
-2.54811874e-01  1.00000000e-03
-6.48748695e-02  1.00000000e-03
 4.92407595e-01  1.00000000e-03
 4.84044404e-01  1.00000000e-03
-3.22362699e-01  1.00000000e-03
-3.99071937e-01  1.00000000e-03
-4.36264202e-02  1.00000000e-03
 3.27615032e-02  1.00000000e-03
-3.75646376e-01  1.00000000e-03
-2.48732852e-01  1.00000000e-03
 1.46148068e-01  1.00000000e-03
-2.29978843e-01  1.00000000e-03
 1.01921661e-01  1.00000000e-03
-1.60641580e-01  1.00000000e-03
-3.15924279e-01  1.00000000e-03
 2.85276841e-02  1.00000000e-03
 4.23921212e-01  1.00000000e-03
-2.87871011e-02  1.00000000e-03
 5.23662449e-02  1.00000000e-03
 3.03543869e-01  1.00000000e-03
 4.26497987e-01  1.00000000e-03
-1.80105615e-02  1.00000000e-03
-1.33032836e-01  1.00000000e-03
 2.04509777e-01  1.00000000e-03
 2.58955955e-01  1.00000000e-03
-2.11553844e-01  1.00000000e-03
 1.88928386e-01  1.00000000e-03
-2.20405248e-01  1.00000000e-03
 8.55962640e-02  1.00000000e-03
-2.63999642e-01  1.00000000e-03
-1.58083314e-01  1.00000000e-03
-1.86200827e-01  1.00000000e-03
-1.66827304e-01  1.00000000e-03
 1.88224009e-01  1.00000000e-03
 2.17050090e-01  1.00000000e-03
 4.63498050e-01  1.00000000e-03
 2.80288279e-01  1.00000000e-03
-3.42659538e-01  1.00000000e-03
-2.47975599e-01  1.00000000e-03
-9.25726004e-02  1.00000000e-03
 2.98177095e-01  1.00000000e-03
-3.50331905e-02  1.00000000e-03
-3.11114352e-01  1.00000000e-03
-1.96357670e-01  1.00000000e-03
 2.73082961e-01  1.00000000e-03
-1.65539339e-03  1.00000000e-03
-2.73269239e-01  1.00000000e-03
-1.37731866e-01  1.00000000e-03
-2.04303829e-01  1.00000000e-03
-8.44481998e-02  1.00000000e-03
 2.60950809e-01  1.00000000e-03
 4.33167060e-02  1.00000000e-03
 2.83405002e-01  1.00000000e-03
 2.76159442e-01  1.00000000e-03
 1.26964922e-01  1.00000000e-03
-1.54761181e-01  1.00000000e-03
 4.60797186e-01  1.00000000e-03
 2.21642336e-01  1.00000000e-03
 3.45925578e-01  1.00000000e-03
 1.36702913e-01  1.00000000e-03
-7.88876534e-02  1.00000000e-03
 1.74143266e-01  1.00000000e-03
-1.62260740e-01  1.00000000e-03
 3.91913237e-02  1.00000000e-03
 2.59952426e-01  1.00000000e-03
 2.78220029e-01  1.00000000e-03
 1.49308291e-01  1.00000000e-03
-1.83313277e-01  1.00000000e-03
 2.03021358e-01  1.00000000e-03
-3.40210274e-01  1.00000000e-03
-2.97577853e-01  1.00000000e-03
 1.56568052e-01  1.00000000e-03
 3.57555456e-01  1.00000000e-03
-1.29486051e-02  1.00000000e-03
 9.43185052e-02  1.00000000e-03
 2.90744210e-01  1.00000000e-03
 4.02366827e-01  1.00000000e-03
-2.28494004e-01  1.00000000e-03
-3.61554214e-01  1.00000000e-03
 5.65295718e-02  1.00000000e-03
 3.07116639e-02  1.00000000e-03
-1.55138720e-01  1.00000000e-03
 4.78515078e-01  1.00000000e-03
-7.41340380e-02  1.00000000e-03
-2.25528055e-01  1.00000000e-03
 3.71779021e-01  1.00000000e-03
-2.62462625e-01  1.00000000e-03
 7.52757392e-02  1.00000000e-03
-2.21862048e-01  1.00000000e-03
-2.50249115e-01  1.00000000e-03
-2.43444434e-01  1.00000000e-03
-3.14319148e-01  1.00000000e-03
-1.76686554e-01  1.00000000e-03
-2.54049964e-01  1.00000000e-03
-2.94413220e-01  1.00000000e-03
-1.56798812e-01  1.00000000e-03
-2.16571388e-01  1.00000000e-03
 3.14422352e-01  1.00000000e-03
 1.63902211e-01  1.00000000e-03
 3.04623004e-01  1.00000000e-03
-3.68172918e-01  1.00000000e-03
-3.49208420e-01  1.00000000e-03
 9.04824992e-02  1.00000000e-03
 2.53150376e-02  1.00000000e-03
 4.11167112e-01  1.00000000e-03
-7.99667381e-02  1.00000000e-03
-3.59078261e-01  1.00000000e-03
-1.65198322e-01  1.00000000e-03
 3.85077090e-01  1.00000000e-03
-9.91040152e-02  1.00000000e-03
-2.49792501e-02  1.00000000e-03
-7.17196976e-02  1.00000000e-03
 3.64630516e-01  1.00000000e-03
 5.54465236e-02  1.00000000e-03
 1.33251978e-01  1.00000000e-03
 1.07222335e-01  1.00000000e-03
 2.87587377e-01  1.00000000e-03
-2.26274245e-01  1.00000000e-03
-1.97971310e-01  1.00000000e-03
 2.31522465e-01  1.00000000e-03
-8.39316609e-02  1.00000000e-03
 2.49094574e-01  1.00000000e-03
 1.70492470e-01  1.00000000e-03
 4.39940564e-02  1.00000000e-03
-1.09182319e-01  1.00000000e-03
-1.80417496e-01  1.00000000e-03
-3.12715834e-01  1.00000000e-03
 1.92321472e-01  1.00000000e-03
 1.84451056e-02  1.00000000e-03
-3.92353040e-01  1.00000000e-03
-4.98860214e-02  1.00000000e-03
-1.87413541e-01  1.00000000e-03
 2.10501663e-01  1.00000000e-03
-5.38119039e-02  1.00000000e-03
-2.58630074e-01  1.00000000e-03
-3.50028797e-01  1.00000000e-03
-2.22558719e-01  1.00000000e-03
 1.61232711e-01  1.00000000e-03
-2.46462853e-01  1.00000000e-03
 2.51052951e-01  1.00000000e-03
-3.73983146e-01  1.00000000e-03
 2.62953445e-01  1.00000000e-03
-2.10504123e-01  1.00000000e-03
-2.95994538e-01  1.00000000e-03
-7.91382925e-02  1.00000000e-03
 1.62037777e-01  1.00000000e-03
 1.44783855e-01  1.00000000e-03
-3.03930752e-01  1.00000000e-03
 2.25014573e-01  1.00000000e-03
 3.69387994e-01  1.00000000e-03
-1.53519040e-01  1.00000000e-03
 1.10886196e-01  1.00000000e-03
-3.19139938e-01  1.00000000e-03
 4.03617624e-01  1.00000000e-03
 2.38564562e-01  1.00000000e-03
 1.09180497e-01  1.00000000e-03
-5.96815129e-02  1.00000000e-03
-1.48088320e-01  1.00000000e-03
 4.43460344e-01  1.00000000e-03
 6.11237924e-02  1.00000000e-03
 3.98627149e-01  1.00000000e-03
-8.10561114e-02  1.00000000e-03
-1.13544727e-01  1.00000000e-03
 1.95882592e-02  1.00000000e-03
-2.12033036e-01  1.00000000e-03
-3.68391394e-02  1.00000000e-03
 2.08516923e-01  1.00000000e-03
-3.69457834e-02  1.00000000e-03
-1.43363753e-01  1.00000000e-03
-3.76478511e-01  1.00000000e-03
 4.58105341e-01  1.00000000e-03
 1.42447674e-01  1.00000000e-03
 4.80036724e-02  1.00000000e-03
 3.31106224e-01  1.00000000e-03
 6.96727465e-02  1.00000000e-03
 1.99043528e-01  1.00000000e-03
 1.66411776e-01  1.00000000e-03
-3.23976710e-01  1.00000000e-03
 1.40827631e-01  1.00000000e-03
 4.01118150e-01  1.00000000e-03
-1.28383168e-01  1.00000000e-03
-3.46749632e-01  1.00000000e-03
-3.85654468e-01  1.00000000e-03
-3.28829108e-01  1.00000000e-03
-1.32820365e-01  1.00000000e-03
 3.06787068e-01  1.00000000e-03
-5.08665307e-02  1.00000000e-03
-4.16706491e-02  1.00000000e-03
 2.25617603e-01  1.00000000e-03
 3.19934570e-01  1.00000000e-03
-3.83983091e-01  1.00000000e-03
 2.28949962e-01  1.00000000e-03
-1.15813932e-01  1.00000000e-03
-9.75070513e-02  1.00000000e-03
-1.99114348e-01  1.00000000e-03
 1.04786439e-01  1.00000000e-03
 3.56383385e-01  1.00000000e-03
 3.18828215e-01  1.00000000e-03
 4.89610607e-01  1.00000000e-03
 3.39044035e-01  1.00000000e-03
-2.91256643e-01  1.00000000e-03
 4.86822884e-01  1.00000000e-03
 2.63957680e-01  1.00000000e-03
 2.64963856e-01  1.00000000e-03
 1.58703325e-01  1.00000000e-03
 1.50681256e-01  1.00000000e-03
-1.23006932e-01  1.00000000e-03
-3.54959160e-01  1.00000000e-03
-3.51670713e-01  1.00000000e-03
 2.67212046e-02  1.00000000e-03
 7.67874303e-02  1.00000000e-03
 2.86538919e-01  1.00000000e-03
-1.18998062e-01  1.00000000e-03
 1.78699815e-02  1.00000000e-03
 1.22820235e-01  1.00000000e-03
-1.43160822e-01  1.00000000e-03
-3.77310991e-01  1.00000000e-03
 3.42780556e-02  1.00000000e-03
-5.70596561e-02  1.00000000e-03
-2.63230849e-01  1.00000000e-03
 1.84729009e-01  1.00000000e-03
-2.31465681e-01  1.00000000e-03
 4.59450137e-01  1.00000000e-03
-1.01090116e-01  1.00000000e-03
-2.73246602e-02  1.00000000e-03
-1.91085185e-01  1.00000000e-03
 1.94988982e-01  1.00000000e-03
 3.29980184e-01  1.00000000e-03
 4.36892403e-01  1.00000000e-03
 2.50077172e-01  1.00000000e-03
-2.53288634e-01  1.00000000e-03
 3.23579012e-02  1.00000000e-03
 3.24379605e-01  1.00000000e-03
 1.40540364e-01  1.00000000e-03
 2.19063151e-01  1.00000000e-03
 4.08642082e-01  1.00000000e-03
-3.35322700e-01  1.00000000e-03
-1.46704410e-01  1.00000000e-03
-1.24674759e-01  1.00000000e-03
 1.03382263e-01  1.00000000e-03
-3.41026293e-01  1.00000000e-03
 2.48127364e-01  1.00000000e-03
-2.90357903e-02  1.00000000e-03
 1.20985541e-01  1.00000000e-03
-3.19944966e-01  1.00000000e-03
-3.93191806e-01  1.00000000e-03
-3.32072555e-01  1.00000000e-03
 2.81796521e-02  1.00000000e-03
 2.33487675e-01  1.00000000e-03
-3.99913189e-01  1.00000000e-03
-3.63206700e-01  1.00000000e-03
 2.79253197e-01  1.00000000e-03
-1.06276865e-01  1.00000000e-03
-2.90468773e-01  1.00000000e-03
-1.09473617e-02  1.00000000e-03
 1.67857475e-01  1.00000000e-03
-3.45930821e-01  1.00000000e-03
 2.29558600e-01  1.00000000e-03
 3.08958871e-01  1.00000000e-03
-3.18335353e-01  1.00000000e-03
 3.75380975e-01  1.00000000e-03
-3.85449320e-02  1.00000000e-03
-1.41990839e-01  1.00000000e-03
-3.58253688e-01  1.00000000e-03
 3.26985798e-03  1.00000000e-03
-1.26887717e-01  1.00000000e-03
-3.08715596e-01  1.00000000e-03
-1.58458295e-01  1.00000000e-03
 1.06284725e-01  1.00000000e-03
 4.17517212e-01  1.00000000e-03
-1.22238261e-01  1.00000000e-03
-3.37764648e-01  1.00000000e-03
-1.20821301e-01  1.00000000e-03
-1.44801975e-01  1.00000000e-03
-2.70170383e-01  1.00000000e-03
 3.37904099e-01  1.00000000e-03
-3.45693251e-02  1.00000000e-03
-1.92714472e-01  1.00000000e-03
-2.77934144e-01  1.00000000e-03
-3.69831209e-01  1.00000000e-03
 1.24374823e-01  1.00000000e-03
-2.77155287e-01  1.00000000e-03
-8.53038453e-02  1.00000000e-03
 2.02508179e-01  1.00000000e-03
-2.92045025e-01  1.00000000e-03
 9.60866954e-02  1.00000000e-03
 1.80629735e-01  1.00000000e-03
 4.29083470e-01  1.00000000e-03
 6.23369332e-02  1.00000000e-03
 7.16892442e-02  1.00000000e-03
 1.60324633e-02  1.00000000e-03
 2.53017659e-01  1.00000000e-03
 5.58783209e-02  1.00000000e-03
 2.56968872e-01  1.00000000e-03
 3.62264027e-01  1.00000000e-03
-4.73041610e-02  1.00000000e-03
-2.78713548e-01  1.00000000e-03
-2.99286620e-02  1.00000000e-03
-3.11914863e-01  1.00000000e-03
-3.95709996e-01  1.00000000e-03
-3.91514591e-01  1.00000000e-03
-2.13556303e-01  1.00000000e-03
 6.07022863e-02  1.00000000e-03
-2.76376976e-01  1.00000000e-03
-1.71797723e-01  1.00000000e-03
-2.10032998e-01  1.00000000e-03
-1.02703628e-01  1.00000000e-03
-1.15126888e-01  1.00000000e-03
 1.74494689e-01  1.00000000e-03
 1.96909133e-02  1.00000000e-03
 3.18756995e-02  1.00000000e-03
 4.88215589e-01  1.00000000e-03
 1.14633392e-01  1.00000000e-03
 1.47884720e-01  1.00000000e-03
 4.07382772e-01  1.00000000e-03
-2.61694971e-01  1.00000000e-03
 3.86298447e-01  1.00000000e-03
 5.00854382e-01  1.00000000e-03
-1.17260696e-01  1.00000000e-03
-1.25286763e-01  1.00000000e-03
-1.97515322e-01  1.00000000e-03
-3.67344310e-01  1.00000000e-03
 3.02466664e-01  1.00000000e-03
-3.13517263e-01  1.00000000e-03
 2.88637745e-01  1.00000000e-03
 8.24695247e-02  1.00000000e-03
-2.29236902e-01  1.00000000e-03
 4.75764186e-01  1.00000000e-03
-2.86537174e-01  1.00000000e-03
-5.93728763e-02  1.00000000e-03
-1.72341560e-02  1.00000000e-03
 2.17657503e-01  1.00000000e-03
-3.74814587e-01  1.00000000e-03
-3.48388433e-01  1.00000000e-03
-1.05084536e-01  1.00000000e-03
-9.70354944e-02  1.00000000e-03
-3.62380273e-01  1.00000000e-03
 1.09132574e-01  1.00000000e-03
-9.11275455e-02  1.00000000e-03
-6.87338398e-02  1.00000000e-03
 1.12766876e-01  1.00000000e-03
 4.31677684e-01  1.00000000e-03
 4.66337939e-02  1.00000000e-03
-2.56337426e-01  1.00000000e-03
-2.27010694e-01  1.00000000e-03
 4.66207957e-01  1.00000000e-03
-6.41959231e-02  1.00000000e-03
-9.09039159e-02  1.00000000e-03
-2.98370254e-01  1.00000000e-03
 4.09903528e-01  1.00000000e-03
 3.74190706e-02  1.00000000e-03
 3.49393392e-01  1.00000000e-03
-1.59429204e-01  1.00000000e-03
 4.79893963e-01  1.00000000e-03
-3.34509541e-01  1.00000000e-03
 3.22153160e-01  1.00000000e-03
-3.02339613e-01  1.00000000e-03
-2.59395439e-01  1.00000000e-03
 1.51563746e-02  1.00000000e-03
-3.97390350e-01  1.00000000e-03
-8.25676750e-03  1.00000000e-03
-3.71490925e-01  1.00000000e-03
-9.13083714e-03  1.00000000e-03
 1.35112980e-01  1.00000000e-03
 2.27590797e-01  1.00000000e-03
-3.54136475e-01  1.00000000e-03
 4.68926930e-01  1.00000000e-03
 9.45298737e-02  1.00000000e-03
-2.30722235e-01  1.00000000e-03
 1.27447307e-01  1.00000000e-03
 2.67994019e-01  1.00000000e-03
 3.94906483e-01  1.00000000e-03
-3.59903207e-01  1.00000000e-03
-2.21068001e-01  1.00000000e-03
 2.52036029e-01  1.00000000e-03
-2.37436057e-01  1.00000000e-03
-4.09374711e-02  1.00000000e-03
-3.30449988e-01  1.00000000e-03
 1.54630586e-01  1.00000000e-03
 2.84447731e-01  1.00000000e-03
-1.93124271e-01  1.00000000e-03
-6.21886007e-02  1.00000000e-03
-2.52527882e-01  1.00000000e-03
-2.19552876e-02  1.00000000e-03
-3.55140682e-02  1.00000000e-03
-2.39684740e-01  1.00000000e-03
-1.02369250e-01  1.00000000e-03
 3.32234243e-01  1.00000000e-03
-3.87327164e-01  1.00000000e-03
-3.20750437e-01  1.00000000e-03
 1.31436109e-01  1.00000000e-03
 1.92979175e-01  1.00000000e-03
 1.50990776e-01  1.00000000e-03
-7.03934890e-02  1.00000000e-03
 3.25495778e-01  1.00000000e-03
-6.79304949e-02  1.00000000e-03
-1.12365804e-01  1.00000000e-03
-1.57284027e-02  1.00000000e-03
 2.21051907e-01  1.00000000e-03
-3.83147900e-01  1.00000000e-03
 1.05031642e-01  1.00000000e-03
-2.23326699e-01  1.00000000e-03
 2.54003216e-01  1.00000000e-03
 2.70023805e-01  1.00000000e-03
 3.83857814e-01  1.00000000e-03
-2.24798000e-01  1.00000000e-03
 2.43239969e-01  1.00000000e-03
-3.69001885e-01  1.00000000e-03
-8.29896811e-02  1.00000000e-03
-5.67805335e-03  1.00000000e-03
 5.84364996e-02  1.00000000e-03
 2.74106532e-01  1.00000000e-03
-2.72493689e-01  1.00000000e-03
 6.66639123e-02  1.00000000e-03
-6.13136939e-02  1.00000000e-03
 1.18853717e-01  1.00000000e-03
-3.70660890e-01  1.00000000e-03
 2.35441164e-01  1.00000000e-03
-1.60000323e-01  1.00000000e-03
 2.19659260e-01  1.00000000e-03
 1.78202391e-01  1.00000000e-03
-2.00699402e-01  1.00000000e-03
 2.54989498e-01  1.00000000e-03
-6.67896481e-02  1.00000000e-03
 2.20921190e-02  1.00000000e-03
-1.83047365e-02  1.00000000e-03
-3.79810489e-01  1.00000000e-03
 1.34837980e-01  1.00000000e-03
 4.96620500e-01  1.00000000e-03
-8.77876313e-02  1.00000000e-03
-3.04622128e-02  1.00000000e-03
 1.02692550e-01  1.00000000e-03
-1.89457208e-01  1.00000000e-03
-1.75518607e-01  1.00000000e-03
-1.41495734e-01  1.00000000e-03
-2.49490691e-01  1.00000000e-03
 1.98404615e-01  1.00000000e-03
-8.60769254e-02  1.00000000e-03
-3.25592456e-01  1.00000000e-03
 3.40185965e-01  1.00000000e-03
-1.14689981e-01  1.00000000e-03
-2.32210005e-01  1.00000000e-03
 1.63277143e-01  1.00000000e-03
 3.82640619e-01  1.00000000e-03
-2.18955332e-01  1.00000000e-03
-9.83923015e-02  1.00000000e-03
-2.35939911e-01  1.00000000e-03
-8.95404076e-02  1.00000000e-03
 4.99440753e-01  1.00000000e-03
 5.05109320e-01  1.00000000e-03
 3.81425500e-01  1.00000000e-03
-5.14696957e-02  1.00000000e-03
-1.68845653e-01  1.00000000e-03
-1.13021299e-01  1.00000000e-03
-2.57101067e-01  1.00000000e-03
-1.63520369e-01  1.00000000e-03
-2.44198152e-01  1.00000000e-03
-3.56605669e-01  1.00000000e-03
-2.17507884e-01  1.00000000e-03
-1.09573436e-01  1.00000000e-03
-3.94870286e-01  1.00000000e-03
 5.03688663e-01  1.00000000e-03
 1.28827628e-01  1.00000000e-03
 1.59288600e-01  1.00000000e-03
-3.04727040e-01  1.00000000e-03
 4.04870546e-01  1.00000000e-03
 1.55080681e-01  1.00000000e-03
-2.67080493e-01  1.00000000e-03
-2.13058242e-01  1.00000000e-03
-2.45707363e-01  1.00000000e-03
 2.77188776e-01  1.00000000e-03
 3.36766153e-01  1.00000000e-03
-2.75599215e-01  1.00000000e-03
 1.00936547e-01  1.00000000e-03
-4.00477980e-03  1.00000000e-03
 3.59905680e-01  1.00000000e-03
 3.42475811e-01  1.00000000e-03
 4.34280654e-01  1.00000000e-03
-9.96183792e-02  1.00000000e-03
 4.67566309e-01  1.00000000e-03
 4.38201577e-01  1.00000000e-03
-5.80528496e-02  1.00000000e-03
 1.60745694e-02  1.00000000e-03
 2.85492370e-01  1.00000000e-03
-2.49366807e-02  1.00000000e-03
-3.00750407e-01  1.00000000e-03
-2.41938775e-01  1.00000000e-03
 2.41204822e-02  1.00000000e-03
 8.24307571e-02  1.00000000e-03
-1.56179973e-02  1.00000000e-03
-2.42691308e-01  1.00000000e-03
 3.05704069e-01  1.00000000e-03
 2.72061314e-01  1.00000000e-03
 5.90085936e-02  1.00000000e-03
-1.70135574e-01  1.00000000e-03
 7.71314044e-02  1.00000000e-03
 1.97016629e-01  1.00000000e-03
 1.70044890e-01  1.00000000e-03
-6.56938060e-02  1.00000000e-03
-3.31261061e-01  1.00000000e-03
-3.32884467e-01  1.00000000e-03
-2.95203628e-01  1.00000000e-03
-3.94030889e-01  1.00000000e-03
 3.44773653e-01  1.00000000e-03
-2.27754126e-01  1.00000000e-03
-9.55375190e-02  1.00000000e-03
-6.06959332e-02  1.00000000e-03
 8.39452012e-02  1.00000000e-03
-1.08052432e-01  1.00000000e-03
-2.08498426e-01  1.00000000e-03
-1.31241592e-01  1.00000000e-03
-2.06952725e-01  1.00000000e-03
 4.54084432e-01  1.00000000e-03
-1.51360099e-01  1.00000000e-03
 3.63446253e-01  1.00000000e-03
 2.99246603e-01  1.00000000e-03
 1.42288393e-02  1.00000000e-03
-7.73674647e-02  1.00000000e-03
-2.47218932e-01  1.00000000e-03
-3.28019304e-01  1.00000000e-03
-3.23169486e-01  1.00000000e-03
-1.11123096e-01  1.00000000e-03
 1.14912365e-01  1.00000000e-03
-1.80867920e-01  1.00000000e-03
 3.67005166e-01  1.00000000e-03
 5.07957679e-01  1.00000000e-03
 3.89975041e-01  1.00000000e-03
 1.68560677e-01  1.00000000e-03
 2.89690022e-01  1.00000000e-03
 4.30379484e-01  1.00000000e-03
 2.92858321e-01  1.00000000e-03
-1.40811992e-01  1.00000000e-03
 4.85432490e-01  1.00000000e-03
-2.83401320e-01  1.00000000e-03
 1.82271994e-01  1.00000000e-03
-1.28061043e-01  1.00000000e-03
-2.85752419e-01  1.00000000e-03
 2.69007946e-01  1.00000000e-03
 1.11078098e-01  1.00000000e-03
-2.64769004e-01  1.00000000e-03
-2.19570690e-01  1.00000000e-03
 3.13325765e-01  1.00000000e-03
 1.78600117e-01  1.00000000e-03
-3.81478521e-01  1.00000000e-03
 4.82658623e-01  1.00000000e-03
-3.38579450e-01  1.00000000e-03
 2.30895829e-01  1.00000000e-03
 3.81167740e-02  1.00000000e-03
 3.80212456e-01  1.00000000e-03
 1.90972581e-01  1.00000000e-03
 2.45190473e-01  1.00000000e-03
-3.36136272e-01  1.00000000e-03
-1.65482842e-01  1.00000000e-03
-3.78143815e-01  1.00000000e-03
-1.84093655e-01  1.00000000e-03
 8.07875180e-02  1.00000000e-03
-6.34560011e-02  1.00000000e-03
 3.66577113e-02  1.00000000e-03
 8.74853904e-02  1.00000000e-03
 3.51715322e-01  1.00000000e-03
 1.37012542e-01  1.00000000e-03
-4.59414067e-03  1.00000000e-03
 3.57692000e-02  1.00000000e-03
-2.57865283e-01  1.00000000e-03
 3.41329889e-01  1.00000000e-03
 3.99871592e-01  1.00000000e-03
-1.23481285e-01  1.00000000e-03
-9.63062586e-03  1.00000000e-03
-1.67172445e-01  1.00000000e-03
-2.33700176e-01  1.00000000e-03
 4.94119125e-02  1.00000000e-03
 2.81325275e-01  1.00000000e-03
 2.91800310e-01  1.00000000e-03
 2.47141123e-01  1.00000000e-03
-1.84604475e-01  1.00000000e-03
-6.24279597e-02  1.00000000e-03
 1.86811395e-01  1.00000000e-03
-2.08968502e-01  1.00000000e-03
 2.82364183e-01  1.00000000e-03
 3.65816820e-01  1.00000000e-03
 7.91165983e-02  1.00000000e-03
-1.56363347e-01  1.00000000e-03
-1.03851944e-01  1.00000000e-03
-1.89018267e-01  1.00000000e-03
 2.06508322e-01  1.00000000e-03
 3.10047681e-01  1.00000000e-03
-7.73686634e-02  1.00000000e-03
 3.07872001e-01  1.00000000e-03
-1.48415005e-01  1.00000000e-03
 2.46187968e-01  1.00000000e-03
 1.42755766e-01  1.00000000e-03
-1.68468290e-01  1.00000000e-03
 4.16242892e-01  1.00000000e-03
 1.72062628e-02  1.00000000e-03
 3.12231126e-01  1.00000000e-03
 9.62456333e-02  1.00000000e-03
-3.26400977e-01  1.00000000e-03
-3.43476762e-01  1.00000000e-03
-2.71718696e-01  1.00000000e-03
-3.16727522e-01  1.00000000e-03
-7.36600749e-03  1.00000000e-03
 4.32978073e-01  1.00000000e-03
 4.42142336e-01  1.00000000e-03
 3.55213339e-01  1.00000000e-03
-1.91675094e-01  1.00000000e-03
-9.25954838e-02  1.00000000e-03
-4.59915417e-02  1.00000000e-03
-2.88894577e-01  1.00000000e-03
 1.16458679e-01  1.00000000e-03
 1.22900997e-01  1.00000000e-03
-1.99564926e-01  1.00000000e-03
-3.36950255e-01  1.00000000e-03
 3.72977614e-01  1.00000000e-03
-2.93623316e-01  1.00000000e-03
-3.03134942e-01  1.00000000e-03
 5.98021131e-02  1.00000000e-03
 2.26987488e-01  1.00000000e-03
-3.07916943e-01  1.00000000e-03
-1.79261314e-01  1.00000000e-03
-7.57323318e-02  1.00000000e-03
-3.12466480e-02  1.00000000e-03
 7.52396369e-02  1.00000000e-03
-1.78737761e-01  1.00000000e-03
-3.80644336e-01  1.00000000e-03
-3.33696796e-01  1.00000000e-03
 2.15062672e-01  1.00000000e-03
 1.76552795e-01  1.00000000e-03
-2.74822004e-01  1.00000000e-03
 2.23034054e-01  1.00000000e-03
-2.41186836e-01  1.00000000e-03
 9.94150762e-02  1.00000000e-03
 1.76163992e-01  1.00000000e-03
-2.81836579e-01  1.00000000e-03
-2.20643045e-02  1.00000000e-03
 3.92436565e-01  1.00000000e-03
 1.86241217e-01  1.00000000e-03
-3.17531214e-01  1.00000000e-03
 3.27734034e-01  1.00000000e-03
-2.96785947e-01  1.00000000e-03
 5.02270352e-01  1.00000000e-03
-1.00803663e-01  1.00000000e-03
-8.65496299e-02  1.00000000e-03
-3.05523805e-01  1.00000000e-03
 2.40450926e-01  1.00000000e-03
-1.82533384e-01  1.00000000e-03
 2.13074221e-01  1.00000000e-03
 3.21042884e-01  1.00000000e-03
-3.06321045e-01  1.00000000e-03
-3.24784367e-01  1.00000000e-03
-7.46562658e-02  1.00000000e-03
 3.61083837e-01  1.00000000e-03
 4.21353120e-01  1.00000000e-03
-2.44952462e-01  1.00000000e-03
-2.15076835e-01  1.00000000e-03
 4.70289825e-01  1.00000000e-03
 1.30730040e-01  1.00000000e-03
-3.22685730e-02  1.00000000e-03
 1.94357177e-01  1.00000000e-03
-1.34687353e-01  1.00000000e-03
 1.48609352e-01  1.00000000e-03
 4.51415031e-01  1.00000000e-03
 7.78096081e-02  1.00000000e-03
 4.46103010e-01  1.00000000e-03
-7.12499528e-02  1.00000000e-03
-2.51767711e-01  1.00000000e-03
-2.35192738e-01  1.00000000e-03
-2.02726206e-01  1.00000000e-03
 2.15864654e-01  1.00000000e-03
-1.29920004e-01  1.00000000e-03
 3.68195557e-01  1.00000000e-03
 3.74178265e-01  1.00000000e-03
-3.47568836e-01  1.00000000e-03
 3.50553350e-01  1.00000000e-03
 3.91204755e-01  1.00000000e-03
 5.06532324e-01  1.00000000e-03
 2.55978415e-01  1.00000000e-03
-3.57429491e-01  1.00000000e-03
-2.38934583e-01  1.00000000e-03
-3.88164002e-01  1.00000000e-03
-3.45112405e-01  1.00000000e-03
 1.16830985e-01  1.00000000e-03
 2.61951159e-01  1.00000000e-03
-4.94695210e-02  1.00000000e-03
 4.23723316e-02  1.00000000e-03
-1.26404720e-01  1.00000000e-03
-1.94740226e-01  1.00000000e-03
-3.53314171e-01  1.00000000e-03
 4.06125594e-01  1.00000000e-03
 2.36681554e-01  1.00000000e-03
 2.01043139e-01  1.00000000e-03
 1.82678866e-01  1.00000000e-03
-5.54210789e-02  1.00000000e-03
-1.77989452e-01  1.00000000e-03
-2.38185023e-01  1.00000000e-03
 3.26613920e-01  1.00000000e-03
 3.34496228e-01  1.00000000e-03
-3.33881848e-02  1.00000000e-03
-1.33911109e-02  1.00000000e-03
 8.58743194e-02  1.00000000e-03
 1.13069903e-01  1.00000000e-03
 4.13700708e-01  1.00000000e-03
