            100  2.97080899e-03
            400  1.03509100e-02
           1000  2.97236120e-02
            100  3.28602499e-03
            100  2.43550700e-03
            100  3.02018101e-03
            100  3.10031100e-03
            400  1.63745970e-02
            400  1.05356290e-02
            400  1.38901380e-02
            400  1.03442340e-02
           1000  3.53921200e-02
           1000  2.56376390e-02
           1000  3.69066310e-02
           4000  1.19665948e-01
           4000  1.12412155e-01
           4000  1.39872676e-01
           4000  1.32130017e-01
           4000  1.73168700e-01
          10000  5.03147341e-01
          10000  2.74475499e-01
          10000  3.58678885e-01
          10000  2.65909011e-01
          10000  2.81531879e-01
         100000  3.36620818e+00
         100000  4.54778131e+00
         100000  4.55170289e+00
         100000  3.95613076e+00
         100000  4.26252625e+00
         100000  5.09136925e+00
           4000  9.89708509e-02
            100  2.30306801e-03
            400  1.02080760e-02
           4000  1.01518437e-01
           1000  2.56516640e-02
           1000  3.04280140e-02
           4000  9.89338990e-02
           4000  1.00694132e-01
         100000  2.95319766e+00
           4000  1.06901259e-01
         100000  3.02044523e+00
           4000  1.04227185e-01
