-5.32794595e-01  1.00000000e-03
 1.00535864e+00  1.00000000e-03
-4.90665178e-01  1.00000000e-03
 1.13445166e+00  1.00000000e-03
-5.14224616e-01  1.00000000e-03
 2.14862894e-01  1.00000000e-03
-5.70493008e-01  1.00000000e-03
 1.05772691e+00  1.00000000e-03
 1.06698633e+00  1.00000000e-03
 1.12316900e+00  1.00000000e-03
 1.15851675e+00  1.00000000e-03
-4.90120317e-01  1.00000000e-03
-4.51923501e-01  1.00000000e-03
-5.35508141e-01  1.00000000e-03
-4.88139446e-01  1.00000000e-03
-1.54326309e-01  1.00000000e-03
-5.97067994e-01  1.00000000e-03
 4.05874987e-01  1.00000000e-03
 3.73794886e-02  1.00000000e-03
-5.51025635e-01  1.00000000e-03
-8.91225495e-02  1.00000000e-03
-6.75849047e-01  1.00000000e-03
-4.34959913e-01  1.00000000e-03
-5.28851322e-01  1.00000000e-03
-5.26572583e-01  1.00000000e-03
 9.63180465e-01  1.00000000e-03
-4.76508410e-01  1.00000000e-03
-5.05080949e-01  1.00000000e-03
 4.52550069e-01  1.00000000e-03
-4.41381381e-01  1.00000000e-03
-3.31043144e-01  1.00000000e-03
 1.15936375e+00  1.00000000e-03
 1.12280739e+00  1.00000000e-03
-5.56560564e-01  1.00000000e-03
-3.60467915e-02  1.00000000e-03
 1.68058079e-01  1.00000000e-03
-3.53466318e-02  1.00000000e-03
 9.69747828e-01  1.00000000e-03
 1.25848224e+00  1.00000000e-03
-4.80398992e-01  1.00000000e-03
-5.18084395e-01  1.00000000e-03
-5.80412069e-01  1.00000000e-03
 1.21582853e-01  1.00000000e-03
 2.56682759e-01  1.00000000e-03
 1.14516970e+00  1.00000000e-03
-5.08082788e-01  1.00000000e-03
-5.19287355e-01  1.00000000e-03
-4.41877712e-01  1.00000000e-03
-4.74870954e-01  1.00000000e-03
-5.08761813e-01  1.00000000e-03
-6.01636862e-01  1.00000000e-03
-6.02195920e-01  1.00000000e-03
-5.39824236e-01  1.00000000e-03
 5.23233873e-02  1.00000000e-03
-4.88915967e-01  1.00000000e-03
 5.88895448e-01  1.00000000e-03
-5.18118041e-01  1.00000000e-03
 9.77998833e-02  1.00000000e-03
 1.06110485e+00  1.00000000e-03
 1.01718747e-01  1.00000000e-03
 2.01939961e-01  1.00000000e-03
-5.71886386e-01  1.00000000e-03
-4.89839145e-01  1.00000000e-03
 1.17430148e+00  1.00000000e-03
-5.55877808e-01  1.00000000e-03
-4.45882300e-01  1.00000000e-03
-2.68895272e-01  1.00000000e-03
-6.01233025e-01  1.00000000e-03
-3.32316907e-01  1.00000000e-03
-2.36153376e-01  1.00000000e-03
-2.50600548e-01  1.00000000e-03
-5.29999337e-01  1.00000000e-03
 1.13739745e+00  1.00000000e-03
-5.64701224e-01  1.00000000e-03
-5.52278123e-01  1.00000000e-03
-6.10212049e-02  1.00000000e-03
-4.87124515e-01  1.00000000e-03
-4.57577452e-01  1.00000000e-03
-2.60624614e-01  1.00000000e-03
 7.01411869e-01  1.00000000e-03
-4.70551631e-01  1.00000000e-03
 1.10795829e-01  1.00000000e-03
-5.12927261e-01  1.00000000e-03
-4.28957385e-01  1.00000000e-03
 4.93893063e-01  1.00000000e-03
-4.94779213e-01  1.00000000e-03
-3.87879813e-01  1.00000000e-03
 4.43501318e-01  1.00000000e-03
 5.84886738e-01  1.00000000e-03
-6.25466784e-01  1.00000000e-03
 1.20457509e+00  1.00000000e-03
-5.05716086e-01  1.00000000e-03
-5.43031574e-01  1.00000000e-03
-5.11644056e-01  1.00000000e-03
-5.66298500e-01  1.00000000e-03
 2.59732361e-01  1.00000000e-03
-2.12184419e-01  1.00000000e-03
-4.54852004e-01  1.00000000e-03
 5.11718728e-01  1.00000000e-03
-5.44101455e-01  1.00000000e-03
 7.81602472e-01  1.00000000e-03
-2.69530168e-01  1.00000000e-03
-5.04087574e-01  1.00000000e-03
-4.62531461e-01  1.00000000e-03
-6.09987648e-01  1.00000000e-03
 1.26584062e-01  1.00000000e-03
-5.57300832e-01  1.00000000e-03
-2.81952730e-01  1.00000000e-03
 8.59903096e-02  1.00000000e-03
 9.57452702e-01  1.00000000e-03
-4.45591957e-01  1.00000000e-03
-5.23581655e-01  1.00000000e-03
 6.55231400e-01  1.00000000e-03
 7.35261497e-01  1.00000000e-03
 1.00938718e+00  1.00000000e-03
 1.09825487e-01  1.00000000e-03
 1.09824207e+00  1.00000000e-03
-4.91034440e-01  1.00000000e-03
-3.93424131e-01  1.00000000e-03
-1.72085389e-01  1.00000000e-03
 9.27873737e-01  1.00000000e-03
-1.89014339e-01  1.00000000e-03
 1.09467495e+00  1.00000000e-03
-5.64965554e-01  1.00000000e-03
 1.15168661e+00  1.00000000e-03
-4.56953318e-01  1.00000000e-03
-5.75148353e-01  1.00000000e-03
 1.14430395e+00  1.00000000e-03
 1.04608869e+00  1.00000000e-03
 1.16181307e+00  1.00000000e-03
-3.01107021e-01  1.00000000e-03
 9.78930451e-01  1.00000000e-03
-5.22682927e-01  1.00000000e-03
-2.91279415e-01  1.00000000e-03
 9.08643290e-01  1.00000000e-03
-5.28626469e-01  1.00000000e-03
-4.94767412e-01  1.00000000e-03
-6.21252058e-01  1.00000000e-03
 9.36060748e-01  1.00000000e-03
-7.18070036e-04  1.00000000e-03
 1.10174723e+00  1.00000000e-03
 8.42358102e-01  1.00000000e-03
-1.85564741e-01  1.00000000e-03
-5.61747477e-01  1.00000000e-03
 8.38123814e-01  1.00000000e-03
 1.02584162e+00  1.00000000e-03
-5.16556858e-01  1.00000000e-03
-6.16571874e-01  1.00000000e-03
 9.09898021e-01  1.00000000e-03
 1.19725766e-01  1.00000000e-03
-5.48206755e-01  1.00000000e-03
-5.25832748e-01  1.00000000e-03
 1.19181339e+00  1.00000000e-03
-5.70185330e-01  1.00000000e-03
-5.28935099e-01  1.00000000e-03
 1.16481273e+00  1.00000000e-03
-3.06283661e-01  1.00000000e-03
-1.31401854e-01  1.00000000e-03
 1.07618721e+00  1.00000000e-03
 1.22419137e+00  1.00000000e-03
-5.70621052e-01  1.00000000e-03
 1.02998898e+00  1.00000000e-03
 1.00022441e+00  1.00000000e-03
-8.66989726e-02  1.00000000e-03
-4.99475275e-01  1.00000000e-03
 4.77138047e-01  1.00000000e-03
 9.08118761e-01  1.00000000e-03
-5.79318353e-01  1.00000000e-03
 9.85032541e-02  1.00000000e-03
-3.58165352e-01  1.00000000e-03
 8.00456893e-01  1.00000000e-03
 6.82326070e-01  1.00000000e-03
 8.91955342e-02  1.00000000e-03
 1.11500210e+00  1.00000000e-03
-6.24028399e-01  1.00000000e-03
-6.29914216e-01  1.00000000e-03
-5.50170137e-01  1.00000000e-03
 1.09140629e+00  1.00000000e-03
 4.21790643e-01  1.00000000e-03
-4.86203138e-01  1.00000000e-03
 1.07562648e+00  1.00000000e-03
-2.65276259e-01  1.00000000e-03
-8.65131035e-02  1.00000000e-03
 9.94038557e-01  1.00000000e-03
 1.00462164e+00  1.00000000e-03
 6.57798351e-02  1.00000000e-03
-5.54456679e-01  1.00000000e-03
-5.19906901e-01  1.00000000e-03
 1.13859232e+00  1.00000000e-03
-2.75745864e-01  1.00000000e-03
-5.20398359e-01  1.00000000e-03
-4.71980057e-01  1.00000000e-03
-6.01414548e-01  1.00000000e-03
-1.90412300e-01  1.00000000e-03
-4.73703512e-01  1.00000000e-03
 1.45984202e-01  1.00000000e-03
 1.06884750e+00  1.00000000e-03
 4.70062695e-01  1.00000000e-03
-4.25567741e-01  1.00000000e-03
 3.11764887e-01  1.00000000e-03
-6.07412057e-01  1.00000000e-03
-5.01672401e-01  1.00000000e-03
 2.45028439e-01  1.00000000e-03
-5.44735879e-01  1.00000000e-03
 7.17043615e-01  1.00000000e-03
-5.05042779e-01  1.00000000e-03
 3.69693094e-01  1.00000000e-03
-5.34956768e-01  1.00000000e-03
-5.02062268e-01  1.00000000e-03
-5.19660121e-01  1.00000000e-03
-5.22007183e-01  1.00000000e-03
-5.07681557e-01  1.00000000e-03
-5.60673729e-01  1.00000000e-03
-4.13883868e-01  1.00000000e-03
-5.02120384e-01  1.00000000e-03
-5.25127343e-01  1.00000000e-03
 1.14881751e+00  1.00000000e-03
 2.97392546e-01  1.00000000e-03
-4.29867459e-01  1.00000000e-03
-2.15241438e-01  1.00000000e-03
-5.57131845e-01  1.00000000e-03
-4.93176098e-01  1.00000000e-03
-5.30079727e-01  1.00000000e-03
 7.04839405e-01  1.00000000e-03
-1.80490040e-01  1.00000000e-03
-4.98858688e-01  1.00000000e-03
-4.83812057e-01  1.00000000e-03
-3.87610732e-02  1.00000000e-03
 1.09018708e+00  1.00000000e-03
 3.70678779e-01  1.00000000e-03
-5.95376968e-01  1.00000000e-03
-5.06873275e-01  1.00000000e-03
 1.10698131e+00  1.00000000e-03
-3.38531443e-01  1.00000000e-03
-5.07159953e-01  1.00000000e-03
-6.29627645e-01  1.00000000e-03
-6.29232722e-01  1.00000000e-03
 5.11801280e-01  1.00000000e-03
 7.13996620e-01  1.00000000e-03
 5.60499288e-01  1.00000000e-03
-5.24260847e-01  1.00000000e-03
-3.33346837e-01  1.00000000e-03
-5.85125153e-01  1.00000000e-03
 9.60646954e-01  1.00000000e-03
-4.57211168e-01  1.00000000e-03
-1.68664468e-01  1.00000000e-03
-5.55844539e-01  1.00000000e-03
-6.85336445e-02  1.00000000e-03
 3.23495020e-03  1.00000000e-03
 3.53558640e-01  1.00000000e-03
-5.56888764e-01  1.00000000e-03
-5.62504281e-01  1.00000000e-03
 5.17847593e-01  1.00000000e-03
 6.92220188e-02  1.00000000e-03
-3.82685766e-01  1.00000000e-03
-4.73526725e-01  1.00000000e-03
 9.88146999e-01  1.00000000e-03
-2.55652956e-01  1.00000000e-03
 8.17313877e-01  1.00000000e-03
-4.78199095e-01  1.00000000e-03
-5.03922189e-01  1.00000000e-03
-6.56243862e-01  1.00000000e-03
 1.09626939e+00  1.00000000e-03
 1.13168177e+00  1.00000000e-03
-5.93961712e-01  1.00000000e-03
-1.97528887e-01  1.00000000e-03
 6.17771524e-01  1.00000000e-03
 3.32956126e-01  1.00000000e-03
 1.14509997e+00  1.00000000e-03
 3.66146778e-02  1.00000000e-03
-5.60791306e-01  1.00000000e-03
 5.87185353e-01  1.00000000e-03
-4.42316643e-01  1.00000000e-03
-1.45468068e-01  1.00000000e-03
 1.06046063e+00  1.00000000e-03
 3.20435327e-01  1.00000000e-03
-3.71684239e-01  1.00000000e-03
-1.26939100e-01  1.00000000e-03
-5.18390556e-01  1.00000000e-03
 7.03316288e-01  1.00000000e-03
-5.20606021e-01  1.00000000e-03
-4.83541653e-01  1.00000000e-03
 9.86805278e-01  1.00000000e-03
-5.52840413e-01  1.00000000e-03
-3.70178390e-01  1.00000000e-03
-5.48968430e-01  1.00000000e-03
-3.36768720e-01  1.00000000e-03
-4.35290417e-01  1.00000000e-03
-5.88414888e-01  1.00000000e-03
-1.59300107e-01  1.00000000e-03
-4.90463537e-01  1.00000000e-03
 1.07257293e-01  1.00000000e-03
 1.21020175e+00  1.00000000e-03
-3.50894982e-02  1.00000000e-03
 1.23486162e-01  1.00000000e-03
-4.30571215e-01  1.00000000e-03
 1.06960569e+00  1.00000000e-03
-5.93270789e-01  1.00000000e-03
 4.51680251e-01  1.00000000e-03
-5.42774920e-01  1.00000000e-03
 3.80201180e-01  1.00000000e-03
 1.20356674e+00  1.00000000e-03
 1.17449408e+00  1.00000000e-03
-5.75413818e-01  1.00000000e-03
-6.78269281e-01  1.00000000e-03
 2.84965053e-01  1.00000000e-03
-4.19382835e-01  1.00000000e-03
-6.12785649e-01  1.00000000e-03
-5.38756163e-01  1.00000000e-03
-4.54069165e-01  1.00000000e-03
-5.28979596e-01  1.00000000e-03
 4.47184084e-01  1.00000000e-03
-2.66434123e-01  1.00000000e-03
-5.71950790e-01  1.00000000e-03
 4.80100149e-01  1.00000000e-03
 1.09980465e+00  1.00000000e-03
-5.07340149e-01  1.00000000e-03
 7.36173039e-01  1.00000000e-03
 9.49961323e-01  1.00000000e-03
 1.10298601e+00  1.00000000e-03
 4.90681755e-01  1.00000000e-03
 3.04649354e-01  1.00000000e-03
-1.81689512e-01  1.00000000e-03
 7.87368753e-01  1.00000000e-03
-5.06941984e-03  1.00000000e-03
-1.22509895e-01  1.00000000e-03
 6.31582966e-01  1.00000000e-03
-8.79703368e-02  1.00000000e-03
-5.47604807e-01  1.00000000e-03
-4.88756676e-01  1.00000000e-03
-4.37259373e-02  1.00000000e-03
-4.77213905e-01  1.00000000e-03
-2.04636095e-01  1.00000000e-03
-2.66032984e-01  1.00000000e-03
 1.15008798e+00  1.00000000e-03
 8.56563566e-01  1.00000000e-03
-5.87183136e-01  1.00000000e-03
-5.38449708e-01  1.00000000e-03
-2.29538292e-01  1.00000000e-03
 9.18966832e-01  1.00000000e-03
-2.45563638e-01  1.00000000e-03
-5.70913666e-01  1.00000000e-03
-3.86761375e-01  1.00000000e-03
 8.35020716e-01  1.00000000e-03
-7.84813805e-03  1.00000000e-03
-5.54154789e-01  1.00000000e-03
-3.16302725e-01  1.00000000e-03
-5.28232809e-01  1.00000000e-03
-5.03920060e-01  1.00000000e-03
 5.75387698e-01  1.00000000e-03
-2.68084659e-01  1.00000000e-03
 6.49728130e-01  1.00000000e-03
 8.48982481e-01  1.00000000e-03
 1.35092785e-01  1.00000000e-03
-4.65612107e-01  1.00000000e-03
 1.14878941e+00  1.00000000e-03
 1.67819603e-01  1.00000000e-03
 1.00354069e+00  1.00000000e-03
-3.68877581e-01  1.00000000e-03
 3.78891759e-01  1.00000000e-03
-5.19045056e-01  1.00000000e-03
 2.87598799e-01  1.00000000e-03
-4.99357662e-01  1.00000000e-03
 7.82693936e-01  1.00000000e-03
 8.53036739e-01  1.00000000e-03
 5.66135774e-02  1.00000000e-03
 6.07339391e-01  1.00000000e-03
 7.53546866e-01  1.00000000e-03
-5.85423603e-01  1.00000000e-03
-5.64571130e-01  1.00000000e-03
 4.07164170e-01  1.00000000e-03
 1.02920474e+00  1.00000000e-03
-2.78913695e-01  1.00000000e-03
-4.80128239e-01  1.00000000e-03
 8.83226391e-01  1.00000000e-03
 1.08115319e+00  1.00000000e-03
-5.28947575e-01  1.00000000e-03
-5.99608657e-01  1.00000000e-03
 2.96208249e-01  1.00000000e-03
 2.63295631e-04  1.00000000e-03
-4.94970200e-01  1.00000000e-03
 1.17022158e+00  1.00000000e-03
-4.75641138e-01  1.00000000e-03
-3.77449940e-01  1.00000000e-03
 1.04852166e+00  1.00000000e-03
-5.47320397e-01  1.00000000e-03
-2.04159368e-01  1.00000000e-03
-3.88547480e-01  1.00000000e-03
-5.39788188e-01  1.00000000e-03
-5.37464825e-01  1.00000000e-03
-5.71772060e-01  1.00000000e-03
-2.35501915e-01  1.00000000e-03
-5.42293202e-01  1.00000000e-03
-5.63719284e-01  1.00000000e-03
-5.00801664e-01  1.00000000e-03
-4.76773146e-01  1.00000000e-03
 9.59902197e-01  1.00000000e-03
 1.64531764e-01  1.00000000e-03
 9.51462807e-01  1.00000000e-03
-6.04258779e-01  1.00000000e-03
-5.91576139e-01  1.00000000e-03
-3.07821965e-01  1.00000000e-03
 7.04117366e-02  1.00000000e-03
 1.08923789e+00  1.00000000e-03
-4.98860768e-01  1.00000000e-03
-5.96029907e-01  1.00000000e-03
-3.27726056e-01  1.00000000e-03
 1.06610809e+00  1.00000000e-03
 6.49014336e-01  1.00000000e-03
-5.16039028e-01  1.00000000e-03
 8.40673512e-02  1.00000000e-03
 1.03737857e+00  1.00000000e-03
-5.14497649e-01  1.00000000e-03
-2.82649133e-01  1.00000000e-03
 6.64436153e-01  1.00000000e-03
 8.83112706e-01  1.00000000e-03
-5.09092568e-01  1.00000000e-03
-2.01417135e-01  1.00000000e-03
 6.26418200e-01  1.00000000e-03
 1.07784191e-01  1.00000000e-03
-5.13220527e-01  1.00000000e-03
 6.35022296e-01  1.00000000e-03
-4.09001525e-01  1.00000000e-03
 2.31920610e-01  1.00000000e-03
 7.11767025e-01  1.00000000e-03
-5.71142310e-01  1.00000000e-03
 1.88929331e-01  1.00000000e-03
 7.99441535e-03  1.00000000e-03
-6.32158696e-01  1.00000000e-03
-4.71914974e-01  1.00000000e-03
-4.28595535e-01  1.00000000e-03
-4.22974136e-01  1.00000000e-03
-3.43653712e-01  1.00000000e-03
-5.44098239e-01  1.00000000e-03
-5.93134950e-01  1.00000000e-03
-1.33026378e-01  1.00000000e-03
 5.36655051e-01  1.00000000e-03
-5.37786897e-01  1.00000000e-03
 4.08201579e-01  1.00000000e-03
-6.11057243e-01  1.00000000e-03
 7.95757362e-01  1.00000000e-03
-4.15568387e-01  1.00000000e-03
-5.64364422e-01  1.00000000e-03
-4.46569151e-01  1.00000000e-03
-2.03784091e-01  1.00000000e-03
-4.92444879e-01  1.00000000e-03
-5.67854542e-01  1.00000000e-03
-4.56526659e-01  1.00000000e-03
 1.04531736e+00  1.00000000e-03
 4.27004692e-01  1.00000000e-03
-1.49284976e-01  1.00000000e-03
-5.74329315e-01  1.00000000e-03
 1.08117893e+00  1.00000000e-03
-3.24969440e-01  1.00000000e-03
 1.61643569e-01  1.00000000e-03
-3.29173161e-01  1.00000000e-03
-5.15903342e-01  1.00000000e-03
 1.13159819e+00  1.00000000e-03
-3.47647499e-01  1.00000000e-03
 8.29533398e-01  1.00000000e-03
-4.84289917e-01  1.00000000e-03
-4.66791471e-01  1.00000000e-03
 4.00311337e-01  1.00000000e-03
-7.28329800e-02  1.00000000e-03
-4.30567860e-01  1.00000000e-03
-2.74930733e-01  1.00000000e-03
-2.37173256e-01  1.00000000e-03
 3.29447994e-01  1.00000000e-03
-6.12877862e-01  1.00000000e-03
 1.14572606e+00  1.00000000e-03
-1.32759992e-01  1.00000000e-03
-9.97466121e-02  1.00000000e-03
 9.87356183e-01  1.00000000e-03
 7.59885456e-01  1.00000000e-03
 1.25205024e-01  1.00000000e-03
-1.26229329e-01  1.00000000e-03
-5.76435355e-01  1.00000000e-03
-3.86453430e-01  1.00000000e-03
 1.07964781e+00  1.00000000e-03
-5.20790624e-01  1.00000000e-03
-5.90657356e-01  1.00000000e-03
-6.24979502e-01  1.00000000e-03
-5.80287051e-01  1.00000000e-03
-4.86034757e-01  1.00000000e-03
 9.52564795e-01  1.00000000e-03
-3.19294299e-01  1.00000000e-03
 1.35712910e-01  1.00000000e-03
-2.94417440e-01  1.00000000e-03
 9.69079185e-01  1.00000000e-03
-6.23826153e-01  1.00000000e-03
 3.00999279e-02  1.00000000e-03
-4.27430904e-01  1.00000000e-03
-3.32319774e-01  1.00000000e-03
-5.28486083e-01  1.00000000e-03
-3.67285105e-01  1.00000000e-03
 1.02908940e+00  1.00000000e-03
 9.65499704e-01  1.00000000e-03
 1.17787808e+00  1.00000000e-03
 9.97243502e-01  1.00000000e-03
-5.62115317e-01  1.00000000e-03
 1.17693624e+00  1.00000000e-03
 8.10026702e-01  1.00000000e-03
 8.16604565e-01  1.00000000e-03
 5.19849287e-01  1.00000000e-03
 5.98832433e-01  1.00000000e-03
 8.67383210e-02  1.00000000e-03
-5.95251182e-01  1.00000000e-03
-5.93879365e-01  1.00000000e-03
-4.72655004e-01  1.00000000e-03
 6.68157152e-01  1.00000000e-03
 8.70186449e-01  1.00000000e-03
-5.27586133e-01  1.00000000e-03
-4.37431715e-01  1.00000000e-03
-4.19017193e-01  1.00000000e-03
-4.88965476e-01  1.00000000e-03
-6.15095225e-01  1.00000000e-03
-4.09571088e-01  1.00000000e-03
-5.12417297e-01  1.00000000e-03
-5.47375213e-01  1.00000000e-03
-3.89645780e-01  1.00000000e-03
-5.29062488e-01  1.00000000e-03
 1.14604439e+00  1.00000000e-03
 6.17634394e-01  1.00000000e-03
 1.53838590e-01  1.00000000e-03
-3.10595043e-01  1.00000000e-03
-3.61152169e-01  1.00000000e-03
 9.86903521e-01  1.00000000e-03
 1.11753569e+00  1.00000000e-03
 5.60630357e-01  1.00000000e-03
-5.41866027e-01  1.00000000e-03
-4.43044958e-01  1.00000000e-03
 9.82796675e-01  1.00000000e-03
 6.14868188e-01  1.00000000e-03
 5.95049081e-01  1.00000000e-03
 1.05792394e+00  1.00000000e-03
-5.83928514e-01  1.00000000e-03
 4.56501843e-02  1.00000000e-03
-4.14844394e-01  1.00000000e-03
-5.19410304e-01  1.00000000e-03
-5.86694552e-01  1.00000000e-03
 1.54424121e-01  1.00000000e-03
 3.56052070e-01  1.00000000e-03
-3.25246049e-01  1.00000000e-03
-5.74443411e-01  1.00000000e-03
-6.34409001e-01  1.00000000e-03
-5.81058250e-01  1.00000000e-03
-3.66151439e-01  1.00000000e-03
-4.20512055e-01  1.00000000e-03
-6.83386017e-01  1.00000000e-03
-6.00009673e-01  1.00000000e-03
 8.54151639e-01  1.00000000e-03
-3.29611076e-01  1.00000000e-03
-5.61811400e-01  1.00000000e-03
-2.36451064e-02  1.00000000e-03
-5.19788418e-01  1.00000000e-03
-5.90536676e-01  1.00000000e-03
 6.67631245e-01  1.00000000e-03
 9.56857456e-01  1.00000000e-03
-5.73263864e-01  1.00000000e-03
 1.05762288e+00  1.00000000e-03
 7.24141447e-01  1.00000000e-03
-5.26915045e-01  1.00000000e-03
-5.95864595e-01  1.00000000e-03
-4.82024695e-01  1.00000000e-03
-4.45180293e-01  1.00000000e-03
-5.70210644e-01  1.00000000e-03
 2.87611900e-01  1.00000000e-03
-4.20431013e-01  1.00000000e-03
 1.09358651e+00  1.00000000e-03
-4.83943018e-01  1.00000000e-03
-5.84365477e-01  1.00000000e-03
-5.14497546e-01  1.00000000e-03
-1.97548629e-01  1.00000000e-03
-5.52364547e-01  1.00000000e-03
 9.95457707e-01  1.00000000e-03
-4.39936539e-01  1.00000000e-03
-5.47469036e-02  1.00000000e-03
-5.55494660e-01  1.00000000e-03
-6.05767091e-01  1.00000000e-03
-8.07621677e-02  1.00000000e-03
-5.55237496e-01  1.00000000e-03
-4.84500806e-01  1.00000000e-03
-2.81678116e-01  1.00000000e-03
-5.62303454e-01  1.00000000e-03
-3.86144564e-01  1.00000000e-03
 4.27787615e-01  1.00000000e-03
 1.10795493e+00  1.00000000e-03
 6.16844007e-01  1.00000000e-03
-4.01367151e-01  1.00000000e-03
-4.42085262e-01  1.00000000e-03
 7.66447651e-01  1.00000000e-03
-4.70523549e-01  1.00000000e-03
 7.85417055e-01  1.00000000e-03
 1.03511832e+00  1.00000000e-03
-8.94696320e-03  1.00000000e-03
-5.55782049e-01  1.00000000e-03
-4.47915479e-01  1.00000000e-03
-5.71122013e-01  1.00000000e-03
-6.51132141e-01  1.00000000e-03
-6.30267336e-01  1.00000000e-03
-2.90260187e-02  1.00000000e-03
-4.65222477e-01  1.00000000e-03
-5.55122892e-01  1.00000000e-03
-5.28018757e-01  1.00000000e-03
-5.13761825e-01  1.00000000e-03
-4.82125107e-01  1.00000000e-03
-4.72672415e-01  1.00000000e-03
 4.16479355e-01  1.00000000e-03
-5.27025833e-01  1.00000000e-03
-5.24439906e-01  1.00000000e-03
 1.17772996e+00  1.00000000e-03
 5.50336783e-01  1.00000000e-03
-2.52879677e-01  1.00000000e-03
 1.08558684e+00  1.00000000e-03
-5.45679966e-01  1.00000000e-03
 1.06829869e+00  1.00000000e-03
 1.23638225e+00  1.00000000e-03
-4.92051468e-01  1.00000000e-03
-5.10938985e-01  1.00000000e-03
 1.13280123e-01  1.00000000e-03
-6.02295634e-01  1.00000000e-03
 9.37300943e-01  1.00000000e-03
-5.71538649e-01  1.00000000e-03
 8.99660959e-01  1.00000000e-03
 2.60251512e-01  1.00000000e-03
-5.02559171e-01  1.00000000e-03
 1.16434714e+00  1.00000000e-03
-5.59213646e-01  1.00000000e-03
-1.23638432e-01  1.00000000e-03
-5.03071667e-02  1.00000000e-03
 6.97289208e-01  1.00000000e-03
-6.12239176e-01  1.00000000e-03
-5.90851652e-01  1.00000000e-03
-4.62812500e-01  1.00000000e-03
-4.47510121e-01  1.00000000e-03
-5.99970944e-01  1.00000000e-03
 2.19507143e-02  1.00000000e-03
 2.66649535e-01  1.00000000e-03
-5.10303861e-01  1.00000000e-03
-3.79215490e-02  1.00000000e-03
 1.11135950e+00  1.00000000e-03
-2.02224282e-02  1.00000000e-03
-5.43399022e-01  1.00000000e-03
-4.66585657e-01  1.00000000e-03
 1.15439931e+00  1.00000000e-03
 7.26630804e-01  1.00000000e-03
 1.39386511e-01  1.00000000e-03
-5.64632738e-01  1.00000000e-03
 1.08794774e+00  1.00000000e-03
-2.44881303e-01  1.00000000e-03
 1.00555019e+00  1.00000000e-03
-4.36179176e-01  1.00000000e-03
 1.17380184e+00  1.00000000e-03
-5.83795593e-01  1.00000000e-03
 9.76603600e-01  1.00000000e-03
-5.66707498e-01  1.00000000e-03
-5.44632264e-01  1.00000000e-03
-5.03633421e-01  1.00000000e-03
-6.58906902e-01  1.00000000e-03
-4.39598669e-01  1.00000000e-03
-6.06325850e-01  1.00000000e-03
 7.11127060e-01  1.00000000e-03
 1.64619378e-01  1.00000000e-03
 5.00763107e-01  1.00000000e-03
-5.95144273e-01  1.00000000e-03
 1.15634937e+00  1.00000000e-03
 4.25721023e-01  1.00000000e-03
-1.09852832e-01  1.00000000e-03
 2.57126989e-01  1.00000000e-03
 8.07491298e-01  1.00000000e-03
 1.07613493e+00  1.00000000e-03
-5.96204595e-01  1.00000000e-03
-8.45580041e-02  1.00000000e-03
-4.73331567e-01  1.00000000e-03
-5.33903347e-01  1.00000000e-03
 3.60669880e-01  1.00000000e-03
-5.80571710e-01  1.00000000e-03
-3.72694641e-01  1.00000000e-03
 8.76038115e-01  1.00000000e-03
-3.29572934e-01  1.00000000e-03
-2.32342924e-01  1.00000000e-03
-5.40955201e-01  1.00000000e-03
-3.39041776e-01  1.00000000e-03
 3.57872331e-01  1.00000000e-03
-5.34086985e-01  1.00000000e-03
-3.68507007e-01  1.00000000e-03
 9.87791621e-01  1.00000000e-03
-6.26066884e-01  1.00000000e-03
-5.75080106e-01  1.00000000e-03
-4.94264033e-01  1.00000000e-03
 4.98688165e-01  1.00000000e-03
 7.07180459e-01  1.00000000e-03
 3.29664003e-01  1.00000000e-03
 9.82940846e-01  1.00000000e-03
-4.53159886e-01  1.00000000e-03
-4.92442327e-01  1.00000000e-03
-5.24539598e-01  1.00000000e-03
-2.08661372e-01  1.00000000e-03
-6.22563417e-01  1.00000000e-03
-1.68160378e-01  1.00000000e-03
-6.04621509e-02  1.00000000e-03
 7.62833335e-01  1.00000000e-03
 8.18393427e-01  1.00000000e-03
 1.06468669e+00  1.00000000e-03
-5.08115924e-01  1.00000000e-03
 8.36144588e-02  1.00000000e-03
-6.04900230e-01  1.00000000e-03
-3.24488108e-01  1.00000000e-03
-4.26413044e-01  1.00000000e-03
 1.32825145e-01  1.00000000e-03
 8.38528638e-01  1.00000000e-03
-5.53925270e-01  1.00000000e-03
-4.35742533e-01  1.00000000e-03
-4.87748144e-01  1.00000000e-03
-6.19117888e-02  1.00000000e-03
-6.06154902e-01  1.00000000e-03
-2.22444087e-01  1.00000000e-03
-4.59309389e-01  1.00000000e-03
 6.81960499e-01  1.00000000e-03
-4.58970619e-01  1.00000000e-03
-5.21796637e-01  1.00000000e-03
 7.66285012e-01  1.00000000e-03
 5.99356983e-01  1.00000000e-03
-4.16714150e-01  1.00000000e-03
-4.42396872e-01  1.00000000e-03
-6.16746641e-01  1.00000000e-03
-5.08301057e-01  1.00000000e-03
 1.22206564e+00  1.00000000e-03
 2.82072940e-01  1.00000000e-03
-7.52760276e-02  1.00000000e-03
-2.77023620e-01  1.00000000e-03
-4.57257161e-01  1.00000000e-03
-4.83762195e-01  1.00000000e-03
-4.43777176e-01  1.00000000e-03
-5.39400771e-01  1.00000000e-03
 5.51203238e-01  1.00000000e-03
 9.91336494e-02  1.00000000e-03
-5.77692750e-01  1.00000000e-03
 9.97424578e-01  1.00000000e-03
-4.44190644e-01  1.00000000e-03
-5.31280242e-01  1.00000000e-03
-4.41812401e-01  1.00000000e-03
 3.46661407e-01  1.00000000e-03
 3.48466127e-01  1.00000000e-03
-2.13294534e-01  1.00000000e-03
-5.31808899e-01  1.00000000e-03
-2.57193390e-01  1.00000000e-03
 1.22923897e+00  1.00000000e-03
 1.24990898e+00  1.00000000e-03
 1.06250923e+00  1.00000000e-03
-4.59068514e-01  1.00000000e-03
-1.90965781e-01  1.00000000e-03
 6.02636292e-01  1.00000000e-03
-5.43724005e-01  1.00000000e-03
-4.74230956e-01  1.00000000e-03
-5.36950392e-01  1.00000000e-03
-5.95455960e-01  1.00000000e-03
-4.14493200e-01  1.00000000e-03
-5.03355426e-01  1.00000000e-03
-6.44791895e-01  1.00000000e-03
 1.24219920e+00  1.00000000e-03
-4.83003159e-01  1.00000000e-03
 4.34122596e-01  1.00000000e-03
-5.68711333e-01  1.00000000e-03
 1.08255691e+00  1.00000000e-03
-8.86610984e-02  1.00000000e-03
-5.50032586e-01  1.00000000e-03
-5.09802269e-01  1.00000000e-03
-5.37734474e-01  1.00000000e-03
 8.51278914e-01  1.00000000e-03
 1.01027722e+00  1.00000000e-03
-5.54574617e-01  1.00000000e-03
 1.50179325e-01  1.00000000e-03
-4.65631959e-01  1.00000000e-03
 1.03158827e+00  1.00000000e-03
 9.99700688e-01  1.00000000e-03
 1.11388513e+00  1.00000000e-03
-3.35297680e-01  1.00000000e-03
 1.15526624e+00  1.00000000e-03
 1.11827873e+00  1.00000000e-03
 2.10475744e-01  1.00000000e-03
-3.12181582e-01  1.00000000e-03
 8.69598789e-01  1.00000000e-03
-4.13481043e-01  1.00000000e-03
-5.65450042e-01  1.00000000e-03
-5.35760463e-01  1.00000000e-03
-5.76131285e-02  1.00000000e-03
-2.76453931e-01  1.00000000e-03
-4.16090087e-01  1.00000000e-03
-5.35961796e-01  1.00000000e-03
 9.52454673e-01  1.00000000e-03
 8.33127169e-01  1.00000000e-03
-3.60879561e-01  1.00000000e-03
-4.82805590e-01  1.00000000e-03
 5.91656124e-02  1.00000000e-03
-5.09094017e-01  1.00000000e-03
-4.44102776e-01  1.00000000e-03
-2.38426530e-01  1.00000000e-03
-5.80649235e-01  1.00000000e-03
-5.81854403e-01  1.00000000e-03
-5.64314744e-01  1.00000000e-03
-6.39373489e-01  1.00000000e-03
 1.00187571e+00  1.00000000e-03
 5.94659439e-01  1.00000000e-03
-3.63219506e-01  1.00000000e-03
 1.92933158e-01  1.00000000e-03
-5.16586455e-01  1.00000000e-03
 6.37325359e-02  1.00000000e-03
-5.02013446e-01  1.00000000e-03
-4.84876178e-01  1.00000000e-03
-5.19133155e-01  1.00000000e-03
 1.14439943e+00  1.00000000e-03
-3.85265523e-01  1.00000000e-03
 1.03673610e+00  1.00000000e-03
 9.27521509e-01  1.00000000e-03
-5.15634189e-01  1.00000000e-03
 3.78198570e-01  1.00000000e-03
-5.38133272e-01  1.00000000e-03
-5.80125563e-01  1.00000000e-03
-5.75432102e-01  1.00000000e-03
-4.10278297e-01  1.00000000e-03
-1.65687338e-01  1.00000000e-03
-1.70906572e-01  1.00000000e-03
 1.04037265e+00  1.00000000e-03
 1.25565671e+00  1.00000000e-03
 1.06977634e+00  1.00000000e-03
 3.91552131e-01  1.00000000e-03
 8.78466827e-01  1.00000000e-03
 1.10982583e+00  1.00000000e-03
 9.06021276e-01  1.00000000e-03
-4.39111893e-01  1.00000000e-03
 1.17642944e+00  1.00000000e-03
-5.57080835e-01  1.00000000e-03
 2.70576646e-01  1.00000000e-03
-3.14352193e-01  1.00000000e-03
-5.57469466e-01  1.00000000e-03
 8.23469158e-01  1.00000000e-03
-5.18082830e-01  1.00000000e-03
-5.47873471e-01  1.00000000e-03
-4.74552182e-01  1.00000000e-03
 9.59616303e-01  1.00000000e-03
 6.22815406e-01  1.00000000e-03
-6.20124903e-01  1.00000000e-03
 1.17445072e+00  1.00000000e-03
-5.85103401e-01  1.00000000e-03
 4.70216342e-01  1.00000000e-03
-4.11320552e-01  1.00000000e-03
 1.06122324e+00  1.00000000e-03
-2.05770710e-01  1.00000000e-03
-2.08435962e-01  1.00000000e-03
-5.84225285e-01  1.00000000e-03
-5.10201844e-01  1.00000000e-03
-6.16388984e-01  1.00000000e-03
-1.68066804e-01  1.00000000e-03
-4.94257722e-01  1.00000000e-03
 4.56811865e-02  1.00000000e-03
-4.61027101e-01  1.00000000e-03
-4.36005678e-01  1.00000000e-03
 1.00821510e+00  1.00000000e-03
-4.82724721e-01  1.00000000e-03
-4.90693304e-01  1.00000000e-03
 5.23850697e-01  1.00000000e-03
-5.43955343e-01  1.00000000e-03
 9.97833716e-01  1.00000000e-03
 1.07740993e+00  1.00000000e-03
-5.18193234e-01  1.00000000e-03
-4.77460382e-01  1.00000000e-03
 4.07880671e-01  1.00000000e-03
-5.29476649e-01  1.00000000e-03
-3.27462133e-01  1.00000000e-03
 8.55826623e-01  1.00000000e-03
 9.04509378e-01  1.00000000e-03
-2.03063941e-01  1.00000000e-03
 5.16764807e-01  1.00000000e-03
-3.36965450e-01  1.00000000e-03
-4.63429428e-01  1.00000000e-03
-6.01028568e-03  1.00000000e-03
 8.69792717e-01  1.00000000e-03
 1.04015604e+00  1.00000000e-03
 6.25703022e-01  1.00000000e-03
 1.04746349e-01  1.00000000e-03
-5.07673065e-01  1.00000000e-03
-7.11295762e-02  1.00000000e-03
-5.11905990e-01  1.00000000e-03
 9.57418772e-01  1.00000000e-03
-4.98290599e-01  1.00000000e-03
 9.53121642e-01  1.00000000e-03
-5.04352645e-01  1.00000000e-03
-3.69195539e-01  1.00000000e-03
 1.45282948e-01  1.00000000e-03
 7.61568439e-01  1.00000000e-03
 1.09184916e+00  1.00000000e-03
-4.49935283e-01  1.00000000e-03
 9.58648275e-01  1.00000000e-03
-5.13354059e-01  1.00000000e-03
-5.77726338e-01  1.00000000e-03
-5.87600161e-01  1.00000000e-03
-5.53421150e-01  1.00000000e-03
-5.72649032e-01  1.00000000e-03
 1.49247541e-01  1.00000000e-03
 1.11378101e+00  1.00000000e-03
 1.12773122e+00  1.00000000e-03
 1.02617133e+00  1.00000000e-03
 6.17301237e-01  1.00000000e-03
 4.92736518e-01  1.00000000e-03
 6.60380215e-01  1.00000000e-03
-5.61740033e-01  1.00000000e-03
-1.47500884e-01  1.00000000e-03
-3.16319212e-01  1.00000000e-03
-4.57022744e-01  1.00000000e-03
-5.84345609e-01  1.00000000e-03
 1.05319052e+00  1.00000000e-03
-5.62686640e-01  1.00000000e-03
-4.99318946e-01  1.00000000e-03
-4.84056467e-01  1.00000000e-03
-1.67335761e-01  1.00000000e-03
-5.70207037e-01  1.00000000e-03
-2.59153253e-01  1.00000000e-03
-5.25426503e-01  1.00000000e-03
-8.03311834e-02  1.00000000e-03
 4.58922610e-01  1.00000000e-03
-5.11825083e-01  1.00000000e-03
-6.20014129e-01  1.00000000e-03
-5.82902444e-01  1.00000000e-03
-4.40684205e-01  1.00000000e-03
 6.55858791e-01  1.00000000e-03
-5.54509619e-01  1.00000000e-03
-2.70284797e-01  1.00000000e-03
-5.35627827e-01  1.00000000e-03
 2.15417648e-01  1.00000000e-03
-5.20547366e-01  1.00000000e-03
-5.56818432e-01  1.00000000e-03
-4.92111408e-01  1.00000000e-03
 1.07144178e+00  1.00000000e-03
 5.72052187e-01  1.00000000e-03
-5.72941211e-01  1.00000000e-03
 9.86510937e-01  1.00000000e-03
-5.64449308e-01  1.00000000e-03
 1.23898597e+00  1.00000000e-03
-4.57699836e-01  1.00000000e-03
 4.06082130e-01  1.00000000e-03
-5.69067870e-01  1.00000000e-03
 2.06827741e-01  1.00000000e-03
 2.61301549e-01  1.00000000e-03
 4.92501956e-01  1.00000000e-03
 9.76438855e-01  1.00000000e-03
-5.69181227e-01  1.00000000e-03
-5.77196540e-01  1.00000000e-03
-3.09899005e-01  1.00000000e-03
 1.03336288e+00  1.00000000e-03
 1.09652617e+00  1.00000000e-03
-5.36957392e-01  1.00000000e-03
-3.67183579e-01  1.00000000e-03
 1.15696086e+00  1.00000000e-03
-4.23923618e-01  1.00000000e-03
-3.97713244e-01  1.00000000e-03
-4.66338311e-01  1.00000000e-03
-4.46911912e-01  1.00000000e-03
 6.18268215e-01  1.00000000e-03
 1.14186707e+00  1.00000000e-03
-2.88349759e-01  1.00000000e-03
 1.13430465e+00  1.00000000e-03
-4.99429603e-01  1.00000000e-03
-5.40457732e-01  1.00000000e-03
-5.31698637e-01  1.00000000e-03
-5.13051792e-01  1.00000000e-03
-3.90509908e-01  1.00000000e-03
-1.90673958e-02  1.00000000e-03
 1.04249306e+00  1.00000000e-03
 1.05603714e+00  1.00000000e-03
-5.90700109e-01  1.00000000e-03
 1.00672789e+00  1.00000000e-03
 1.07060101e+00  1.00000000e-03
 1.25208837e+00  1.00000000e-03
 7.62907488e-01  1.00000000e-03
-5.95516890e-01  1.00000000e-03
-5.35414105e-01  1.00000000e-03
-6.26867936e-01  1.00000000e-03
-5.89101402e-01  1.00000000e-03
-7.31787708e-02  1.00000000e-03
 7.92011814e-01  1.00000000e-03
-4.30158098e-01  1.00000000e-03
-5.23490579e-01  1.00000000e-03
 3.84140470e-01  1.00000000e-03
-5.08759613e-01  1.00000000e-03
-5.95118257e-01  1.00000000e-03
 1.08529958e+00  1.00000000e-03
-5.27874188e-01  1.00000000e-03
-2.88517771e-01  1.00000000e-03
-2.46136325e-01  1.00000000e-03
-3.93951500e-01  1.00000000e-03
 1.01034187e-01  1.00000000e-03
-5.34066919e-01  1.00000000e-03
 9.84308797e-01  1.00000000e-03
 9.92298031e-01  1.00000000e-03
-2.68090959e-01  1.00000000e-03
 7.50518601e-02  1.00000000e-03
-5.02115537e-01  1.00000000e-03
-4.64506835e-02  1.00000000e-03
 1.09104983e+00  1.00000000e-03
