-5.32894327e-01  1.00000000e-03
 1.00972040e+00  1.00000000e-03
-4.82104594e-01  1.00000000e-03
 1.13121405e+00  1.00000000e-03
-5.13695316e-01  1.00000000e-03
 2.04225977e-01  1.00000000e-03
-5.69734586e-01  1.00000000e-03
 1.05106494e+00  1.00000000e-03
 1.07484575e+00  1.00000000e-03
 1.12274355e+00  1.00000000e-03
 1.15910793e+00  1.00000000e-03
-4.84247144e-01  1.00000000e-03
-4.31669211e-01  1.00000000e-03
-5.34767674e-01  1.00000000e-03
-4.91391099e-01  1.00000000e-03
-1.90659651e-01  1.00000000e-03
-5.98377012e-01  1.00000000e-03
 4.02172251e-01  1.00000000e-03
 2.63670791e-02  1.00000000e-03
-5.49783845e-01  1.00000000e-03
 1.21511123e-02  1.00000000e-03
-6.64262400e-01  1.00000000e-03
-4.27808054e-01  1.00000000e-03
-5.28589675e-01  1.00000000e-03
-5.24859455e-01  1.00000000e-03
 9.57715672e-01  1.00000000e-03
-4.73618249e-01  1.00000000e-03
-5.04439282e-01  1.00000000e-03
 4.87184620e-01  1.00000000e-03
-4.53155771e-01  1.00000000e-03
-3.90935165e-01  1.00000000e-03
 1.16076382e+00  1.00000000e-03
 1.12104119e+00  1.00000000e-03
-5.56243347e-01  1.00000000e-03
-1.05429564e-01  1.00000000e-03
 1.75969835e-01  1.00000000e-03
-2.08770965e-03  1.00000000e-03
 9.53051491e-01  1.00000000e-03
 1.25472434e+00  1.00000000e-03
-4.81040879e-01  1.00000000e-03
-5.17383950e-01  1.00000000e-03
-5.79806570e-01  1.00000000e-03
 7.82086691e-02  1.00000000e-03
 3.71664259e-01  1.00000000e-03
 1.14242936e+00  1.00000000e-03
-5.04789461e-01  1.00000000e-03
-5.21293598e-01  1.00000000e-03
-4.12784415e-01  1.00000000e-03
-4.79631341e-01  1.00000000e-03
-5.11858754e-01  1.00000000e-03
-6.02138112e-01  1.00000000e-03
-6.02832630e-01  1.00000000e-03
-5.40262242e-01  1.00000000e-03
 5.50997092e-03  1.00000000e-03
-4.90513393e-01  1.00000000e-03
 5.76210049e-01  1.00000000e-03
-5.18037024e-01  1.00000000e-03
 5.69085038e-02  1.00000000e-03
 1.05418110e+00  1.00000000e-03
 3.50181439e-02  1.00000000e-03
 2.59003313e-01  1.00000000e-03
-5.72368055e-01  1.00000000e-03
-4.74354223e-01  1.00000000e-03
 1.17250160e+00  1.00000000e-03
-5.55850517e-01  1.00000000e-03
-4.46254658e-01  1.00000000e-03
-3.29178545e-01  1.00000000e-03
-6.00811419e-01  1.00000000e-03
-2.98006182e-01  1.00000000e-03
-2.45833838e-01  1.00000000e-03
-1.69883676e-01  1.00000000e-03
-5.31068693e-01  1.00000000e-03
 1.13287573e+00  1.00000000e-03
-5.64951828e-01  1.00000000e-03
-5.50197206e-01  1.00000000e-03
-1.44544827e-01  1.00000000e-03
-4.80694820e-01  1.00000000e-03
-4.56639938e-01  1.00000000e-03
-1.99265970e-01  1.00000000e-03
 6.40965764e-01  1.00000000e-03
-4.68295500e-01  1.00000000e-03
-9.81998896e-03  1.00000000e-03
-5.21597426e-01  1.00000000e-03
-3.67732574e-01  1.00000000e-03
 9.06444686e-01  1.00000000e-03
-4.99545390e-01  1.00000000e-03
-4.15892135e-01  1.00000000e-03
 2.46080189e-01  1.00000000e-03
 4.99994486e-01  1.00000000e-03
-6.24991758e-01  1.00000000e-03
 1.20820665e+00  1.00000000e-03
-5.11179547e-01  1.00000000e-03
-5.42713985e-01  1.00000000e-03
-5.05082369e-01  1.00000000e-03
-5.66055992e-01  1.00000000e-03
 2.65032115e-01  1.00000000e-03
-2.57153814e-01  1.00000000e-03
-4.37687582e-01  1.00000000e-03
 4.91144918e-01  1.00000000e-03
-5.45202808e-01  1.00000000e-03
 7.70407003e-01  1.00000000e-03
-2.74109700e-01  1.00000000e-03
-5.12134228e-01  1.00000000e-03
-4.23301449e-01  1.00000000e-03
-6.09202604e-01  1.00000000e-03
 9.02239950e-02  1.00000000e-03
-5.58186154e-01  1.00000000e-03
-3.61953952e-01  1.00000000e-03
 1.50686069e-01  1.00000000e-03
 9.43207941e-01  1.00000000e-03
-4.41809281e-01  1.00000000e-03
-5.19341818e-01  1.00000000e-03
 6.11414461e-01  1.00000000e-03
 7.10567747e-01  1.00000000e-03
 1.01679169e+00  1.00000000e-03
 1.42682325e-01  1.00000000e-03
 1.10038868e+00  1.00000000e-03
-4.89816310e-01  1.00000000e-03
-4.08584696e-01  1.00000000e-03
-1.83632294e-01  1.00000000e-03
 9.15545981e-01  1.00000000e-03
-2.69917096e-01  1.00000000e-03
 1.09619939e+00  1.00000000e-03
-5.65320317e-01  1.00000000e-03
 1.15139973e+00  1.00000000e-03
-4.65706985e-01  1.00000000e-03
-5.75532335e-01  1.00000000e-03
 1.13774760e+00  1.00000000e-03
 1.04292387e+00  1.00000000e-03
 1.16248090e+00  1.00000000e-03
-2.41032543e-01  1.00000000e-03
 9.68679212e-01  1.00000000e-03
-5.13079731e-01  1.00000000e-03
-1.71507365e-01  1.00000000e-03
 9.00192262e-01  1.00000000e-03
-5.26193401e-01  1.00000000e-03
-4.88762937e-01  1.00000000e-03
-6.19794772e-01  1.00000000e-03
 9.18501890e-01  1.00000000e-03
 9.24897973e-02  1.00000000e-03
 1.10330785e+00  1.00000000e-03
 8.34982941e-01  1.00000000e-03
-2.03625022e-01  1.00000000e-03
-5.60475673e-01  1.00000000e-03
 8.20216100e-01  1.00000000e-03
 1.01856060e+00  1.00000000e-03
-5.18982744e-01  1.00000000e-03
-6.15806892e-01  1.00000000e-03
 9.03336287e-01  1.00000000e-03
 4.90620194e-02  1.00000000e-03
-5.48122555e-01  1.00000000e-03
-5.27552986e-01  1.00000000e-03
 1.19460355e+00  1.00000000e-03
-5.68626915e-01  1.00000000e-03
-5.29289145e-01  1.00000000e-03
 1.16615083e+00  1.00000000e-03
-5.19995327e-01  1.00000000e-03
-3.70630997e-01  1.00000000e-03
 1.07359136e+00  1.00000000e-03
 1.21819069e+00  1.00000000e-03
-5.70105803e-01  1.00000000e-03
 1.02563042e+00  1.00000000e-03
 1.00264527e+00  1.00000000e-03
-1.42163692e-01  1.00000000e-03
-5.00939293e-01  1.00000000e-03
 4.14649487e-01  1.00000000e-03
 8.97013655e-01  1.00000000e-03
-5.78486522e-01  1.00000000e-03
 1.40200062e-01  1.00000000e-03
-3.20074098e-01  1.00000000e-03
 8.05166231e-01  1.00000000e-03
 6.23867245e-01  1.00000000e-03
 6.37595414e-02  1.00000000e-03
 1.11598175e+00  1.00000000e-03
-6.22853563e-01  1.00000000e-03
-6.31709915e-01  1.00000000e-03
-5.49369594e-01  1.00000000e-03
 1.09221223e+00  1.00000000e-03
 4.43661477e-01  1.00000000e-03
-4.74691081e-01  1.00000000e-03
 1.07104427e+00  1.00000000e-03
-3.36619013e-01  1.00000000e-03
-2.99782839e-02  1.00000000e-03
 9.90082430e-01  1.00000000e-03
 1.00795320e+00  1.00000000e-03
 6.89857599e-02  1.00000000e-03
-5.52653714e-01  1.00000000e-03
-5.17009484e-01  1.00000000e-03
 1.13451978e+00  1.00000000e-03
-2.78011714e-01  1.00000000e-03
-5.23231233e-01  1.00000000e-03
-4.85004270e-01  1.00000000e-03
-6.01464690e-01  1.00000000e-03
-2.18624472e-01  1.00000000e-03
-4.79945309e-01  1.00000000e-03
 1.67286430e-01  1.00000000e-03
 1.06438511e+00  1.00000000e-03
 4.34002266e-01  1.00000000e-03
-4.19351009e-01  1.00000000e-03
 3.65516380e-01  1.00000000e-03
-6.08327660e-01  1.00000000e-03
-4.97409435e-01  1.00000000e-03
-3.40050229e-01  1.00000000e-03
-5.45619678e-01  1.00000000e-03
 7.22643278e-01  1.00000000e-03
-5.09110277e-01  1.00000000e-03
 2.94064274e-01  1.00000000e-03
-5.86772759e-01  1.00000000e-03
-5.00656581e-01  1.00000000e-03
-5.20295607e-01  1.00000000e-03
-5.22896364e-01  1.00000000e-03
-5.05519275e-01  1.00000000e-03
-5.59336110e-01  1.00000000e-03
-4.27431614e-01  1.00000000e-03
-4.92695097e-01  1.00000000e-03
-5.24533628e-01  1.00000000e-03
 1.14843320e+00  1.00000000e-03
 3.36931942e-01  1.00000000e-03
-3.69565238e-01  1.00000000e-03
-1.95250499e-01  1.00000000e-03
-5.57800323e-01  1.00000000e-03
-4.97958665e-01  1.00000000e-03
-5.31793300e-01  1.00000000e-03
 6.98443857e-01  1.00000000e-03
-2.62841398e-01  1.00000000e-03
-4.92164162e-01  1.00000000e-03
-4.90827409e-01  1.00000000e-03
-2.58601410e-02  1.00000000e-03
 1.08964603e+00  1.00000000e-03
 3.80777961e-01  1.00000000e-03
-5.95119553e-01  1.00000000e-03
-5.06252500e-01  1.00000000e-03
 1.10633194e+00  1.00000000e-03
-2.60854862e-01  1.00000000e-03
-5.06527034e-01  1.00000000e-03
-6.30084981e-01  1.00000000e-03
-6.28641081e-01  1.00000000e-03
 5.18611233e-01  1.00000000e-03
 7.06518184e-01  1.00000000e-03
 6.57684624e-01  1.00000000e-03
-5.22585284e-01  1.00000000e-03
-3.46454484e-01  1.00000000e-03
-5.85342596e-01  1.00000000e-03
 9.55404515e-01  1.00000000e-03
-4.73085573e-01  1.00000000e-03
-1.54377061e-01  1.00000000e-03
-5.55456197e-01  1.00000000e-03
-6.25471165e-02  1.00000000e-03
 3.26929450e-01  1.00000000e-03
 3.06875942e-01  1.00000000e-03
-5.57024640e-01  1.00000000e-03
-5.61980877e-01  1.00000000e-03
 5.31639909e-01  1.00000000e-03
 2.56538421e-04  1.00000000e-03
-3.60787503e-01  1.00000000e-03
-4.78467305e-01  1.00000000e-03
 9.86392678e-01  1.00000000e-03
-1.75278303e-01  1.00000000e-03
 8.01362579e-01  1.00000000e-03
-4.52779820e-01  1.00000000e-03
-5.01474305e-01  1.00000000e-03
-6.53241289e-01  1.00000000e-03
 1.09757166e+00  1.00000000e-03
 1.12784845e+00  1.00000000e-03
-5.93096577e-01  1.00000000e-03
-2.22435938e-01  1.00000000e-03
 5.70942382e-01  1.00000000e-03
 2.55634094e-01  1.00000000e-03
 1.14088961e+00  1.00000000e-03
 1.97838807e-02  1.00000000e-03
-5.59717061e-01  1.00000000e-03
 5.94003895e-01  1.00000000e-03
-4.48919534e-01  1.00000000e-03
-2.25240483e-01  1.00000000e-03
 1.05263383e+00  1.00000000e-03
 3.23450082e-01  1.00000000e-03
-3.51825510e-01  1.00000000e-03
-1.50479930e-01  1.00000000e-03
-5.12770622e-01  1.00000000e-03
 6.90359849e-01  1.00000000e-03
-5.21940173e-01  1.00000000e-03
-4.42036802e-01  1.00000000e-03
 9.78782942e-01  1.00000000e-03
-5.51020871e-01  1.00000000e-03
-3.89559132e-01  1.00000000e-03
-5.48538838e-01  1.00000000e-03
-3.25517118e-01  1.00000000e-03
-4.31202901e-01  1.00000000e-03
-5.88214619e-01  1.00000000e-03
-1.58836097e-01  1.00000000e-03
-4.89448323e-01  1.00000000e-03
 1.84532303e-01  1.00000000e-03
 1.20343248e+00  1.00000000e-03
-5.73954825e-02  1.00000000e-03
 2.21840444e-01  1.00000000e-03
-3.92923925e-01  1.00000000e-03
 1.06575517e+00  1.00000000e-03
-5.92107264e-01  1.00000000e-03
 4.40208827e-01  1.00000000e-03
-5.42302248e-01  1.00000000e-03
 3.52998562e-01  1.00000000e-03
 1.19888417e+00  1.00000000e-03
 1.17756171e+00  1.00000000e-03
-5.75943241e-01  1.00000000e-03
-6.70479710e-01  1.00000000e-03
 2.13153219e-01  1.00000000e-03
-3.78460156e-01  1.00000000e-03
-6.11944232e-01  1.00000000e-03
-5.39055790e-01  1.00000000e-03
-4.66948678e-01  1.00000000e-03
-5.29995582e-01  1.00000000e-03
 4.62980531e-01  1.00000000e-03
-2.05882597e-01  1.00000000e-03
-5.72752852e-01  1.00000000e-03
 4.69059061e-01  1.00000000e-03
 1.10183521e+00  1.00000000e-03
-5.07698738e-01  1.00000000e-03
 7.18623574e-01  1.00000000e-03
 9.24291646e-01  1.00000000e-03
 1.10480680e+00  1.00000000e-03
 4.59488175e-01  1.00000000e-03
 6.28564726e-01  1.00000000e-03
-8.84007910e-02  1.00000000e-03
 7.74323285e-01  1.00000000e-03
 8.56883513e-02  1.00000000e-03
-2.13370398e-01  1.00000000e-03
 5.58088084e-01  1.00000000e-03
-5.94201462e-02  1.00000000e-03
-5.47288763e-01  1.00000000e-03
-4.92998448e-01  1.00000000e-03
-1.31780641e-01  1.00000000e-03
-4.99098231e-01  1.00000000e-03
-3.15469804e-01  1.00000000e-03
-2.10203297e-01  1.00000000e-03
 1.14991505e+00  1.00000000e-03
 8.53000536e-01  1.00000000e-03
-5.87252220e-01  1.00000000e-03
-5.38656918e-01  1.00000000e-03
-2.00316038e-01  1.00000000e-03
 9.09516432e-01  1.00000000e-03
-2.43492539e-01  1.00000000e-03
-5.70478340e-01  1.00000000e-03
-4.00474306e-01  1.00000000e-03
 8.27636550e-01  1.00000000e-03
 1.32275080e-01  1.00000000e-03
-5.52247486e-01  1.00000000e-03
-2.52726081e-01  1.00000000e-03
-5.28242441e-01  1.00000000e-03
-4.99877860e-01  1.00000000e-03
 7.82118139e-01  1.00000000e-03
-2.36745498e-01  1.00000000e-03
 8.63550245e-01  1.00000000e-03
 8.38627261e-01  1.00000000e-03
 7.06729766e-02  1.00000000e-03
-4.61992556e-01  1.00000000e-03
 1.14694842e+00  1.00000000e-03
 1.86489517e-01  1.00000000e-03
 1.00618544e+00  1.00000000e-03
-3.22485564e-01  1.00000000e-03
 3.46737840e-01  1.00000000e-03
-5.13413306e-01  1.00000000e-03
 1.77966666e-01  1.00000000e-03
-4.87881835e-01  1.00000000e-03
 7.78227165e-01  1.00000000e-03
 8.45855757e-01  1.00000000e-03
 3.26322371e-02  1.00000000e-03
 5.88908015e-01  1.00000000e-03
 7.14586324e-01  1.00000000e-03
-5.85817829e-01  1.00000000e-03
-5.64213224e-01  1.00000000e-03
 3.98487236e-01  1.00000000e-03
 1.02386515e+00  1.00000000e-03
-3.17852947e-01  1.00000000e-03
-4.70841170e-01  1.00000000e-03
 8.87280836e-01  1.00000000e-03
 1.07977719e+00  1.00000000e-03
-5.29641476e-01  1.00000000e-03
-5.98961299e-01  1.00000000e-03
 2.40228437e-01  1.00000000e-03
-3.27115372e-02  1.00000000e-03
-4.96524905e-01  1.00000000e-03
 1.16813523e+00  1.00000000e-03
-4.46604518e-01  1.00000000e-03
-3.86907253e-01  1.00000000e-03
 1.04458837e+00  1.00000000e-03
-5.46454144e-01  1.00000000e-03
-2.19113143e-01  1.00000000e-03
-3.73313532e-01  1.00000000e-03
-5.39858503e-01  1.00000000e-03
-5.36300961e-01  1.00000000e-03
-5.71985814e-01  1.00000000e-03
-1.81881467e-01  1.00000000e-03
-5.41891648e-01  1.00000000e-03
-5.62728086e-01  1.00000000e-03
-4.94788080e-01  1.00000000e-03
-4.63744498e-01  1.00000000e-03
 9.50655855e-01  1.00000000e-03
 1.95199990e-01  1.00000000e-03
 9.27123959e-01  1.00000000e-03
-6.04287980e-01  1.00000000e-03
-5.91126523e-01  1.00000000e-03
-3.43608709e-01  1.00000000e-03
 2.49661737e-01  1.00000000e-03
 1.08838499e+00  1.00000000e-03
-4.98813371e-01  1.00000000e-03
-5.97249143e-01  1.00000000e-03
-3.79570129e-01  1.00000000e-03
 1.06158130e+00  1.00000000e-03
 6.62046763e-01  1.00000000e-03
-5.16347800e-01  1.00000000e-03
 1.02788153e-01  1.00000000e-03
 1.03439062e+00  1.00000000e-03
-5.12479269e-01  1.00000000e-03
-2.32417225e-01  1.00000000e-03
 6.86393218e-01  1.00000000e-03
 8.77274079e-01  1.00000000e-03
-5.01755854e-01  1.00000000e-03
-4.54148612e-01  1.00000000e-03
 6.37072923e-01  1.00000000e-03
 1.06766605e-01  1.00000000e-03
-5.22247148e-01  1.00000000e-03
 6.20006433e-01  1.00000000e-03
-4.04140155e-01  1.00000000e-03
 2.97235145e-01  1.00000000e-03
 7.30681688e-01  1.00000000e-03
-5.71228194e-01  1.00000000e-03
 2.19027208e-01  1.00000000e-03
 6.20195109e-02  1.00000000e-03
-6.35721462e-01  1.00000000e-03
-4.71898119e-01  1.00000000e-03
-4.43323922e-01  1.00000000e-03
-4.33967011e-01  1.00000000e-03
-4.25606462e-01  1.00000000e-03
-5.44370390e-01  1.00000000e-03
-5.91616025e-01  1.00000000e-03
-2.42117011e-01  1.00000000e-03
 5.44694826e-01  1.00000000e-03
-5.37864367e-01  1.00000000e-03
 4.53324741e-01  1.00000000e-03
-6.10097970e-01  1.00000000e-03
 7.89859394e-01  1.00000000e-03
-3.93598568e-01  1.00000000e-03
-5.63472097e-01  1.00000000e-03
-4.58114911e-01  1.00000000e-03
-1.56258317e-01  1.00000000e-03
-4.95398334e-01  1.00000000e-03
-5.67157481e-01  1.00000000e-03
-4.43736275e-01  1.00000000e-03
 1.04124355e+00  1.00000000e-03
 4.78493671e-01  1.00000000e-03
-1.64092809e-01  1.00000000e-03
-5.74321229e-01  1.00000000e-03
 1.08099821e+00  1.00000000e-03
-3.28529363e-01  1.00000000e-03
 1.92918859e-01  1.00000000e-03
-2.66939617e-01  1.00000000e-03
-5.17668575e-01  1.00000000e-03
 1.12615083e+00  1.00000000e-03
-2.72402072e-01  1.00000000e-03
 1.07608966e+00  1.00000000e-03
-4.68674739e-01  1.00000000e-03
-4.75953464e-01  1.00000000e-03
 3.92898076e-01  1.00000000e-03
-1.18537875e-01  1.00000000e-03
-4.29762121e-01  1.00000000e-03
-2.33554266e-01  1.00000000e-03
-1.31008972e-01  1.00000000e-03
 2.87462742e-01  1.00000000e-03
-6.12891658e-01  1.00000000e-03
 1.14395046e+00  1.00000000e-03
-9.88461818e-02  1.00000000e-03
-1.36858394e-01  1.00000000e-03
 9.82631425e-01  1.00000000e-03
 7.42691555e-01  1.00000000e-03
 1.22398137e-01  1.00000000e-03
-1.84758069e-02  1.00000000e-03
-5.76776181e-01  1.00000000e-03
-3.99313621e-01  1.00000000e-03
 1.07855344e+00  1.00000000e-03
-5.16068410e-01  1.00000000e-03
-5.89665896e-01  1.00000000e-03
-6.23906111e-01  1.00000000e-03
-5.79363171e-01  1.00000000e-03
-4.88414559e-01  1.00000000e-03
 9.32660252e-01  1.00000000e-03
-2.50077990e-01  1.00000000e-03
 1.48308479e-02  1.00000000e-03
-2.74978442e-01  1.00000000e-03
 9.62216074e-01  1.00000000e-03
-6.21822333e-01  1.00000000e-03
-1.68246810e-02  1.00000000e-03
-4.32654373e-01  1.00000000e-03
-3.49029904e-01  1.00000000e-03
-5.26869993e-01  1.00000000e-03
-3.84744306e-01  1.00000000e-03
 1.02209791e+00  1.00000000e-03
 9.59985851e-01  1.00000000e-03
 1.19061521e+00  1.00000000e-03
 9.95516298e-01  1.00000000e-03
-5.61230173e-01  1.00000000e-03
 1.18353454e+00  1.00000000e-03
 7.93708731e-01  1.00000000e-03
 7.97543272e-01  1.00000000e-03
 5.03772405e-01  1.00000000e-03
 5.79958420e-01  1.00000000e-03
 1.29825800e-01  1.00000000e-03
-5.94606353e-01  1.00000000e-03
-5.92600622e-01  1.00000000e-03
-4.61468461e-01  1.00000000e-03
 6.02753547e-01  1.00000000e-03
 8.73882199e-01  1.00000000e-03
-5.27210920e-01  1.00000000e-03
-4.57012504e-01  1.00000000e-03
-3.98147326e-01  1.00000000e-03
-4.87430977e-01  1.00000000e-03
-6.13852650e-01  1.00000000e-03
-3.59101196e-01  1.00000000e-03
-5.10766890e-01  1.00000000e-03
-5.46871496e-01  1.00000000e-03
-4.05571670e-01  1.00000000e-03
-5.30351469e-01  1.00000000e-03
 1.14545563e+00  1.00000000e-03
 5.85152272e-01  1.00000000e-03
 2.27744203e-01  1.00000000e-03
-3.25262294e-01  1.00000000e-03
-3.57428923e-01  1.00000000e-03
 9.80719072e-01  1.00000000e-03
 1.11765696e+00  1.00000000e-03
 6.53803914e-01  1.00000000e-03
-5.41482269e-01  1.00000000e-03
-4.36375407e-01  1.00000000e-03
 9.70762420e-01  1.00000000e-03
 5.61846209e-01  1.00000000e-03
 6.70210010e-01  1.00000000e-03
 1.08589698e+00  1.00000000e-03
-5.82993833e-01  1.00000000e-03
-1.16418846e-02  1.00000000e-03
-4.40026417e-01  1.00000000e-03
-5.14345982e-01  1.00000000e-03
-5.86294591e-01  1.00000000e-03
 1.63920684e-01  1.00000000e-03
 3.43316479e-01  1.00000000e-03
-3.41701312e-01  1.00000000e-03
-5.74721410e-01  1.00000000e-03
-6.38235244e-01  1.00000000e-03
-5.81155686e-01  1.00000000e-03
-3.66861231e-01  1.00000000e-03
-4.16704654e-01  1.00000000e-03
-6.76816386e-01  1.00000000e-03
-6.00177225e-01  1.00000000e-03
 8.49438892e-01  1.00000000e-03
-2.47913738e-01  1.00000000e-03
-5.60853417e-01  1.00000000e-03
-5.21550646e-02  1.00000000e-03
-5.15016045e-01  1.00000000e-03
-5.89181160e-01  1.00000000e-03
 6.15229433e-01  1.00000000e-03
 9.38022303e-01  1.00000000e-03
-5.73924424e-01  1.00000000e-03
 1.04947509e+00  1.00000000e-03
 7.34693042e-01  1.00000000e-03
-5.27896985e-01  1.00000000e-03
-5.96702891e-01  1.00000000e-03
-4.91767910e-01  1.00000000e-03
-4.44779727e-01  1.00000000e-03
-5.69364492e-01  1.00000000e-03
 1.70330694e-01  1.00000000e-03
-3.88744573e-01  1.00000000e-03
 1.09484970e+00  1.00000000e-03
-4.83934589e-01  1.00000000e-03
-5.84397218e-01  1.00000000e-03
-5.15405523e-01  1.00000000e-03
-1.66583567e-01  1.00000000e-03
-5.50609578e-01  1.00000000e-03
 9.93716014e-01  1.00000000e-03
-4.35825236e-01  1.00000000e-03
-1.12922590e-01  1.00000000e-03
-5.54663027e-01  1.00000000e-03
-6.05834932e-01  1.00000000e-03
 2.26681351e-02  1.00000000e-03
-5.54264162e-01  1.00000000e-03
-4.82858427e-01  1.00000000e-03
-2.97815461e-01  1.00000000e-03
-5.61605980e-01  1.00000000e-03
-4.05988057e-01  1.00000000e-03
 4.72544962e-01  1.00000000e-03
 1.10788282e+00  1.00000000e-03
 6.78316209e-01  1.00000000e-03
-3.75319636e-01  1.00000000e-03
-4.21187800e-01  1.00000000e-03
 7.58589115e-01  1.00000000e-03
-4.76865954e-01  1.00000000e-03
 7.66478859e-01  1.00000000e-03
 1.03090446e+00  1.00000000e-03
-2.29864992e-02  1.00000000e-03
-5.55060371e-01  1.00000000e-03
-4.47784430e-01  1.00000000e-03
-5.70852401e-01  1.00000000e-03
-6.48630591e-01  1.00000000e-03
-6.33568584e-01  1.00000000e-03
-4.39270139e-02  1.00000000e-03
-4.62597952e-01  1.00000000e-03
-5.53863781e-01  1.00000000e-03
-5.25192773e-01  1.00000000e-03
-5.20947200e-01  1.00000000e-03
-4.98270540e-01  1.00000000e-03
-4.64643150e-01  1.00000000e-03
 4.30506988e-01  1.00000000e-03
-5.28938534e-01  1.00000000e-03
-5.24201257e-01  1.00000000e-03
 1.18692742e+00  1.00000000e-03
 6.45484290e-01  1.00000000e-03
-2.69910873e-01  1.00000000e-03
 1.08466583e+00  1.00000000e-03
-5.46036830e-01  1.00000000e-03
 1.06299404e+00  1.00000000e-03
 1.22827610e+00  1.00000000e-03
-4.97094355e-01  1.00000000e-03
-5.06978002e-01  1.00000000e-03
 3.03855461e-01  1.00000000e-03
-6.03549044e-01  1.00000000e-03
 9.21417380e-01  1.00000000e-03
-5.71605929e-01  1.00000000e-03
 8.80638442e-01  1.00000000e-03
 3.89831054e-01  1.00000000e-03
-5.03332067e-01  1.00000000e-03
 1.16427172e+00  1.00000000e-03
-5.58954004e-01  1.00000000e-03
-9.33972361e-02  1.00000000e-03
-3.68798066e-02  1.00000000e-03
 6.94453519e-01  1.00000000e-03
-6.11012387e-01  1.00000000e-03
-5.90638465e-01  1.00000000e-03
-4.60442806e-01  1.00000000e-03
-4.69691522e-01  1.00000000e-03
-5.99560935e-01  1.00000000e-03
-1.15193498e-01  1.00000000e-03
-4.35105433e-01  1.00000000e-03
-5.05788782e-01  1.00000000e-03
-6.83515096e-02  1.00000000e-03
 1.11105816e+00  1.00000000e-03
 7.55588160e-02  1.00000000e-03
-5.43126766e-01  1.00000000e-03
-4.81748400e-01  1.00000000e-03
 1.15289358e+00  1.00000000e-03
 7.38695269e-01  1.00000000e-03
 9.99126344e-02  1.00000000e-03
-5.64582816e-01  1.00000000e-03
 1.08713600e+00  1.00000000e-03
-2.65889826e-01  1.00000000e-03
 1.01148758e+00  1.00000000e-03
-4.23965711e-01  1.00000000e-03
 1.17024461e+00  1.00000000e-03
-5.82530486e-01  1.00000000e-03
 9.66561411e-01  1.00000000e-03
-5.66423333e-01  1.00000000e-03
-5.44786340e-01  1.00000000e-03
-5.00217650e-01  1.00000000e-03
-6.58467602e-01  1.00000000e-03
-4.51202707e-01  1.00000000e-03
-6.07474234e-01  1.00000000e-03
 7.02509640e-01  1.00000000e-03
 4.02299295e-02  1.00000000e-03
 4.95357736e-01  1.00000000e-03
-5.94098704e-01  1.00000000e-03
 1.15593707e+00  1.00000000e-03
 4.49839037e-01  1.00000000e-03
-9.39928827e-02  1.00000000e-03
 2.74276765e-01  1.00000000e-03
 8.08953812e-01  1.00000000e-03
 1.07232475e+00  1.00000000e-03
-5.97806741e-01  1.00000000e-03
-8.69881898e-02  1.00000000e-03
-4.63354140e-01  1.00000000e-03
-5.33265148e-01  1.00000000e-03
 2.68105235e-01  1.00000000e-03
-5.80253203e-01  1.00000000e-03
-3.44778303e-01  1.00000000e-03
 8.67019443e-01  1.00000000e-03
-2.55765683e-01  1.00000000e-03
-2.64281471e-01  1.00000000e-03
-5.41074192e-01  1.00000000e-03
-4.29206460e-01  1.00000000e-03
 2.84009235e-01  1.00000000e-03
-5.34389151e-01  1.00000000e-03
-3.85589118e-01  1.00000000e-03
 9.84521969e-01  1.00000000e-03
-6.26126960e-01  1.00000000e-03
-5.75125082e-01  1.00000000e-03
-4.93640987e-01  1.00000000e-03
 5.22334111e-01  1.00000000e-03
 7.26668188e-01  1.00000000e-03
 1.14557089e-01  1.00000000e-03
 9.72812649e-01  1.00000000e-03
-4.38132392e-01  1.00000000e-03
-4.71372105e-01  1.00000000e-03
-5.25858659e-01  1.00000000e-03
-1.87123215e-01  1.00000000e-03
-6.20804415e-01  1.00000000e-03
-3.92911499e-02  1.00000000e-03
 9.71899873e-02  1.00000000e-03
 7.50658490e-01  1.00000000e-03
 8.16479148e-01  1.00000000e-03
 1.06014640e+00  1.00000000e-03
-5.09379477e-01  1.00000000e-03
 5.43802314e-02  1.00000000e-03
-6.05049871e-01  1.00000000e-03
-2.59269870e-01  1.00000000e-03
-4.09782265e-01  1.00000000e-03
 8.27909368e-02  1.00000000e-03
 8.31319219e-01  1.00000000e-03
-5.51839896e-01  1.00000000e-03
-4.25825733e-01  1.00000000e-03
-4.87058619e-01  1.00000000e-03
-8.23036465e-02  1.00000000e-03
-6.06643145e-01  1.00000000e-03
-1.78495301e-01  1.00000000e-03
-4.67613066e-01  1.00000000e-03
 5.97763167e-01  1.00000000e-03
-4.66537407e-01  1.00000000e-03
-5.23880286e-01  1.00000000e-03
 7.62539360e-01  1.00000000e-03
 5.53039837e-01  1.00000000e-03
-4.11506470e-01  1.00000000e-03
-4.49714371e-01  1.00000000e-03
-6.16796076e-01  1.00000000e-03
-5.08677939e-01  1.00000000e-03
 1.21314914e+00  1.00000000e-03
 2.36755139e-01  1.00000000e-03
-4.59938759e-02  1.00000000e-03
-2.29024867e-01  1.00000000e-03
-4.40447257e-01  1.00000000e-03
-4.78920575e-01  1.00000000e-03
-4.07466197e-01  1.00000000e-03
-5.39456334e-01  1.00000000e-03
 6.06531604e-01  1.00000000e-03
 1.17125780e-01  1.00000000e-03
-5.77624017e-01  1.00000000e-03
 9.97307847e-01  1.00000000e-03
-4.22498611e-01  1.00000000e-03
-5.30709168e-01  1.00000000e-03
-4.02030513e-01  1.00000000e-03
 1.05868900e+00  1.00000000e-03
 1.48245246e-01  1.00000000e-03
-1.62462953e-01  1.00000000e-03
-5.32525419e-01  1.00000000e-03
-2.54119481e-01  1.00000000e-03
 1.22325689e+00  1.00000000e-03
 1.24250745e+00  1.00000000e-03
 1.05720895e+00  1.00000000e-03
-4.33598263e-01  1.00000000e-03
-1.00823786e-01  1.00000000e-03
 5.40417581e-01  1.00000000e-03
-5.43540495e-01  1.00000000e-03
-4.83170594e-01  1.00000000e-03
-5.36689033e-01  1.00000000e-03
-5.95639303e-01  1.00000000e-03
-4.51844340e-01  1.00000000e-03
-5.03059462e-01  1.00000000e-03
-6.44624714e-01  1.00000000e-03
 1.23794194e+00  1.00000000e-03
-4.77251939e-01  1.00000000e-03
 4.10900705e-01  1.00000000e-03
-5.67524504e-01  1.00000000e-03
 1.08221858e+00  1.00000000e-03
-1.38141204e-01  1.00000000e-03
-5.48954556e-01  1.00000000e-03
-5.11453644e-01  1.00000000e-03
-5.37470759e-01  1.00000000e-03
 8.42251701e-01  1.00000000e-03
 9.91905315e-01  1.00000000e-03
-5.53461897e-01  1.00000000e-03
 1.36190337e-01  1.00000000e-03
-4.65181569e-01  1.00000000e-03
 1.02739278e+00  1.00000000e-03
 1.00087094e+00  1.00000000e-03
 1.11432184e+00  1.00000000e-03
-3.38942920e-01  1.00000000e-03
 1.15440354e+00  1.00000000e-03
 1.11934451e+00  1.00000000e-03
 3.33355067e-01  1.00000000e-03
-3.54491918e-01  1.00000000e-03
 8.70463700e-01  1.00000000e-03
-3.72690139e-01  1.00000000e-03
-5.65688347e-01  1.00000000e-03
-5.35530494e-01  1.00000000e-03
-1.21467870e-01  1.00000000e-03
-2.37823769e-01  1.00000000e-03
-4.18002849e-01  1.00000000e-03
-5.35914777e-01  1.00000000e-03
 9.29913677e-01  1.00000000e-03
 8.23935370e-01  1.00000000e-03
-3.63820122e-01  1.00000000e-03
-4.77978132e-01  1.00000000e-03
 4.14724041e-02  1.00000000e-03
-5.07972223e-01  1.00000000e-03
-4.55354157e-01  1.00000000e-03
-2.14185613e-01  1.00000000e-03
-5.80702951e-01  1.00000000e-03
-5.81611277e-01  1.00000000e-03
-5.63100473e-01  1.00000000e-03
-6.41180006e-01  1.00000000e-03
 1.00441642e+00  1.00000000e-03
 5.36491060e-01  1.00000000e-03
-3.50989669e-01  1.00000000e-03
 1.24512347e-01  1.00000000e-03
-5.18326037e-01  1.00000000e-03
-1.24243461e-01  1.00000000e-03
-4.96244814e-01  1.00000000e-03
-4.75574334e-01  1.00000000e-03
-5.16728049e-01  1.00000000e-03
 1.13932935e+00  1.00000000e-03
-3.31235683e-01  1.00000000e-03
 1.03265137e+00  1.00000000e-03
 9.12550520e-01  1.00000000e-03
-5.14740863e-01  1.00000000e-03
 3.83751726e-01  1.00000000e-03
-5.38259765e-01  1.00000000e-03
-5.78923121e-01  1.00000000e-03
-5.76357848e-01  1.00000000e-03
-3.76594109e-01  1.00000000e-03
-7.55627739e-02  1.00000000e-03
-1.94163521e-01  1.00000000e-03
 1.03784067e+00  1.00000000e-03
 1.25094525e+00  1.00000000e-03
 1.06710507e+00  1.00000000e-03
 3.56194057e-01  1.00000000e-03
 8.83974351e-01  1.00000000e-03
 1.10945862e+00  1.00000000e-03
 8.93801518e-01  1.00000000e-03
-4.39140738e-01  1.00000000e-03
 1.18042038e+00  1.00000000e-03
-5.57413165e-01  1.00000000e-03
 3.74698906e-01  1.00000000e-03
-2.80104930e-01  1.00000000e-03
-5.58570700e-01  1.00000000e-03
 8.12724919e-01  1.00000000e-03
-5.15682710e-01  1.00000000e-03
-5.47705824e-01  1.00000000e-03
-4.55596355e-01  1.00000000e-03
 9.48217002e-01  1.00000000e-03
 6.82255015e-01  1.00000000e-03
-6.18790653e-01  1.00000000e-03
 1.17493151e+00  1.00000000e-03
-5.84869016e-01  1.00000000e-03
 4.20701546e-01  1.00000000e-03
-4.20555001e-01  1.00000000e-03
 1.05570626e+00  1.00000000e-03
-1.88584011e-01  1.00000000e-03
-2.24159000e-01  1.00000000e-03
-5.83459493e-01  1.00000000e-03
-5.07255008e-01  1.00000000e-03
-6.14825096e-01  1.00000000e-03
-2.07953028e-01  1.00000000e-03
-4.95664514e-01  1.00000000e-03
-5.04088565e-01  1.00000000e-03
-4.72593249e-01  1.00000000e-03
-4.13962547e-01  1.00000000e-03
 1.01502314e+00  1.00000000e-03
-4.85367456e-01  1.00000000e-03
-4.93926663e-01  1.00000000e-03
 5.12941617e-01  1.00000000e-03
-5.43955072e-01  1.00000000e-03
 9.99092240e-01  1.00000000e-03
 1.07732492e+00  1.00000000e-03
-5.14071265e-01  1.00000000e-03
-4.59281953e-01  1.00000000e-03
 4.06388636e-01  1.00000000e-03
-5.31430065e-01  1.00000000e-03
-3.81990502e-01  1.00000000e-03
 8.56540081e-01  1.00000000e-03
 8.90556899e-01  1.00000000e-03
-7.36764884e-02  1.00000000e-03
 5.09255425e-01  1.00000000e-03
-3.56679159e-01  1.00000000e-03
-4.59957587e-01  1.00000000e-03
 2.87742134e-02  1.00000000e-03
 8.60056881e-01  1.00000000e-03
 1.03612085e+00  1.00000000e-03
 6.32457317e-01  1.00000000e-03
 1.56819659e-01  1.00000000e-03
-5.09807684e-01  1.00000000e-03
 4.70010964e-02  1.00000000e-03
-5.10077419e-01  1.00000000e-03
 9.40637233e-01  1.00000000e-03
-5.02278207e-01  1.00000000e-03
 9.35363238e-01  1.00000000e-03
-5.02551269e-01  1.00000000e-03
-3.53444966e-01  1.00000000e-03
 1.09034023e-01  1.00000000e-03
 7.46679053e-01  1.00000000e-03
 1.09352118e+00  1.00000000e-03
-4.48347136e-01  1.00000000e-03
 9.45734470e-01  1.00000000e-03
-5.19640159e-01  1.00000000e-03
-5.78053462e-01  1.00000000e-03
-5.87732870e-01  1.00000000e-03
-5.51431002e-01  1.00000000e-03
-5.73140394e-01  1.00000000e-03
 1.59335294e-01  1.00000000e-03
 1.11267988e+00  1.00000000e-03
 1.12444798e+00  1.00000000e-03
 1.02032951e+00  1.00000000e-03
 6.49365152e-01  1.00000000e-03
 5.27906866e-01  1.00000000e-03
 5.67199640e-01  1.00000000e-03
-5.60096901e-01  1.00000000e-03
-1.08295111e-01  1.00000000e-03
-3.47924891e-01  1.00000000e-03
-4.54349955e-01  1.00000000e-03
-5.83927333e-01  1.00000000e-03
 1.04623582e+00  1.00000000e-03
-5.62354900e-01  1.00000000e-03
-5.66790462e-01  1.00000000e-03
-4.86114160e-01  1.00000000e-03
 7.42061609e-03  1.00000000e-03
-5.68995329e-01  1.00000000e-03
-3.34133622e-01  1.00000000e-03
-5.25523257e-01  1.00000000e-03
-5.10261983e-02  1.00000000e-03
 4.24307609e-01  1.00000000e-03
-5.10496589e-01  1.00000000e-03
-6.17791020e-01  1.00000000e-03
-5.82069589e-01  1.00000000e-03
-4.14812033e-01  1.00000000e-03
 6.74120314e-01  1.00000000e-03
-5.53058531e-01  1.00000000e-03
-2.28790693e-01  1.00000000e-03
-5.35148123e-01  1.00000000e-03
 2.01343552e-01  1.00000000e-03
-5.18688610e-01  1.00000000e-03
-5.56634712e-01  1.00000000e-03
-4.86424720e-01  1.00000000e-03
 1.06974842e+00  1.00000000e-03
 6.65937543e-01  1.00000000e-03
-5.73530863e-01  1.00000000e-03
 9.76821090e-01  1.00000000e-03
-5.63843000e-01  1.00000000e-03
 1.23318682e+00  1.00000000e-03
-4.50211759e-01  1.00000000e-03
 3.62389557e-01  1.00000000e-03
-5.67891657e-01  1.00000000e-03
 2.77540996e-01  1.00000000e-03
 3.16852713e-01  1.00000000e-03
 4.82062633e-01  1.00000000e-03
 9.64407499e-01  1.00000000e-03
-5.68259078e-01  1.00000000e-03
-5.77198244e-01  1.00000000e-03
-3.21400365e-01  1.00000000e-03
 1.02915118e+00  1.00000000e-03
 1.09896775e+00  1.00000000e-03
-5.37078973e-01  1.00000000e-03
-3.36296124e-01  1.00000000e-03
 1.15750226e+00  1.00000000e-03
-4.03169075e-01  1.00000000e-03
-3.96567018e-01  1.00000000e-03
-4.58549887e-01  1.00000000e-03
-4.70018244e-01  1.00000000e-03
 5.49147435e-01  1.00000000e-03
 1.13614419e+00  1.00000000e-03
-3.95720211e-01  1.00000000e-03
 1.12953729e+00  1.00000000e-03
-4.94521997e-01  1.00000000e-03
-5.40667494e-01  1.00000000e-03
-5.32158413e-01  1.00000000e-03
-5.20645678e-01  1.00000000e-03
-3.65042872e-01  1.00000000e-03
-5.95111132e-03  1.00000000e-03
 1.03954870e+00  1.00000000e-03
 1.04786508e+00  1.00000000e-03
-5.90151637e-01  1.00000000e-03
 1.01325510e+00  1.00000000e-03
 1.06843577e+00  1.00000000e-03
 1.24685426e+00  1.00000000e-03
 7.54628564e-01  1.00000000e-03
-5.96166691e-01  1.00000000e-03
-5.34012556e-01  1.00000000e-03
-6.27333823e-01  1.00000000e-03
-5.88697397e-01  1.00000000e-03
-6.69965797e-02  1.00000000e-03
 7.85995708e-01  1.00000000e-03
-4.45121353e-01  1.00000000e-03
-5.23547249e-01  1.00000000e-03
 3.13589192e-01  1.00000000e-03
-5.08408818e-01  1.00000000e-03
-5.93595710e-01  1.00000000e-03
 1.08344041e+00  1.00000000e-03
-5.26531436e-01  1.00000000e-03
-3.32778449e-01  1.00000000e-03
-1.26382651e-01  1.00000000e-03
-3.82222198e-01  1.00000000e-03
 2.30847520e-01  1.00000000e-03
-5.33637890e-01  1.00000000e-03
 9.74831610e-01  1.00000000e-03
 9.88245518e-01  1.00000000e-03
-1.48364751e-01  1.00000000e-03
 2.10177142e-01  1.00000000e-03
-5.03795105e-01  1.00000000e-03
-8.01243051e-02  1.00000000e-03
 1.09092113e+00  1.00000000e-03
