       400  0.1142300E-01
       400  0.1113400E-01
       400  0.1474201E-01
       400  0.1491900E-01
       400  0.1127499E-01
       400  0.1524000E-01
      1000  0.2409498E-01
      1000  0.2335100E-01
      1000  0.2204001E-01
      1000  0.3011600E-01
      1000  0.2356900E-01
      4000  0.9304100E-01
      4000  0.9101203E-01
      4000  0.8713307E-01
      4000  0.8647695E-01
      4000  0.8591599E-01
     10000  0.2153630E+00
     10000  0.2139398E+00
     10000  0.2312891E+00
     10000  0.2100181E+00
     10000  0.2169301E+00
     20000  0.4362492E+00
     20000  0.4466002E+00
     20000  0.4291507E+00
     20000  0.4252895E+00
     20000  0.4728422E+00
     50000  0.1185206E+01
     50000  0.1127847E+01
     50000  0.1150741E+01
     50000  0.1142185E+01
     50000  0.1146848E+01
     10000  0.2112751E+00
     50000  0.1223020E+01
