-2.99359024e-01  1.00000000e-03
 4.39187782e-01  1.00000000e-03
-1.09379562e-01  1.00000000e-03
 5.71462175e-01  1.00000000e-03
-1.14867165e-01  1.00000000e-03
-1.86453392e-01  1.00000000e-03
-3.80219467e-01  1.00000000e-03
 4.76958743e-01  1.00000000e-03
 5.04690597e-01  1.00000000e-03
 5.62652086e-01  1.00000000e-03
 6.03798070e-01  1.00000000e-03
-2.43890552e-01  1.00000000e-03
-1.74020537e-01  1.00000000e-03
-3.03625843e-01  1.00000000e-03
-2.18380350e-01  1.00000000e-03
-2.61499440e-01  1.00000000e-03
-4.34456993e-01  1.00000000e-03
 1.24268547e-01  1.00000000e-03
 6.64507410e-03  1.00000000e-03
-3.35350912e-01  1.00000000e-03
 2.76349951e-01  1.00000000e-03
-4.72721418e-01  1.00000000e-03
-5.80673388e-02  1.00000000e-03
-2.47640232e-01  1.00000000e-03
 1.48068520e-01  1.00000000e-03
 3.98579464e-01  1.00000000e-03
 2.40514668e-01  1.00000000e-03
-1.63778227e-01  1.00000000e-03
 1.92726181e-01  1.00000000e-03
-2.27381224e-01  1.00000000e-03
-2.42658244e-01  1.00000000e-03
 6.05623168e-01  1.00000000e-03
 5.60898977e-01  1.00000000e-03
-3.49137903e-01  1.00000000e-03
 1.62352154e-01  1.00000000e-03
 2.31644553e-01  1.00000000e-03
-9.94545501e-02  1.00000000e-03
 3.95649412e-01  1.00000000e-03
 6.54150194e-01  1.00000000e-03
 1.72298270e-01  1.00000000e-03
 7.18025617e-02  1.00000000e-03
-4.01794254e-01  1.00000000e-03
 2.09333396e-03  1.00000000e-03
-1.47448584e-01  1.00000000e-03
 5.83921554e-01  1.00000000e-03
-2.38899167e-01  1.00000000e-03
 7.60699404e-03  1.00000000e-03
-2.50087826e-01  1.00000000e-03
-2.64521982e-01  1.00000000e-03
 1.94289366e-02  1.00000000e-03
-4.39590529e-01  1.00000000e-03
-4.40445322e-01  1.00000000e-03
-3.15598810e-01  1.00000000e-03
 1.80071175e-01  1.00000000e-03
 1.35780742e-01  1.00000000e-03
 4.66070295e-02  1.00000000e-03
 1.30121998e-01  1.00000000e-03
-1.10287691e-01  1.00000000e-03
 4.80178844e-01  1.00000000e-03
 1.69637453e-01  1.00000000e-03
-6.35779971e-02  1.00000000e-03
-3.86263820e-01  1.00000000e-03
 1.20739044e-01  1.00000000e-03
 6.16637628e-01  1.00000000e-03
-3.48275427e-01  1.00000000e-03
-1.77888309e-01  1.00000000e-03
 2.04164661e-01  1.00000000e-03
-4.37880249e-01  1.00000000e-03
 8.76135468e-02  1.00000000e-03
 2.61424297e-01  1.00000000e-03
 1.59816094e-01  1.00000000e-03
-2.95095623e-01  1.00000000e-03
 5.73233122e-01  1.00000000e-03
-3.68991943e-01  1.00000000e-03
-3.36211685e-01  1.00000000e-03
 1.45521493e-01  1.00000000e-03
 8.12957972e-02  1.00000000e-03
-6.11029965e-02  1.00000000e-03
 9.75240616e-02  1.00000000e-03
 2.01560076e-01  1.00000000e-03
 2.78914150e-01  1.00000000e-03
-4.05883984e-02  1.00000000e-03
 1.25399423e-01  1.00000000e-03
-1.38887388e-01  1.00000000e-03
 3.71173336e-01  1.00000000e-03
-2.84863999e-01  1.00000000e-03
 2.06863028e-01  1.00000000e-03
 1.31251774e-01  1.00000000e-03
 2.66012555e-01  1.00000000e-03
-4.60881686e-01  1.00000000e-03
 6.35239723e-01  1.00000000e-03
 8.45121841e-02  1.00000000e-03
-3.20742240e-01  1.00000000e-03
 7.59334737e-02  1.00000000e-03
-3.71582930e-01  1.00000000e-03
-2.36305431e-01  1.00000000e-03
-1.92284067e-01  1.00000000e-03
-2.05451700e-01  1.00000000e-03
 1.38197375e-01  1.00000000e-03
-3.25892555e-01  1.00000000e-03
 3.19180678e-01  1.00000000e-03
 1.21865939e-02  1.00000000e-03
-2.30581864e-01  1.00000000e-03
 4.46989809e-02  1.00000000e-03
-4.47274865e-01  1.00000000e-03
 3.98037172e-02  1.00000000e-03
-3.53451500e-01  1.00000000e-03
-1.13806955e-01  1.00000000e-03
 1.12945977e-01  1.00000000e-03
 3.89821294e-01  1.00000000e-03
 1.50445748e-01  1.00000000e-03
-1.39694856e-01  1.00000000e-03
 5.55977971e-02  1.00000000e-03
 3.00876813e-01  1.00000000e-03
 4.45372275e-01  1.00000000e-03
-3.24332542e-02  1.00000000e-03
 5.38377070e-01  1.00000000e-03
-1.29553942e-01  1.00000000e-03
 1.87639470e-01  1.00000000e-03
-1.02135494e-01  1.00000000e-03
 3.75436991e-01  1.00000000e-03
 2.72319250e-02  1.00000000e-03
 5.33250120e-01  1.00000000e-03
-3.69855595e-01  1.00000000e-03
 5.94718023e-01  1.00000000e-03
-1.53081801e-01  1.00000000e-03
-3.93168980e-01  1.00000000e-03
 5.78563873e-01  1.00000000e-03
 4.68957647e-01  1.00000000e-03
 6.07451303e-01  1.00000000e-03
-2.66760706e-01  1.00000000e-03
 4.05951355e-01  1.00000000e-03
-6.30229726e-03  1.00000000e-03
 1.03925086e-01  1.00000000e-03
 3.68344093e-01  1.00000000e-03
 5.27063544e-02  1.00000000e-03
-1.66874664e-03  1.00000000e-03
-4.56637630e-01  1.00000000e-03
 3.76863495e-01  1.00000000e-03
-2.57355208e-01  1.00000000e-03
 5.41809651e-01  1.00000000e-03
 3.41987764e-01  1.00000000e-03
 5.16633132e-02  1.00000000e-03
-3.58630062e-01  1.00000000e-03
 3.36557551e-01  1.00000000e-03
 4.46925267e-01  1.00000000e-03
-2.89980956e-01  1.00000000e-03
-4.53236956e-01  1.00000000e-03
 3.69757397e-01  1.00000000e-03
 5.75280250e-02  1.00000000e-03
-3.31909279e-01  1.00000000e-03
-9.60016111e-02  1.00000000e-03
 6.29626849e-01  1.00000000e-03
-3.77628622e-01  1.00000000e-03
-2.21518478e-01  1.00000000e-03
 6.11116694e-01  1.00000000e-03
-2.35088631e-01  1.00000000e-03
-2.73075342e-01  1.00000000e-03
 5.03036546e-01  1.00000000e-03
 6.38997053e-01  1.00000000e-03
-3.81083040e-01  1.00000000e-03
 4.53164798e-01  1.00000000e-03
 4.33047102e-01  1.00000000e-03
 2.12016873e-01  1.00000000e-03
-7.32407237e-02  1.00000000e-03
-1.78768723e-01  1.00000000e-03
 3.66933423e-01  1.00000000e-03
-3.99207545e-01  1.00000000e-03
 9.53834149e-02  1.00000000e-03
 1.56497708e-01  1.00000000e-03
 3.31167480e-01  1.00000000e-03
-1.61591110e-01  1.00000000e-03
 5.36203485e-02  1.00000000e-03
 5.55657412e-01  1.00000000e-03
-4.59184992e-01  1.00000000e-03
-4.65117802e-01  1.00000000e-03
-3.34490282e-01  1.00000000e-03
 5.28149406e-01  1.00000000e-03
 3.30477581e-02  1.00000000e-03
 2.83236769e-01  1.00000000e-03
 4.99737024e-01  1.00000000e-03
 1.16112567e-01  1.00000000e-03
-4.94752345e-02  1.00000000e-03
 4.22405776e-01  1.00000000e-03
 4.37648512e-01  1.00000000e-03
-8.42763738e-02  1.00000000e-03
-3.41379108e-01  1.00000000e-03
-1.42858938e-01  1.00000000e-03
 5.75007052e-01  1.00000000e-03
 6.05476229e-02  1.00000000e-03
-1.01184572e-01  1.00000000e-03
-1.45455794e-01  1.00000000e-03
-4.38735504e-01  1.00000000e-03
 1.11946105e-01  1.00000000e-03
 5.05382539e-02  1.00000000e-03
 2.37837766e-01  1.00000000e-03
 4.91538125e-01  1.00000000e-03
 2.94403883e-01  1.00000000e-03
-4.49603782e-03  1.00000000e-03
-2.20946794e-01  1.00000000e-03
-4.46422058e-01  1.00000000e-03
-8.13013004e-02  1.00000000e-03
 2.59117315e-01  1.00000000e-03
-3.26751578e-01  1.00000000e-03
-2.18970891e-01  1.00000000e-03
-1.15869551e-01  1.00000000e-03
-6.20279053e-02  1.00000000e-03
-4.14713232e-01  1.00000000e-03
-2.15148124e-01  1.00000000e-03
-4.00697906e-02  1.00000000e-03
 7.41453956e-02  1.00000000e-03
-4.85555260e-02  1.00000000e-03
-3.56040514e-01  1.00000000e-03
-2.13162066e-01  1.00000000e-03
-1.58647532e-01  1.00000000e-03
-1.83708079e-01  1.00000000e-03
 5.91107157e-01  1.00000000e-03
 3.08674551e-01  1.00000000e-03
 1.69247423e-02  1.00000000e-03
 2.75629730e-01  1.00000000e-03
-3.52588630e-01  1.00000000e-03
 1.03027932e-01  1.00000000e-03
-2.96800693e-01  1.00000000e-03
 1.68665721e-01  1.00000000e-03
 2.56514823e-01  1.00000000e-03
 2.54399954e-02  1.00000000e-03
-1.85618037e-01  1.00000000e-03
 1.38410556e-02  1.00000000e-03
 5.24763466e-01  1.00000000e-03
-2.17138428e-01  1.00000000e-03
-4.29315765e-01  1.00000000e-03
-1.74758180e-01  1.00000000e-03
 5.45253952e-01  1.00000000e-03
 1.85543731e-02  1.00000000e-03
-2.44527075e-01  1.00000000e-03
-4.64271235e-01  1.00000000e-03
-4.63424336e-01  1.00000000e-03
-6.89024790e-02  1.00000000e-03
 1.07908968e-03  1.00000000e-03
 2.18198679e-01  1.00000000e-03
-2.79752291e-01  1.00000000e-03
-9.00423432e-02  1.00000000e-03
-4.12131648e-01  1.00000000e-03
 3.97113104e-01  1.00000000e-03
 2.04917950e-02  1.00000000e-03
-6.01879305e-02  1.00000000e-03
-3.47413039e-01  1.00000000e-03
 6.57226978e-02  1.00000000e-03
 2.36814040e-01  1.00000000e-03
-1.04120704e-01  1.00000000e-03
-3.50863109e-01  1.00000000e-03
-3.62083480e-01  1.00000000e-03
-1.37045620e-01  1.00000000e-03
 7.28612340e-02  1.00000000e-03
-4.51208884e-02  1.00000000e-03
 2.32563613e-01  1.00000000e-03
 4.19389801e-01  1.00000000e-03
 3.11289118e-01  1.00000000e-03
 3.29826131e-01  1.00000000e-03
-1.08609623e-01  1.00000000e-03
-1.93457769e-01  1.00000000e-03
-4.71034200e-01  1.00000000e-03
 5.34956184e-01  1.00000000e-03
 5.67929219e-01  1.00000000e-03
-4.25884351e-01  1.00000000e-03
-1.03163157e-01  1.00000000e-03
 4.25883210e-02  1.00000000e-03
-4.23453477e-02  1.00000000e-03
 5.82132663e-01  1.00000000e-03
 6.18222100e-02  1.00000000e-03
-3.56903641e-01  1.00000000e-03
-1.26144447e-01  1.00000000e-03
-1.33242893e-01  1.00000000e-03
 6.77750008e-02  1.00000000e-03
 4.78567386e-01  1.00000000e-03
 1.52979923e-01  1.00000000e-03
 1.73740915e-01  1.00000000e-03
-2.76384699e-01  1.00000000e-03
 4.18100932e-02  1.00000000e-03
 7.49464411e-02  1.00000000e-03
 1.54017935e-01  1.00000000e-03
 1.15323800e-01  1.00000000e-03
 4.13390250e-01  1.00000000e-03
-3.37933643e-01  1.00000000e-03
-2.62750755e-01  1.00000000e-03
-3.32769462e-01  1.00000000e-03
 8.68582507e-02  1.00000000e-03
-1.96195666e-01  1.00000000e-03
-4.17293546e-01  1.00000000e-03
-4.58918624e-02  1.00000000e-03
-2.10442424e-01  1.00000000e-03
 4.88985720e-03  1.00000000e-03
 6.33365685e-01  1.00000000e-03
-7.25487713e-02  1.00000000e-03
 2.51202602e-01  1.00000000e-03
-1.59702495e-01  1.00000000e-03
 4.93172214e-01  1.00000000e-03
-4.24167542e-01  1.00000000e-03
-2.87422883e-01  1.00000000e-03
-3.19884512e-01  1.00000000e-03
 3.49414958e-02  1.00000000e-03
 6.31494728e-01  1.00000000e-03
 6.20333518e-01  1.00000000e-03
-3.94031855e-01  1.00000000e-03
-4.73564480e-01  1.00000000e-03
 4.56562717e-02  1.00000000e-03
-1.95413338e-01  1.00000000e-03
-4.49831693e-01  1.00000000e-03
-3.13029794e-01  1.00000000e-03
-2.04576720e-01  1.00000000e-03
-2.92538355e-01  1.00000000e-03
 6.97742812e-02  1.00000000e-03
-2.57917693e-01  1.00000000e-03
-3.87127147e-01  1.00000000e-03
 2.88186366e-01  1.00000000e-03
 5.40091897e-01  1.00000000e-03
-7.16962305e-02  1.00000000e-03
-2.45768617e-01  1.00000000e-03
 3.79724442e-01  1.00000000e-03
 5.43530335e-01  1.00000000e-03
 1.01463953e-02  1.00000000e-03
-1.07661622e-01  1.00000000e-03
-5.91548880e-02  1.00000000e-03
 3.20503341e-01  1.00000000e-03
-2.56086480e-01  1.00000000e-03
 2.41329561e-01  1.00000000e-03
-1.20428470e-01  1.00000000e-03
 1.91111303e-01  1.00000000e-03
-3.30189386e-01  1.00000000e-03
-2.29325148e-01  1.00000000e-03
-2.65020086e-01  1.00000000e-03
-1.67355536e-01  1.00000000e-03
 1.58009878e-01  1.00000000e-03
 1.28810553e-01  1.00000000e-03
 5.92911082e-01  1.00000000e-03
 3.48832899e-01  1.00000000e-03
-4.15573482e-01  1.00000000e-03
-3.12173864e-01  1.00000000e-03
-2.84010034e-01  1.00000000e-03
 3.72591913e-01  1.00000000e-03
-1.51029131e-01  1.00000000e-03
-3.81946585e-01  1.00000000e-03
-2.04030342e-01  1.00000000e-03
 3.39267595e-01  1.00000000e-03
-1.00301349e-02  1.00000000e-03
-3.40517557e-01  1.00000000e-03
-2.59713563e-01  1.00000000e-03
-2.37001124e-01  1.00000000e-03
-1.36000785e-01  1.00000000e-03
 3.23155372e-01  1.00000000e-03
 1.77478832e-01  1.00000000e-03
 3.52970886e-01  1.00000000e-03
 3.43351667e-01  1.00000000e-03
 8.99413820e-02  1.00000000e-03
-2.63267407e-01  1.00000000e-03
 5.89306244e-01  1.00000000e-03
 5.66857221e-02  1.00000000e-03
 4.36111977e-01  1.00000000e-03
 1.71141274e-01  1.00000000e-03
-3.59183678e-03  1.00000000e-03
-6.44164296e-02  1.00000000e-03
-1.37908793e-01  1.00000000e-03
-1.55153094e-01  1.00000000e-03
 3.21828226e-01  1.00000000e-03
 3.46087146e-01  1.00000000e-03
 2.26265366e-01  1.00000000e-03
-2.80591256e-01  1.00000000e-03
 2.80725593e-01  1.00000000e-03
-4.12992312e-01  1.00000000e-03
-3.67264683e-01  1.00000000e-03
 7.80755087e-02  1.00000000e-03
 4.51600775e-01  1.00000000e-03
-1.12405312e-01  1.00000000e-03
 1.27781739e-01  1.00000000e-03
 3.62717186e-01  1.00000000e-03
 5.11335472e-01  1.00000000e-03
-2.91685930e-01  1.00000000e-03
-4.35313136e-01  1.00000000e-03
 2.09385828e-01  1.00000000e-03
-1.71164775e-01  1.00000000e-03
-2.82301933e-01  1.00000000e-03
 6.12953956e-01  1.00000000e-03
-1.00272056e-01  1.00000000e-03
-1.70118044e-01  1.00000000e-03
 4.70552261e-01  1.00000000e-03
-3.28470144e-01  1.00000000e-03
 1.98018042e-01  1.00000000e-03
-2.49494881e-01  1.00000000e-03
-3.14742268e-01  1.00000000e-03
-3.07042611e-01  1.00000000e-03
-3.85400448e-01  1.00000000e-03
 6.45013483e-02  1.00000000e-03
-3.19026978e-01  1.00000000e-03
-3.63810428e-01  1.00000000e-03
-1.72856146e-01  1.00000000e-03
-1.57659057e-01  1.00000000e-03
 3.94188387e-01  1.00000000e-03
 2.49363665e-01  1.00000000e-03
 3.81158889e-01  1.00000000e-03
-4.42154193e-01  1.00000000e-03
-4.22450032e-01  1.00000000e-03
 2.45846693e-01  1.00000000e-03
-1.82542234e-01  1.00000000e-03
 5.23074848e-01  1.00000000e-03
-1.76763952e-01  1.00000000e-03
-4.32744071e-01  1.00000000e-03
-2.66275571e-01  1.00000000e-03
 4.88278464e-01  1.00000000e-03
-2.85716845e-01  1.00000000e-03
-8.50028527e-02  1.00000000e-03
-8.02504183e-02  1.00000000e-03
 4.61026460e-01  1.00000000e-03
-4.13581882e-02  1.00000000e-03
 1.04768495e-01  1.00000000e-03
-9.48951934e-02  1.00000000e-03
 3.58524542e-01  1.00000000e-03
-2.54422038e-01  1.00000000e-03
-2.73685788e-01  1.00000000e-03
 2.84045995e-01  1.00000000e-03
-1.28734902e-01  1.00000000e-03
 2.65259550e-01  1.00000000e-03
 2.95727698e-01  1.00000000e-03
-1.65203380e-01  1.00000000e-03
-1.55810484e-01  1.00000000e-03
 4.09181367e-02  1.00000000e-03
-3.83673587e-01  1.00000000e-03
 5.86629626e-02  1.00000000e-03
 1.17554518e-01  1.00000000e-03
-4.66809928e-01  1.00000000e-03
-1.52321913e-01  1.00000000e-03
-2.78060403e-01  1.00000000e-03
 3.59600478e-02  1.00000000e-03
-1.35170253e-01  1.00000000e-03
-3.24175047e-01  1.00000000e-03
-4.23308873e-01  1.00000000e-03
-1.87579347e-01  1.00000000e-03
 2.21741469e-01  1.00000000e-03
-3.10462621e-01  1.00000000e-03
 1.88685375e-01  1.00000000e-03
-4.48127408e-01  1.00000000e-03
 3.25816580e-01  1.00000000e-03
-1.53869656e-01  1.00000000e-03
-3.65537504e-01  1.00000000e-03
-1.16081243e-02  1.00000000e-03
 2.53868787e-01  1.00000000e-03
-9.77395761e-02  1.00000000e-03
-3.74173966e-01  1.00000000e-03
 2.05846401e-01  1.00000000e-03
 4.67365829e-01  1.00000000e-03
-1.17754646e-01  1.00000000e-03
-2.09200605e-01  1.00000000e-03
-3.90579965e-01  1.00000000e-03
 5.13003873e-01  1.00000000e-03
 1.18526875e-01  1.00000000e-03
 3.10114701e-02  1.00000000e-03
-8.26109150e-02  1.00000000e-03
-2.75420040e-01  1.00000000e-03
 5.66167204e-01  1.00000000e-03
 1.40617332e-01  1.00000000e-03
 5.06347512e-01  1.00000000e-03
-1.68222738e-01  1.00000000e-03
 9.97592378e-02  1.00000000e-03
 3.40090278e-02  1.00000000e-03
-1.21540264e-01  1.00000000e-03
 8.57699398e-02  1.00000000e-03
 2.73049783e-01  1.00000000e-03
-1.89507653e-01  1.00000000e-03
-1.40735216e-01  1.00000000e-03
-4.50683427e-01  1.00000000e-03
 5.85713446e-01  1.00000000e-03
 1.90153735e-01  1.00000000e-03
 9.30394822e-02  1.00000000e-03
 4.16384633e-01  1.00000000e-03
-3.51492136e-02  1.00000000e-03
 1.55490013e-01  1.00000000e-03
 1.01855862e-01  1.00000000e-03
-3.95757395e-01  1.00000000e-03
 2.20839301e-01  1.00000000e-03
 5.09669946e-01  1.00000000e-03
-2.77151645e-01  1.00000000e-03
-4.19872507e-01  1.00000000e-03
-4.60033496e-01  1.00000000e-03
-4.00932110e-01  1.00000000e-03
-9.39451402e-02  1.00000000e-03
 3.84035737e-01  1.00000000e-03
-2.55589095e-01  1.00000000e-03
-1.48249387e-01  1.00000000e-03
 2.85719175e-01  1.00000000e-03
 4.01520197e-01  1.00000000e-03
-4.58336178e-01  1.00000000e-03
 7.71658222e-02  1.00000000e-03
-2.89128375e-01  1.00000000e-03
-2.11197349e-01  1.00000000e-03
-2.86570014e-01  1.00000000e-03
 4.94869448e-02  1.00000000e-03
 4.50039514e-01  1.00000000e-03
 4.00048494e-01  1.00000000e-03
 6.27762044e-01  1.00000000e-03
 4.26950047e-01  1.00000000e-03
-3.60356683e-01  1.00000000e-03
 6.24041649e-01  1.00000000e-03
 3.27150705e-01  1.00000000e-03
 3.28487214e-01  1.00000000e-03
 1.84163538e-01  1.00000000e-03
 2.29853656e-01  1.00000000e-03
-1.79876979e-01  1.00000000e-03
-4.28458195e-01  1.00000000e-03
-4.25026036e-01  1.00000000e-03
-1.75950811e-01  1.00000000e-03
 3.07370033e-01  1.00000000e-03
 3.57132222e-01  1.00000000e-03
-6.68006680e-02  1.00000000e-03
-5.22035615e-02  1.00000000e-03
 2.88762724e-02  1.00000000e-03
-8.35801266e-02  1.00000000e-03
-4.51534884e-01  1.00000000e-03
 4.85010600e-02  1.00000000e-03
-1.62608494e-01  1.00000000e-03
-3.29329682e-01  1.00000000e-03
-7.78929505e-02  1.00000000e-03
-2.93390760e-01  1.00000000e-03
 5.87508341e-01  1.00000000e-03
-2.06524606e-01  1.00000000e-03
 1.36773265e-01  1.00000000e-03
-1.82340017e-02  1.00000000e-03
-3.65404978e-02  1.00000000e-03
 4.14886095e-01  1.00000000e-03
 5.57401643e-01  1.00000000e-03
 3.12599303e-01  1.00000000e-03
-3.18169639e-01  1.00000000e-03
 1.61300680e-01  1.00000000e-03
 4.07433765e-01  1.00000000e-03
 2.68597738e-01  1.00000000e-03
 2.54667578e-01  1.00000000e-03
 5.19706300e-01  1.00000000e-03
-4.07826410e-01  1.00000000e-03
-5.47920326e-02  1.00000000e-03
-1.22240000e-01  1.00000000e-03
 2.14701209e-01  1.00000000e-03
-4.13852841e-01  1.00000000e-03
-1.16842967e-01  1.00000000e-03
 1.00769676e-01  1.00000000e-03
 9.19370589e-02  1.00000000e-03
-3.91443032e-01  1.00000000e-03
-4.67655480e-01  1.00000000e-03
-4.04380099e-01  1.00000000e-03
 3.89311380e-03  1.00000000e-03
 1.95354433e-01  1.00000000e-03
-4.74407171e-01  1.00000000e-03
-4.37024767e-01  1.00000000e-03
 3.47458735e-01  1.00000000e-03
 2.03271417e-01  1.00000000e-03
-3.59493349e-01  1.00000000e-03
 2.00639762e-01  1.00000000e-03
-3.59084291e-02  1.00000000e-03
-4.19013009e-01  1.00000000e-03
 1.93723711e-01  1.00000000e-03
 3.86923202e-01  1.00000000e-03
-3.89716840e-01  1.00000000e-03
 4.75352913e-01  1.00000000e-03
 1.34512846e-01  1.00000000e-03
-2.68496340e-01  1.00000000e-03
-4.31887297e-01  1.00000000e-03
-2.58896683e-02  1.00000000e-03
 2.34494086e-02  1.00000000e-03
-3.79355872e-01  1.00000000e-03
-2.12448839e-01  1.00000000e-03
 2.44014248e-01  1.00000000e-03
 5.31546971e-01  1.00000000e-03
-2.16383242e-01  1.00000000e-03
-4.10409928e-01  1.00000000e-03
-1.98194946e-01  1.00000000e-03
-2.22800646e-01  1.00000000e-03
-3.37072597e-01  1.00000000e-03
 4.25432579e-01  1.00000000e-03
 2.99656127e-03  1.00000000e-03
-2.23480722e-01  1.00000000e-03
-3.45688545e-01  1.00000000e-03
-4.43862092e-01  1.00000000e-03
 1.64756093e-01  1.00000000e-03
-3.44826445e-01  1.00000000e-03
-9.20925410e-02  1.00000000e-03
-1.26126072e-02  1.00000000e-03
-3.61220061e-01  1.00000000e-03
-1.46373657e-01  1.00000000e-03
 2.19098828e-01  1.00000000e-03
 5.46980505e-01  1.00000000e-03
 2.96991402e-01  1.00000000e-03
-7.62934097e-02  1.00000000e-03
 1.19331784e-01  1.00000000e-03
 3.15225632e-01  1.00000000e-03
-9.06929479e-03  1.00000000e-03
 3.17860200e-01  1.00000000e-03
 4.57873474e-01  1.00000000e-03
-2.71954332e-01  1.00000000e-03
-3.46550744e-01  1.00000000e-03
-2.38208818e-01  1.00000000e-03
-3.82810102e-01  1.00000000e-03
-4.70190051e-01  1.00000000e-03
-4.65964034e-01  1.00000000e-03
-2.25428872e-01  1.00000000e-03
-9.29755408e-02  1.00000000e-03
-3.43964448e-01  1.00000000e-03
-1.72109777e-01  1.00000000e-03
-1.90328134e-01  1.00000000e-03
-1.30234233e-01  1.00000000e-03
-9.10748948e-02  1.00000000e-03
-8.77401394e-02  1.00000000e-03
-8.87896761e-02  1.00000000e-03
 2.24548874e-02  1.00000000e-03
 6.25900312e-01  1.00000000e-03
-1.11324710e-01  1.00000000e-03
-6.62196878e-02  1.00000000e-03
 5.18026364e-01  1.00000000e-03
-3.27610775e-01  1.00000000e-03
 4.89906877e-01  1.00000000e-03
 6.42766742e-01  1.00000000e-03
-1.13100982e-01  1.00000000e-03
-3.89617132e-02  1.00000000e-03
 1.07219831e-01  1.00000000e-03
-4.41299877e-01  1.00000000e-03
 3.78292645e-01  1.00000000e-03
-3.84537037e-01  1.00000000e-03
 3.59919474e-01  1.00000000e-03
-5.58723805e-02  1.00000000e-03
-2.83158033e-01  1.00000000e-03
 6.09282477e-01  1.00000000e-03
-3.55177446e-01  1.00000000e-03
 1.58916286e-01  1.00000000e-03
-1.08229821e-02  1.00000000e-03
 2.71191535e-01  1.00000000e-03
-4.48979686e-01  1.00000000e-03
-4.21591022e-01  1.00000000e-03
 1.61839043e-02  1.00000000e-03
 4.36074145e-02  1.00000000e-03
-4.36169061e-01  1.00000000e-03
 2.08516471e-01  1.00000000e-03
 9.42344084e-02  1.00000000e-03
 1.11719091e-02  1.00000000e-03
-3.14531311e-02  1.00000000e-03
 5.50442431e-01  1.00000000e-03
-1.32268639e-01  1.00000000e-03
-3.21600160e-01  1.00000000e-03
-2.88275683e-01  1.00000000e-03
 5.96527983e-01  1.00000000e-03
 1.81530630e-01  1.00000000e-03
-4.40679090e-02  1.00000000e-03
-3.68128304e-01  1.00000000e-03
 5.21389127e-01  1.00000000e-03
-4.31998081e-02  1.00000000e-03
 4.40729790e-01  1.00000000e-03
-5.37311073e-02  1.00000000e-03
 6.14794266e-01  1.00000000e-03
-4.06965000e-01  1.00000000e-03
 4.04471625e-01  1.00000000e-03
-3.72446607e-01  1.00000000e-03
-3.25033711e-01  1.00000000e-03
-1.64580723e-01  1.00000000e-03
-4.71877991e-01  1.00000000e-03
-5.65191390e-02  1.00000000e-03
-4.45568991e-01  1.00000000e-03
 2.24435221e-01  1.00000000e-03
 2.38844918e-01  1.00000000e-03
 2.10419195e-01  1.00000000e-03
-4.27600434e-01  1.00000000e-03
 6.00156971e-01  1.00000000e-03
-1.05776734e-01  1.00000000e-03
-2.90833479e-01  1.00000000e-03
 2.78188734e-01  1.00000000e-03
 3.32511280e-01  1.00000000e-03
 5.01385356e-01  1.00000000e-03
-4.33600637e-01  1.00000000e-03
 7.91101262e-02  1.00000000e-03
 2.12940840e-01  1.00000000e-03
-3.00212062e-01  1.00000000e-03
-2.02095824e-01  1.00000000e-03
-4.02656302e-01  1.00000000e-03
 2.34368882e-01  1.00000000e-03
 3.54355398e-01  1.00000000e-03
-2.40108781e-01  1.00000000e-03
-1.80691386e-01  1.00000000e-03
-3.17312497e-01  1.00000000e-03
-2.14416987e-01  1.00000000e-03
 2.27132472e-01  1.00000000e-03
-3.02772134e-01  1.00000000e-03
-5.12764921e-02  1.00000000e-03
 4.17885868e-01  1.00000000e-03
-4.61729558e-01  1.00000000e-03
-3.92306038e-01  1.00000000e-03
 1.29251234e-02  1.00000000e-03
-8.58110517e-02  1.00000000e-03
 3.04766436e-01  1.00000000e-03
 1.86893029e-01  1.00000000e-03
 4.08918857e-01  1.00000000e-03
-1.66561716e-01  1.00000000e-03
 1.44163269e-01  1.00000000e-03
 4.75479219e-02  1.00000000e-03
 2.86625528e-01  1.00000000e-03
-4.57487056e-01  1.00000000e-03
-2.40783303e-01  1.00000000e-03
-2.26690475e-01  1.00000000e-03
 3.09980878e-01  1.00000000e-03
 3.35206300e-01  1.00000000e-03
 4.86652886e-01  1.00000000e-03
-1.81840358e-01  1.00000000e-03
 2.70456467e-01  1.00000000e-03
-4.43008265e-01  1.00000000e-03
-1.26883056e-01  1.00000000e-03
 1.51471948e-02  1.00000000e-03
 8.03217475e-02  1.00000000e-03
 3.40626409e-01  1.00000000e-03
-3.39656127e-01  1.00000000e-03
-1.44817471e-01  1.00000000e-03
-8.94724754e-02  1.00000000e-03
 2.81477445e-01  1.00000000e-03
-4.44715668e-01  1.00000000e-03
 2.67844447e-01  1.00000000e-03
-1.69449666e-01  1.00000000e-03
 2.52022823e-01  1.00000000e-03
 2.98295347e-01  1.00000000e-03
-2.51866361e-01  1.00000000e-03
 3.16541863e-01  1.00000000e-03
 2.62589307e-01  1.00000000e-03
-6.55203580e-02  1.00000000e-03
-1.27719537e-01  1.00000000e-03
-4.54087563e-01  1.00000000e-03
 6.32381900e-02  1.00000000e-03
 6.37116845e-01  1.00000000e-03
 5.79420708e-03  1.00000000e-03
-2.02813870e-01  1.00000000e-03
-2.76324303e-03  1.00000000e-03
-1.50277046e-01  1.00000000e-03
-1.19588110e-01  1.00000000e-03
 2.44991051e-02  1.00000000e-03
-3.13885929e-01  1.00000000e-03
 2.93181699e-01  1.00000000e-03
-9.86034499e-02  1.00000000e-03
-3.97482632e-01  1.00000000e-03
 4.28470231e-01  1.00000000e-03
-2.69719307e-01  1.00000000e-03
-2.94243178e-01  1.00000000e-03
 2.14683850e-02  1.00000000e-03
 4.85030137e-01  1.00000000e-03
-2.46390038e-01  1.00000000e-03
 1.26300357e-01  1.00000000e-03
-2.98506127e-01  1.00000000e-03
-9.70227359e-02  1.00000000e-03
 6.40880352e-01  1.00000000e-03
 6.48444499e-01  1.00000000e-03
 4.83410216e-01  1.00000000e-03
 2.62902871e-02  1.00000000e-03
-2.28633998e-01  1.00000000e-03
 2.35149158e-01  1.00000000e-03
-3.22458269e-01  1.00000000e-03
-7.52666403e-02  1.00000000e-03
-3.07897305e-01  1.00000000e-03
-4.30173141e-01  1.00000000e-03
-2.51333557e-01  1.00000000e-03
-2.52908114e-01  1.00000000e-03
-4.69345545e-01  1.00000000e-03
 6.46548813e-01  1.00000000e-03
 9.65675875e-02  1.00000000e-03
 2.91812015e-01  1.00000000e-03
-3.75037642e-01  1.00000000e-03
 5.14675153e-01  1.00000000e-03
 1.74909804e-01  1.00000000e-03
-3.33629797e-01  1.00000000e-03
-2.81453250e-01  1.00000000e-03
-3.09607309e-01  1.00000000e-03
 3.44718125e-01  1.00000000e-03
 4.23917823e-01  1.00000000e-03
-3.43102557e-01  1.00000000e-03
 2.23553010e-01  1.00000000e-03
 9.08190361e-02  1.00000000e-03
 4.54731587e-01  1.00000000e-03
 4.31518756e-01  1.00000000e-03
 5.53916135e-01  1.00000000e-03
-1.60522322e-01  1.00000000e-03
 5.98340965e-01  1.00000000e-03
 5.59148830e-01  1.00000000e-03
 6.25436736e-02  1.00000000e-03
 3.70180983e-02  1.00000000e-03
 3.55742508e-01  1.00000000e-03
-1.84479848e-01  1.00000000e-03
-3.70719258e-01  1.00000000e-03
-3.05333832e-01  1.00000000e-03
-5.71324356e-02  1.00000000e-03
-2.74727077e-01  1.00000000e-03
-1.22987527e-01  1.00000000e-03
-3.06188121e-01  1.00000000e-03
 3.82595987e-01  1.00000000e-03
 3.37911312e-01  1.00000000e-03
 6.67974276e-02  1.00000000e-03
-2.71409474e-01  1.00000000e-03
 1.23275007e-01  1.00000000e-03
-7.96073319e-02  1.00000000e-03
 2.89216640e-01  1.00000000e-03
-1.06692008e-01  1.00000000e-03
-4.03518251e-01  1.00000000e-03
-4.05241841e-01  1.00000000e-03
-3.64673952e-01  1.00000000e-03
-4.68500687e-01  1.00000000e-03
 4.34578175e-01  1.00000000e-03
-2.42002970e-01  1.00000000e-03
-4.75863935e-02  1.00000000e-03
-6.78053474e-02  1.00000000e-03
 2.48535757e-01  1.00000000e-03
-2.68006476e-01  1.00000000e-03
-1.31347599e-01  1.00000000e-03
-1.18836976e-01  1.00000000e-03
-7.88733424e-02  1.00000000e-03
 5.80346771e-01  1.00000000e-03
-2.78875449e-01  1.00000000e-03
 4.59448578e-01  1.00000000e-03
 3.74013131e-01  1.00000000e-03
 3.88033728e-02  1.00000000e-03
 1.41680299e-01  1.00000000e-03
-3.11318139e-01  1.00000000e-03
-4.00069873e-01  1.00000000e-03
-3.94894661e-01  1.00000000e-03
-1.49314827e-01  1.00000000e-03
 2.81269826e-02  1.00000000e-03
-2.24755401e-01  1.00000000e-03
 4.64190570e-01  1.00000000e-03
 6.52245187e-01  1.00000000e-03
 4.94809145e-01  1.00000000e-03
 1.09466429e-01  1.00000000e-03
 3.61317021e-01  1.00000000e-03
 5.48709997e-01  1.00000000e-03
 3.65525384e-01  1.00000000e-03
-4.66162331e-02  1.00000000e-03
 6.22186052e-01  1.00000000e-03
-3.51725831e-01  1.00000000e-03
 2.46702551e-01  1.00000000e-03
 9.84718940e-02  1.00000000e-03
-3.54314440e-01  1.00000000e-03
 3.33857548e-01  1.00000000e-03
-5.29717330e-02  1.00000000e-03
-3.31049253e-01  1.00000000e-03
 1.21984808e-01  1.00000000e-03
 3.92730027e-01  1.00000000e-03
 6.88551833e-02  1.00000000e-03
-4.55787903e-01  1.00000000e-03
 6.18484045e-01  1.00000000e-03
-4.11270852e-01  1.00000000e-03
 1.98940354e-01  1.00000000e-03
 1.33486272e-01  1.00000000e-03
 4.81793119e-01  1.00000000e-03
 3.20451330e-02  1.00000000e-03
 2.17003499e-01  1.00000000e-03
-4.08687703e-01  1.00000000e-03
-2.07192408e-01  1.00000000e-03
-4.52386062e-01  1.00000000e-03
-2.00184279e-01  1.00000000e-03
 1.14262936e-01  1.00000000e-03
 1.08152734e-01  1.00000000e-03
 9.36040961e-03  1.00000000e-03
-5.03623271e-02  1.00000000e-03
 4.43822034e-01  1.00000000e-03
 1.77342306e-02  1.00000000e-03
-2.70225816e-01  1.00000000e-03
 1.78902968e-01  1.00000000e-03
-3.23316565e-01  1.00000000e-03
 4.29993133e-01  1.00000000e-03
 5.08007294e-01  1.00000000e-03
-2.19895454e-01  1.00000000e-03
-1.24052179e-01  1.00000000e-03
-2.53747570e-01  1.00000000e-03
-2.95948122e-01  1.00000000e-03
 8.87163593e-02  1.00000000e-03
 3.50209642e-01  1.00000000e-03
 3.64119972e-01  1.00000000e-03
 1.82688653e-01  1.00000000e-03
-2.31249994e-01  1.00000000e-03
 1.85325026e-01  1.00000000e-03
 1.96350178e-01  1.00000000e-03
-1.41838430e-01  1.00000000e-03
 3.51588969e-01  1.00000000e-03
 4.62607123e-01  1.00000000e-03
-7.18388651e-03  1.00000000e-03
-7.70518354e-02  1.00000000e-03
 1.51549550e-01  1.00000000e-03
-2.01393180e-01  1.00000000e-03
 2.63636072e-01  1.00000000e-03
 3.88370919e-01  1.00000000e-03
-1.91416116e-01  1.00000000e-03
 3.85478142e-01  1.00000000e-03
-1.56574644e-01  1.00000000e-03
-6.97972264e-02  1.00000000e-03
 3.03468110e-01  1.00000000e-03
-8.06047620e-03  1.00000000e-03
 5.29846734e-01  1.00000000e-03
-1.43711985e-01  1.00000000e-03
 3.91274329e-01  1.00000000e-03
 1.42965541e-01  1.00000000e-03
-3.98345131e-01  1.00000000e-03
-4.16433587e-01  1.00000000e-03
-3.38794821e-01  1.00000000e-03
-3.87990429e-01  1.00000000e-03
 1.66257152e-01  1.00000000e-03
 5.52177809e-01  1.00000000e-03
 5.64408161e-01  1.00000000e-03
 4.48481012e-01  1.00000000e-03
-1.34103975e-01  1.00000000e-03
-2.34405411e-01  1.00000000e-03
 2.90667447e-01  1.00000000e-03
-3.57766825e-01  1.00000000e-03
 7.08475845e-02  1.00000000e-03
 1.46645131e-01  1.00000000e-03
-2.60966269e-01  1.00000000e-03
-4.09548877e-01  1.00000000e-03
 4.72149674e-01  1.00000000e-03
-3.62946937e-01  1.00000000e-03
-3.73310287e-01  1.00000000e-03
-2.33168211e-01  1.00000000e-03
 2.28946873e-01  1.00000000e-03
-3.78492255e-01  1.00000000e-03
 2.70911061e-04  1.00000000e-03
-5.52730066e-03  1.00000000e-03
-7.41223478e-02  1.00000000e-03
 1.06264835e-01  1.00000000e-03
-3.41555313e-02  1.00000000e-03
-4.54937880e-01  1.00000000e-03
-4.06103476e-01  1.00000000e-03
 1.32589266e-01  1.00000000e-03
 2.57309104e-01  1.00000000e-03
-3.42240775e-01  1.00000000e-03
 2.43158514e-01  1.00000000e-03
-3.04479741e-01  1.00000000e-03
 3.06067541e-01  1.00000000e-03
 2.59899352e-01  1.00000000e-03
-3.50000465e-01  1.00000000e-03
 5.44616846e-02  1.00000000e-03
 4.98091547e-01  1.00000000e-03
 1.63834212e-01  1.00000000e-03
-3.88853661e-01  1.00000000e-03
 4.11897098e-01  1.00000000e-03
-3.66401082e-01  1.00000000e-03
 6.44656229e-01  1.00000000e-03
-1.25122765e-01  1.00000000e-03
 8.35503767e-02  1.00000000e-03
-3.75901312e-01  1.00000000e-03
 3.02169622e-01  1.00000000e-03
-2.59172445e-01  1.00000000e-03
 2.99578656e-01  1.00000000e-03
 4.02994573e-01  1.00000000e-03
-3.76764973e-01  1.00000000e-03
-3.96620053e-01  1.00000000e-03
-7.06859937e-02  1.00000000e-03
 4.56301145e-01  1.00000000e-03
 5.36665166e-01  1.00000000e-03
-3.08752204e-01  1.00000000e-03
 8.23241131e-02  1.00000000e-03
 6.01976005e-01  1.00000000e-03
 8.53894642e-03  1.00000000e-03
-1.94198097e-01  1.00000000e-03
 1.49003081e-01  1.00000000e-03
-6.29386050e-02  1.00000000e-03
 2.98956135e-02  1.00000000e-03
 5.76783968e-01  1.00000000e-03
 3.79964625e-02  1.00000000e-03
 5.69694208e-01  1.00000000e-03
-1.97417451e-01  1.00000000e-03
-3.16455553e-01  1.00000000e-03
-2.97653355e-01  1.00000000e-03
 1.10617792e-01  1.00000000e-03
 1.67164502e-01  1.00000000e-03
 1.39223377e-01  1.00000000e-03
 4.65776805e-01  1.00000000e-03
 4.73749891e-01  1.00000000e-03
-4.20731846e-01  1.00000000e-03
 4.42274540e-01  1.00000000e-03
 4.96448921e-01  1.00000000e-03
 6.50343289e-01  1.00000000e-03
 3.13911455e-01  1.00000000e-03
-4.31030319e-01  1.00000000e-03
-3.01918606e-01  1.00000000e-03
-4.62577109e-01  1.00000000e-03
-4.18153354e-01  1.00000000e-03
 2.73778430e-01  1.00000000e-03
 3.24484812e-01  1.00000000e-03
-2.32505310e-01  1.00000000e-03
 1.76329108e-01  1.00000000e-03
-8.67315401e-02  1.00000000e-03
-1.99418815e-01  1.00000000e-03
-4.26742485e-01  1.00000000e-03
 5.16349316e-01  1.00000000e-03
 5.96496050e-02  1.00000000e-03
 2.15490251e-01  1.00000000e-03
-3.75613412e-02  1.00000000e-03
-1.04982839e-01  1.00000000e-03
-2.08435227e-01  1.00000000e-03
-3.01065252e-01  1.00000000e-03
 4.10406634e-01  1.00000000e-03
 4.20896437e-01  1.00000000e-03
-5.05981981e-04  1.00000000e-03
-2.48240590e-01  1.00000000e-03
-3.32992001e-02  1.00000000e-03
-1.88436526e-01  1.00000000e-03
 5.26454985e-01  1.00000000e-03
