-3.62125324e-01  1.00000000e-03
 5.35126824e-01  1.00000000e-03
-1.89942270e-02  1.00000000e-03
 7.02208344e-01  1.00000000e-03
-2.95402516e-01  1.00000000e-03
 1.51112709e-01  1.00000000e-03
-4.44083618e-01  1.00000000e-03
 5.83025117e-01  1.00000000e-03
 6.18108742e-01  1.00000000e-03
 6.91147033e-01  1.00000000e-03
 7.42699955e-01  1.00000000e-03
-2.23135360e-01  1.00000000e-03
-1.44821011e-01  1.00000000e-03
-3.66610849e-01  1.00000000e-03
-1.46881753e-01  1.00000000e-03
-3.03602751e-01  1.00000000e-03
-4.95297880e-01  1.00000000e-03
 2.32334768e-01  1.00000000e-03
-1.28720051e-02  1.00000000e-03
-3.99415066e-01  1.00000000e-03
 3.16152747e-01  1.00000000e-03
-5.29433572e-01  1.00000000e-03
-1.31479448e-02  1.00000000e-03
-3.52217094e-01  1.00000000e-03
-1.00564219e-02  1.00000000e-03
 4.83509454e-01  1.00000000e-03
 1.24832352e-01  1.00000000e-03
-2.54778252e-01  1.00000000e-03
 2.31832223e-01  1.00000000e-03
-2.42693982e-01  1.00000000e-03
 2.20720321e-01  1.00000000e-03
 7.44980044e-01  1.00000000e-03
 6.88944561e-01  1.00000000e-03
-4.13357395e-01  1.00000000e-03
 1.22604533e-01  1.00000000e-03
 1.19855088e-01  1.00000000e-03
-2.40713511e-01  1.00000000e-03
 4.79780996e-01  1.00000000e-03
 8.05371962e-01  1.00000000e-03
 1.36604729e-01  1.00000000e-03
 2.53976354e-01  1.00000000e-03
-4.64831921e-01  1.00000000e-03
-9.22654160e-02  1.00000000e-03
-8.07614818e-02  1.00000000e-03
 7.17830755e-01  1.00000000e-03
-1.82066446e-01  1.00000000e-03
-1.08838061e-01  1.00000000e-03
-3.41300591e-01  1.00000000e-03
-2.20893785e-01  1.00000000e-03
-3.07633139e-01  1.00000000e-03
-4.99977961e-01  1.00000000e-03
-5.00754305e-01  1.00000000e-03
-3.79106721e-01  1.00000000e-03
-4.60147458e-03  1.00000000e-03
 7.68573298e-02  1.00000000e-03
 1.93972079e-01  1.00000000e-03
 1.90841242e-01  1.00000000e-03
-1.38817013e-01  1.00000000e-03
 5.87102792e-01  1.00000000e-03
 3.57697661e-01  1.00000000e-03
 8.39067401e-02  1.00000000e-03
-4.49944970e-01  1.00000000e-03
 1.56877665e-01  1.00000000e-03
 7.58727523e-01  1.00000000e-03
-4.12490850e-01  1.00000000e-03
-6.80017961e-02  1.00000000e-03
 2.68332874e-01  1.00000000e-03
-4.98422112e-01  1.00000000e-03
-8.24372659e-02  1.00000000e-03
 4.29386775e-02  1.00000000e-03
 2.81815195e-01  1.00000000e-03
-3.57628080e-01  1.00000000e-03
 7.04430378e-01  1.00000000e-03
-4.33097205e-01  1.00000000e-03
-4.00291177e-01  1.00000000e-03
-7.85461923e-02  1.00000000e-03
-1.53374639e-01  1.00000000e-03
-2.07812325e-01  1.00000000e-03
 1.41082657e-01  1.00000000e-03
 3.67481259e-01  1.00000000e-03
 2.75143980e-01  1.00000000e-03
 3.84089694e-02  1.00000000e-03
 2.07259810e-01  1.00000000e-03
-2.37045592e-02  1.00000000e-03
 4.48619286e-01  1.00000000e-03
 6.46819709e-03  1.00000000e-03
-6.62257983e-02  1.00000000e-03
 1.52852138e-01  1.00000000e-03
 1.73296159e-01  1.00000000e-03
-5.19059405e-01  1.00000000e-03
 7.81893261e-01  1.00000000e-03
-2.20072325e-01  1.00000000e-03
-3.84432299e-01  1.00000000e-03
-1.86985625e-01  1.00000000e-03
-4.35643901e-01  1.00000000e-03
-2.91245600e-01  1.00000000e-03
-2.40478608e-01  1.00000000e-03
-3.47703869e-01  1.00000000e-03
 5.94327338e-03  1.00000000e-03
-3.89738890e-01  1.00000000e-03
 3.82437260e-01  1.00000000e-03
-1.89650422e-01  1.00000000e-03
-3.37002502e-01  1.00000000e-03
-3.46436916e-02  1.00000000e-03
-5.06926570e-01  1.00000000e-03
-5.89761897e-02  1.00000000e-03
-4.17680043e-01  1.00000000e-03
-3.31664387e-01  1.00000000e-03
 2.46876943e-01  1.00000000e-03
 4.72363403e-01  1.00000000e-03
 1.59942387e-01  1.00000000e-03
-2.13035261e-01  1.00000000e-03
 1.94309845e-01  1.00000000e-03
 3.16086671e-01  1.00000000e-03
 5.42977615e-01  1.00000000e-03
 2.61419598e-01  1.00000000e-03
 6.60610724e-01  1.00000000e-03
-2.75358810e-01  1.00000000e-03
 3.25987895e-01  1.00000000e-03
 3.64654183e-02  1.00000000e-03
 4.54049278e-01  1.00000000e-03
 7.23290693e-02  1.00000000e-03
 6.54151097e-01  1.00000000e-03
-4.33946848e-01  1.00000000e-03
 7.31347539e-01  1.00000000e-03
-6.48194606e-02  1.00000000e-03
-4.56595044e-01  1.00000000e-03
 7.11115975e-01  1.00000000e-03
 5.72889005e-01  1.00000000e-03
 7.47263327e-01  1.00000000e-03
-1.69973427e-01  1.00000000e-03
 4.92887909e-01  1.00000000e-03
-3.67642466e-02  1.00000000e-03
 9.74372247e-02  1.00000000e-03
 4.45015827e-01  1.00000000e-03
-2.56883088e-01  1.00000000e-03
 1.10891764e-01  1.00000000e-03
-5.15298912e-01  1.00000000e-03
 4.55865879e-01  1.00000000e-03
-2.93247595e-01  1.00000000e-03
 6.64933624e-01  1.00000000e-03
 4.11447070e-01  1.00000000e-03
 1.79255408e-02  1.00000000e-03
-4.22844623e-01  1.00000000e-03
 4.04533927e-01  1.00000000e-03
 5.44948561e-01  1.00000000e-03
-3.51315139e-01  1.00000000e-03
-5.12270048e-01  1.00000000e-03
 4.46815901e-01  1.00000000e-03
 2.74826158e-01  1.00000000e-03
-3.95904612e-01  1.00000000e-03
-3.48601712e-01  1.00000000e-03
 7.74910481e-01  1.00000000e-03
-4.41559779e-01  1.00000000e-03
-2.82167733e-01  1.00000000e-03
 7.51839461e-01  1.00000000e-03
 3.77827596e-02  1.00000000e-03
-2.97505024e-01  1.00000000e-03
 6.16018435e-01  1.00000000e-03
 7.86564105e-01  1.00000000e-03
-4.44923334e-01  1.00000000e-03
 5.52865373e-01  1.00000000e-03
 5.27328759e-01  1.00000000e-03
 1.63576379e-01  1.00000000e-03
 1.31842777e-01  1.00000000e-03
 1.39925327e-02  1.00000000e-03
 4.43219066e-01  1.00000000e-03
-4.62369892e-01  1.00000000e-03
 3.03079356e-01  1.00000000e-03
-9.04823206e-02  1.00000000e-03
 3.97674512e-01  1.00000000e-03
 3.14498794e-02  1.00000000e-03
 1.79633699e-01  1.00000000e-03
 6.82356768e-01  1.00000000e-03
-5.17558647e-01  1.00000000e-03
-5.22791011e-01  1.00000000e-03
-3.98538349e-01  1.00000000e-03
 6.47721179e-01  1.00000000e-03
 5.53443528e-02  1.00000000e-03
 6.50495472e-02  1.00000000e-03
 6.11847780e-01  1.00000000e-03
 1.75870109e-01  1.00000000e-03
 1.19467741e-01  1.00000000e-03
 5.13808775e-01  1.00000000e-03
 5.33172368e-01  1.00000000e-03
-3.11363486e-02  1.00000000e-03
-4.05534892e-01  1.00000000e-03
-3.13788334e-01  1.00000000e-03
 7.06655663e-01  1.00000000e-03
 1.66822568e-01  1.00000000e-03
-1.54332318e-01  1.00000000e-03
-3.09632386e-01  1.00000000e-03
-4.99200563e-01  1.00000000e-03
 1.13923449e-01  1.00000000e-03
-2.71038172e-01  1.00000000e-03
 3.12842156e-01  1.00000000e-03
 6.01479250e-01  1.00000000e-03
 3.38937247e-01  1.00000000e-03
 4.81194740e-02  1.00000000e-03
-2.09142835e-01  1.00000000e-03
-5.06158816e-01  1.00000000e-03
-1.72414394e-01  1.00000000e-03
 3.29371229e-01  1.00000000e-03
-3.90621408e-01  1.00000000e-03
 2.00950177e-01  1.00000000e-03
-1.08036747e-01  1.00000000e-03
-7.13995310e-02  1.00000000e-03
-4.77021494e-01  1.00000000e-03
-1.04124778e-01  1.00000000e-03
 6.26139520e-02  1.00000000e-03
 9.46197075e-02  1.00000000e-03
-1.78150561e-01  1.00000000e-03
-4.20265453e-01  1.00000000e-03
-1.83618682e-01  1.00000000e-03
-3.33490384e-01  1.00000000e-03
-2.47537857e-01  1.00000000e-03
 7.26829051e-01  1.00000000e-03
 3.06048328e-01  1.00000000e-03
-3.21275972e-01  1.00000000e-03
 1.56059384e-01  1.00000000e-03
-4.16816868e-01  1.00000000e-03
-2.36297481e-01  1.00000000e-03
-3.59428363e-01  1.00000000e-03
 3.42030890e-01  1.00000000e-03
 1.84831224e-01  1.00000000e-03
 2.76636790e-03  1.00000000e-03
-2.25286409e-01  1.00000000e-03
 3.47325101e-02  1.00000000e-03
 6.43451092e-01  1.00000000e-03
-2.44879151e-01  1.00000000e-03
-4.90580687e-01  1.00000000e-03
 2.87834784e-02  1.00000000e-03
 6.69269694e-01  1.00000000e-03
-3.08686955e-02  1.00000000e-03
-3.40517158e-01  1.00000000e-03
-5.22047024e-01  1.00000000e-03
-5.21301866e-01  1.00000000e-03
 6.11775901e-02  1.00000000e-03
 1.34758367e-01  1.00000000e-03
 2.44684134e-01  1.00000000e-03
-3.15632728e-01  1.00000000e-03
-7.61675750e-02  1.00000000e-03
-4.74600014e-01  1.00000000e-03
 4.81643587e-01  1.00000000e-03
 1.22173861e-01  1.00000000e-03
 2.42737873e-01  1.00000000e-03
-4.11623642e-01  1.00000000e-03
 3.32673998e-01  1.00000000e-03
 5.97642869e-02  1.00000000e-03
 2.35582218e-02  1.00000000e-03
-4.15088480e-01  1.00000000e-03
-4.26273662e-01  1.00000000e-03
-1.59738701e-01  1.00000000e-03
 2.88424196e-01  1.00000000e-03
-7.20463995e-02  1.00000000e-03
 1.41381790e-01  1.00000000e-03
 5.09975477e-01  1.00000000e-03
 3.69124428e-01  1.00000000e-03
 3.95968054e-01  1.00000000e-03
-2.06497476e-01  1.00000000e-03
-2.33940122e-01  1.00000000e-03
-5.27965812e-01  1.00000000e-03
 6.56301007e-01  1.00000000e-03
 6.97774040e-01  1.00000000e-03
-4.87415711e-01  1.00000000e-03
-3.44097771e-01  1.00000000e-03
-2.82101614e-01  1.00000000e-03
-1.94492330e-01  1.00000000e-03
 7.15589257e-01  1.00000000e-03
 2.62963454e-03  1.00000000e-03
-4.21125874e-01  1.00000000e-03
 2.60018214e-02  1.00000000e-03
-2.01390639e-01  1.00000000e-03
 7.47159802e-02  1.00000000e-03
 5.85062295e-01  1.00000000e-03
 1.14516097e-01  1.00000000e-03
-1.14134825e-01  1.00000000e-03
-3.37530143e-01  1.00000000e-03
-1.70942588e-02  1.00000000e-03
 1.44537745e-01  1.00000000e-03
-2.29461904e-01  1.00000000e-03
 1.71816851e-01  1.00000000e-03
 5.02348235e-01  1.00000000e-03
-4.02041566e-01  1.00000000e-03
-3.26066644e-01  1.00000000e-03
-3.96783118e-01  1.00000000e-03
 3.64200709e-01  1.00000000e-03
-8.49550092e-02  1.00000000e-03
-4.79434541e-01  1.00000000e-03
 1.01748259e-01  1.00000000e-03
-2.80066807e-01  1.00000000e-03
-7.72301803e-02  1.00000000e-03
 7.79562532e-01  1.00000000e-03
-9.51120931e-02  1.00000000e-03
 8.63579229e-02  1.00000000e-03
-2.38532223e-01  1.00000000e-03
 6.03546314e-01  1.00000000e-03
-4.85827266e-01  1.00000000e-03
-3.35606285e-01  1.00000000e-03
-3.83545996e-01  1.00000000e-03
-2.19775487e-01  1.00000000e-03
 7.77234937e-01  1.00000000e-03
 7.63335428e-01  1.00000000e-03
-4.57422569e-01  1.00000000e-03
-5.30165640e-01  1.00000000e-03
 2.04200894e-01  1.00000000e-03
-2.61624101e-01  1.00000000e-03
-5.09223264e-01  1.00000000e-03
-3.76437081e-01  1.00000000e-03
-3.23927234e-01  1.00000000e-03
-3.54924527e-01  1.00000000e-03
-8.28940318e-03  1.00000000e-03
-1.67987982e-01  1.00000000e-03
-4.50779100e-01  1.00000000e-03
 1.97316868e-01  1.00000000e-03
 6.62770527e-01  1.00000000e-03
-6.17665925e-02  1.00000000e-03
-2.10558876e-01  1.00000000e-03
 4.59508970e-01  1.00000000e-03
 6.67100014e-01  1.00000000e-03
 2.61997488e-02  1.00000000e-03
 6.40907334e-02  1.00000000e-03
-8.25178914e-02  1.00000000e-03
 3.84116862e-01  1.00000000e-03
-1.65741576e-01  1.00000000e-03
 2.81554153e-01  1.00000000e-03
-2.97423228e-01  1.00000000e-03
 2.42545489e-01  1.00000000e-03
-3.94145844e-01  1.00000000e-03
-3.05628397e-01  1.00000000e-03
-1.61517395e-01  1.00000000e-03
-1.80382741e-01  1.00000000e-03
 5.80118453e-02  1.00000000e-03
 2.71553393e-01  1.00000000e-03
 7.29086686e-01  1.00000000e-03
 4.20163986e-01  1.00000000e-03
-4.77826786e-01  1.00000000e-03
-3.75546209e-01  1.00000000e-03
-3.07786795e-01  1.00000000e-03
 4.50425979e-01  1.00000000e-03
-1.57561360e-01  1.00000000e-03
-4.45762263e-01  1.00000000e-03
-2.77486085e-01  1.00000000e-03
 4.07983784e-01  1.00000000e-03
 1.80411812e-01  1.00000000e-03
-4.04662502e-01  1.00000000e-03
-3.19570998e-01  1.00000000e-03
-3.09812679e-01  1.00000000e-03
-2.24902215e-01  1.00000000e-03
 3.87486112e-01  1.00000000e-03
 2.17420347e-01  1.00000000e-03
 4.25434333e-01  1.00000000e-03
 4.13183747e-01  1.00000000e-03
 1.28847067e-01  1.00000000e-03
-2.91116223e-01  1.00000000e-03
 7.24574637e-01  1.00000000e-03
-5.90600609e-03  1.00000000e-03
 5.31221206e-01  1.00000000e-03
 3.65830197e-01  1.00000000e-03
-1.05591294e-01  1.00000000e-03
-2.52556547e-01  1.00000000e-03
 1.05392840e-01  1.00000000e-03
-1.95303044e-01  1.00000000e-03
 3.85799787e-01  1.00000000e-03
 4.16667163e-01  1.00000000e-03
 3.00801128e-01  1.00000000e-03
-2.78268193e-01  1.00000000e-03
 3.54483333e-01  1.00000000e-03
-4.75408104e-01  1.00000000e-03
-4.31395699e-01  1.00000000e-03
 8.07298526e-02  1.00000000e-03
 5.50881213e-01  1.00000000e-03
 5.16876759e-02  1.00000000e-03
-9.82323948e-02  1.00000000e-03
 4.37848695e-01  1.00000000e-03
 6.26503153e-01  1.00000000e-03
-3.54022321e-01  1.00000000e-03
-4.96080495e-01  1.00000000e-03
 2.95140279e-01  1.00000000e-03
-1.20624601e-01  1.00000000e-03
-1.63396039e-01  1.00000000e-03
 7.54132304e-01  1.00000000e-03
-3.27973187e-01  1.00000000e-03
-1.12170644e-01  1.00000000e-03
 5.74909593e-01  1.00000000e-03
-3.92384763e-01  1.00000000e-03
 8.70304881e-02  1.00000000e-03
 2.82994296e-02  1.00000000e-03
-3.78217340e-01  1.00000000e-03
-3.70190748e-01  1.00000000e-03
-4.49110032e-01  1.00000000e-03
 1.16838700e-01  1.00000000e-03
-3.82659171e-01  1.00000000e-03
-4.27983902e-01  1.00000000e-03
-1.36974863e-01  1.00000000e-03
-1.27827589e-01  1.00000000e-03
 4.77921681e-01  1.00000000e-03
 3.35956315e-01  1.00000000e-03
 4.61335456e-01  1.00000000e-03
-5.02303809e-01  1.00000000e-03
-4.84234894e-01  1.00000000e-03
 8.15052290e-02  1.00000000e-03
-2.09523310e-02  1.00000000e-03
 6.41321009e-01  1.00000000e-03
-1.45933546e-01  1.00000000e-03
-4.93729563e-01  1.00000000e-03
-3.53120341e-01  1.00000000e-03
 5.97355086e-01  1.00000000e-03
-2.95364736e-01  1.00000000e-03
-6.34272984e-02  1.00000000e-03
 1.67817315e-01  1.00000000e-03
 5.62835793e-01  1.00000000e-03
-3.31777451e-01  1.00000000e-03
 3.42639761e-01  1.00000000e-03
 3.19398405e-01  1.00000000e-03
 4.32508250e-01  1.00000000e-03
-2.89160392e-01  1.00000000e-03
 1.00517972e-01  1.00000000e-03
 2.61625323e-01  1.00000000e-03
-1.28995635e-01  1.00000000e-03
-2.59008783e-02  1.00000000e-03
 1.44928204e-01  1.00000000e-03
 3.97100860e-02  1.00000000e-03
-2.32190008e-02  1.00000000e-03
 4.62965928e-02  1.00000000e-03
-4.47437744e-01  1.00000000e-03
 1.27904001e-01  1.00000000e-03
 1.30784489e-01  1.00000000e-03
-5.24275457e-01  1.00000000e-03
-1.40867553e-01  1.00000000e-03
-2.66603628e-01  1.00000000e-03
-2.62928519e-01  1.00000000e-03
-2.58264318e-02  1.00000000e-03
-3.87972194e-01  1.00000000e-03
-4.85031569e-01  1.00000000e-03
-1.01089402e-01  1.00000000e-03
 2.39429011e-01  1.00000000e-03
-3.73762994e-01  1.00000000e-03
 1.09162970e-01  1.00000000e-03
-5.07693232e-01  1.00000000e-03
 3.90868818e-01  1.00000000e-03
-2.86323244e-01  1.00000000e-03
-4.29691256e-01  1.00000000e-03
-1.41183199e-01  1.00000000e-03
 2.38790306e-01  1.00000000e-03
-1.73970191e-01  1.00000000e-03
-4.38183845e-01  1.00000000e-03
 1.04521849e-01  1.00000000e-03
 5.70871734e-01  1.00000000e-03
-1.84167233e-01  1.00000000e-03
-1.90930993e-01  1.00000000e-03
-4.54107453e-01  1.00000000e-03
 6.28610048e-01  1.00000000e-03
 8.44221460e-02  1.00000000e-03
 2.11172318e-01  1.00000000e-03
-1.02609777e-01  1.00000000e-03
-2.46862551e-01  1.00000000e-03
 6.95561775e-01  1.00000000e-03
-1.12618855e-01  1.00000000e-03
 6.20202368e-01  1.00000000e-03
-2.70675257e-01  1.00000000e-03
 2.28662582e-01  1.00000000e-03
-2.48068707e-01  1.00000000e-03
 2.13875237e-01  1.00000000e-03
-2.82707925e-02  1.00000000e-03
 2.85097716e-01  1.00000000e-03
 1.43823083e-04  1.00000000e-03
 4.84114659e-02  1.00000000e-03
-5.09986626e-01  1.00000000e-03
 7.20075486e-01  1.00000000e-03
 1.75525883e-01  1.00000000e-03
 2.98281464e-01  1.00000000e-03
 5.06155300e-01  1.00000000e-03
 3.22677226e-01  1.00000000e-03
 3.32516317e-01  1.00000000e-03
 3.04275620e-02  1.00000000e-03
-4.59075087e-01  1.00000000e-03
 3.62546931e-01  1.00000000e-03
 6.24399574e-01  1.00000000e-03
-3.46789964e-01  1.00000000e-03
-4.81839044e-01  1.00000000e-03
-5.18309602e-01  1.00000000e-03
-4.64012116e-01  1.00000000e-03
 1.97541269e-01  1.00000000e-03
 4.64998297e-01  1.00000000e-03
-1.95696121e-01  1.00000000e-03
 2.07655733e-01  1.00000000e-03
 2.95054125e-01  1.00000000e-03
 4.87251012e-01  1.00000000e-03
-5.16806544e-01  1.00000000e-03
 2.04094649e-01  1.00000000e-03
-3.50410353e-01  1.00000000e-03
-2.84321435e-01  1.00000000e-03
-3.29793039e-01  1.00000000e-03
-1.48204420e-01  1.00000000e-03
 5.48900359e-01  1.00000000e-03
 4.85378596e-01  1.00000000e-03
 7.72589168e-01  1.00000000e-03
 5.19583339e-01  1.00000000e-03
-4.24560561e-01  1.00000000e-03
 7.67955987e-01  1.00000000e-03
 3.92565206e-01  1.00000000e-03
 3.94264952e-01  1.00000000e-03
 2.38247317e-02  1.00000000e-03
 2.58695393e-01  1.00000000e-03
-1.61201238e-01  1.00000000e-03
-4.89790943e-01  1.00000000e-03
-4.86621981e-01  1.00000000e-03
-3.19618602e-01  1.00000000e-03
 2.17585047e-01  1.00000000e-03
 4.30734764e-01  1.00000000e-03
-3.25984423e-01  1.00000000e-03
 4.45619301e-02  1.00000000e-03
 1.48324914e-01  1.00000000e-03
-3.35260768e-01  1.00000000e-03
-5.10748880e-01  1.00000000e-03
 2.50339860e-01  1.00000000e-03
-2.34130515e-01  1.00000000e-03
-3.93265590e-01  1.00000000e-03
-1.25593874e-01  1.00000000e-03
-3.55826027e-01  1.00000000e-03
 7.22323448e-01  1.00000000e-03
-1.51992140e-01  1.00000000e-03
 2.21071255e-01  1.00000000e-03
-1.71792441e-01  1.00000000e-03
-1.22789799e-01  1.00000000e-03
 5.04250129e-01  1.00000000e-03
 6.84549426e-01  1.00000000e-03
 3.70778555e-01  1.00000000e-03
-3.81771827e-01  1.00000000e-03
-1.24659167e-02  1.00000000e-03
 4.94773424e-01  1.00000000e-03
 7.85802133e-02  1.00000000e-03
 3.09407120e-01  1.00000000e-03
 6.37070773e-01  1.00000000e-03
-4.70545766e-01  1.00000000e-03
-6.75749676e-02  1.00000000e-03
-1.89053826e-02  1.00000000e-03
 9.01430303e-02  1.00000000e-03
-4.76215266e-01  1.00000000e-03
-1.58600078e-01  1.00000000e-03
 2.50493042e-01  1.00000000e-03
 9.18924581e-02  1.00000000e-03
-4.54937483e-01  1.00000000e-03
-5.25015908e-01  1.00000000e-03
-4.67286054e-01  1.00000000e-03
 2.13476870e-02  1.00000000e-03
 3.26087952e-01  1.00000000e-03
-5.30896496e-01  1.00000000e-03
-4.97642615e-01  1.00000000e-03
 4.18413899e-01  1.00000000e-03
 7.26950457e-02  1.00000000e-03
-4.23702945e-01  1.00000000e-03
 2.56869192e-01  1.00000000e-03
 6.95997318e-03  1.00000000e-03
-4.81038499e-01  1.00000000e-03
 2.00665007e-01  1.00000000e-03
 4.68674284e-01  1.00000000e-03
-4.53276597e-01  1.00000000e-03
 5.80991259e-01  1.00000000e-03
 3.46022353e-01  1.00000000e-03
-3.21737342e-01  1.00000000e-03
-4.92943868e-01  1.00000000e-03
 4.51090943e-03  1.00000000e-03
 6.95605577e-02  1.00000000e-03
-4.43243118e-01  1.00000000e-03
-9.36060477e-02  1.00000000e-03
 3.35759721e-01  1.00000000e-03
 6.52004488e-01  1.00000000e-03
-3.29883713e-01  1.00000000e-03
-4.72981062e-01  1.00000000e-03
-3.27907995e-01  1.00000000e-03
-3.03689226e-01  1.00000000e-03
-4.01166678e-01  1.00000000e-03
 5.17655200e-01  1.00000000e-03
 1.87318292e-01  1.00000000e-03
-2.10690431e-01  1.00000000e-03
-4.09887247e-01  1.00000000e-03
-5.03849043e-01  1.00000000e-03
 3.59270054e-01  1.00000000e-03
-4.09018067e-01  1.00000000e-03
-2.27421796e-01  1.00000000e-03
-3.17677270e-01  1.00000000e-03
-4.25417467e-01  1.00000000e-03
-9.60231209e-02  1.00000000e-03
 3.49380222e-01  1.00000000e-03
 6.71442663e-01  1.00000000e-03
 2.64847534e-01  1.00000000e-03
-1.78681502e-01  1.00000000e-03
 5.39508850e-02  1.00000000e-03
 3.77419240e-01  1.00000000e-03
-2.12867696e-01  1.00000000e-03
 3.80761164e-01  1.00000000e-03
 5.58837697e-01  1.00000000e-03
-3.44972540e-01  1.00000000e-03
-4.10755773e-01  1.00000000e-03
-1.15972555e-01  1.00000000e-03
-4.46600401e-01  1.00000000e-03
-5.27230129e-01  1.00000000e-03
-5.23533823e-01  1.00000000e-03
-3.39430843e-01  1.00000000e-03
-2.64237654e-01  1.00000000e-03
-4.08148239e-01  1.00000000e-03
-2.88962868e-01  1.00000000e-03
-3.22749644e-01  1.00000000e-03
-2.15417410e-01  1.00000000e-03
-1.20932286e-01  1.00000000e-03
-3.75992696e-02  1.00000000e-03
-1.30227309e-01  1.00000000e-03
-2.52218548e-01  1.00000000e-03
 7.70271002e-01  1.00000000e-03
 1.59491551e-01  1.00000000e-03
-1.59987865e-02  1.00000000e-03
 6.34950622e-01  1.00000000e-03
-3.91503368e-01  1.00000000e-03
 5.99415507e-01  1.00000000e-03
 7.91247434e-01  1.00000000e-03
-1.88076744e-01  1.00000000e-03
-1.92467816e-01  1.00000000e-03
 2.47075601e-01  1.00000000e-03
-5.01529589e-01  1.00000000e-03
 4.57685777e-01  1.00000000e-03
-4.48274289e-01  1.00000000e-03
 4.34285068e-01  1.00000000e-03
 1.15890916e-02  1.00000000e-03
-3.17611432e-01  1.00000000e-03
 7.49549801e-01  1.00000000e-03
-4.19404339e-01  1.00000000e-03
 2.24438108e-01  1.00000000e-03
-1.42869629e-01  1.00000000e-03
 3.22804270e-01  1.00000000e-03
-5.08458798e-01  1.00000000e-03
-4.83437246e-01  1.00000000e-03
-8.53318458e-02  1.00000000e-03
-1.27149574e-01  1.00000000e-03
-4.96862074e-01  1.00000000e-03
 1.64162868e-01  1.00000000e-03
-1.32515856e-01  1.00000000e-03
-3.24293769e-01  1.00000000e-03
-9.94479433e-02  1.00000000e-03
 6.75798459e-01  1.00000000e-03
-1.34630034e-01  1.00000000e-03
-3.85318075e-01  1.00000000e-03
-3.11630323e-01  1.00000000e-03
 7.33611606e-01  1.00000000e-03
 8.90064661e-02  1.00000000e-03
-1.92846841e-01  1.00000000e-03
-4.32246820e-01  1.00000000e-03
 6.39194236e-01  1.00000000e-03
 1.61105539e-01  1.00000000e-03
 5.37084576e-01  1.00000000e-03
-6.41350021e-02  1.00000000e-03
 7.56428326e-01  1.00000000e-03
-4.69732185e-01  1.00000000e-03
 4.91005669e-01  1.00000000e-03
-4.36491304e-01  1.00000000e-03
-3.88855817e-01  1.00000000e-03
-7.33751825e-03  1.00000000e-03
-5.28700295e-01  1.00000000e-03
-1.56404277e-01  1.00000000e-03
-5.05389974e-01  1.00000000e-03
 2.78503177e-01  1.00000000e-03
 2.98599449e-01  1.00000000e-03
 6.87256287e-02  1.00000000e-03
-4.89000195e-01  1.00000000e-03
 7.38149372e-01  1.00000000e-03
-1.76171543e-01  1.00000000e-03
-2.79929531e-01  1.00000000e-03
 2.91709705e-01  1.00000000e-03
 3.99384329e-01  1.00000000e-03
 6.13931448e-01  1.00000000e-03
-4.94514235e-01  1.00000000e-03
 1.33905408e-01  1.00000000e-03
-8.60677556e-02  1.00000000e-03
-3.63023372e-01  1.00000000e-03
 9.38863162e-03  1.00000000e-03
-4.65650848e-01  1.00000000e-03
 7.48456226e-02  1.00000000e-03
 4.27197803e-01  1.00000000e-03
-1.76286746e-01  1.00000000e-03
-2.36199859e-01  1.00000000e-03
-3.80883968e-01  1.00000000e-03
-2.15041851e-01  1.00000000e-03
 2.36001521e-01  1.00000000e-03
-3.65714688e-01  1.00000000e-03
-1.23192307e-01  1.00000000e-03
 5.08063749e-01  1.00000000e-03
-5.19808053e-01  1.00000000e-03
-4.55766681e-01  1.00000000e-03
-1.32777466e-01  1.00000000e-03
 2.53623906e-01  1.00000000e-03
 2.35187278e-01  1.00000000e-03
-1.03750149e-01  1.00000000e-03
 4.96662214e-01  1.00000000e-03
 5.82447728e-02  1.00000000e-03
 2.24211763e-01  1.00000000e-03
-2.68466566e-01  1.00000000e-03
 2.78163817e-01  1.00000000e-03
-5.16053298e-01  1.00000000e-03
-3.11814407e-01  1.00000000e-03
 4.98331895e-02  1.00000000e-03
 3.74091496e-01  1.00000000e-03
 4.02814036e-01  1.00000000e-03
 5.95297985e-01  1.00000000e-03
-3.01558622e-01  1.00000000e-03
 3.45088648e-01  1.00000000e-03
-5.03076962e-01  1.00000000e-03
 1.87857508e-01  1.00000000e-03
-7.54947757e-02  1.00000000e-03
 1.83244513e-01  1.00000000e-03
 4.09713749e-01  1.00000000e-03
-4.03789482e-01  1.00000000e-03
-8.94177149e-02  1.00000000e-03
-1.10716134e-01  1.00000000e-03
-8.79496776e-02  1.00000000e-03
-5.04620049e-01  1.00000000e-03
 3.72431813e-01  1.00000000e-03
-2.86499394e-01  1.00000000e-03
-6.04210438e-02  1.00000000e-03
-2.10576768e-02  1.00000000e-03
-2.87757023e-01  1.00000000e-03
 3.79088303e-01  1.00000000e-03
 2.91781321e-01  1.00000000e-03
-3.13630360e-01  1.00000000e-03
-2.59334048e-01  1.00000000e-03
-5.13028954e-01  1.00000000e-03
-9.52488135e-03  1.00000000e-03
 7.84227120e-01  1.00000000e-03
-1.99278406e-01  1.00000000e-03
 1.25533904e-01  1.00000000e-03
 1.99180362e-02  1.00000000e-03
-2.50230410e-01  1.00000000e-03
-1.69879027e-01  1.00000000e-03
-1.65422031e-01  1.00000000e-03
-3.77327459e-01  1.00000000e-03
 2.68218131e-01  1.00000000e-03
 2.15977919e-02  1.00000000e-03
-4.60724205e-01  1.00000000e-03
 5.21514763e-01  1.00000000e-03
-2.04106510e-01  1.00000000e-03
-3.56727319e-01  1.00000000e-03
 9.79451790e-02  1.00000000e-03
 5.93244206e-01  1.00000000e-03
-2.99553872e-01  1.00000000e-03
-2.00579917e-01  1.00000000e-03
-3.61226804e-01  1.00000000e-03
-1.30560386e-01  1.00000000e-03
 7.88904211e-01  1.00000000e-03
 7.98295757e-01  1.00000000e-03
 5.91193748e-01  1.00000000e-03
-1.98256456e-01  1.00000000e-03
-2.03055248e-01  1.00000000e-03
 3.29272217e-01  1.00000000e-03
-3.86203319e-01  1.00000000e-03
-2.17331256e-01  1.00000000e-03
-3.71084531e-01  1.00000000e-03
-4.91369426e-01  1.00000000e-03
-7.30956778e-02  1.00000000e-03
-1.80861528e-01  1.00000000e-03
-5.26493248e-01  1.00000000e-03
 7.95943212e-01  1.00000000e-03
-7.82422264e-02  1.00000000e-03
 2.57582243e-01  1.00000000e-03
-4.39028977e-01  1.00000000e-03
 6.30720258e-01  1.00000000e-03
-1.84215005e-03  1.00000000e-03
-3.97661032e-01  1.00000000e-03
-3.49509430e-01  1.00000000e-03
-3.72870656e-01  1.00000000e-03
 4.14923778e-01  1.00000000e-03
 5.15730346e-01  1.00000000e-03
-4.07277764e-01  1.00000000e-03
-7.10196228e-02  1.00000000e-03
-3.22943047e-02  1.00000000e-03
 5.54852840e-01  1.00000000e-03
 5.25387472e-01  1.00000000e-03
 6.80167386e-01  1.00000000e-03
-2.72888408e-01  1.00000000e-03
 7.35878885e-01  1.00000000e-03
 6.86745357e-01  1.00000000e-03
 1.56241341e-02  1.00000000e-03
 1.44189827e-02  1.00000000e-03
 4.28964615e-01  1.00000000e-03
-2.77162952e-01  1.00000000e-03
-4.34795748e-01  1.00000000e-03
-3.68401750e-01  1.00000000e-03
-9.72139063e-02  1.00000000e-03
-8.83654290e-02  1.00000000e-03
-2.54573615e-01  1.00000000e-03
-3.69296487e-01  1.00000000e-03
 4.63165232e-01  1.00000000e-03
 4.06257177e-01  1.00000000e-03
 9.85602250e-03  1.00000000e-03
-2.31693598e-01  1.00000000e-03
-1.10471142e-01  1.00000000e-03
-2.64351960e-01  1.00000000e-03
 2.71713547e-01  1.00000000e-03
-2.22447474e-01  1.00000000e-03
-4.66468893e-01  1.00000000e-03
-4.68102325e-01  1.00000000e-03
-4.28837942e-01  1.00000000e-03
-5.25755173e-01  1.00000000e-03
 5.29273337e-01  1.00000000e-03
-1.06771559e-01  1.00000000e-03
-1.85571628e-01  1.00000000e-03
 1.78607249e-01  1.00000000e-03
 2.88361025e-01  1.00000000e-03
-2.42938876e-01  1.00000000e-03
 1.68280369e-01  1.00000000e-03
-2.74969481e-01  1.00000000e-03
-3.33682273e-01  1.00000000e-03
 7.13350996e-01  1.00000000e-03
-2.68873208e-01  1.00000000e-03
 5.60835089e-01  1.00000000e-03
 4.52235978e-01  1.00000000e-03
-1.18753980e-01  1.00000000e-03
-2.61405764e-01  1.00000000e-03
-3.74654846e-01  1.00000000e-03
-4.63191439e-01  1.00000000e-03
-4.58249251e-01  1.00000000e-03
 1.83540629e-01  1.00000000e-03
 3.51304153e-01  1.00000000e-03
-2.27300532e-01  1.00000000e-03
 5.66847136e-01  1.00000000e-03
 8.03010137e-01  1.00000000e-03
 6.05616699e-01  1.00000000e-03
 3.12748512e-01  1.00000000e-03
 4.36065218e-01  1.00000000e-03
 6.73618919e-01  1.00000000e-03
 4.41425622e-01  1.00000000e-03
 1.11629458e-01  1.00000000e-03
 7.65644128e-01  1.00000000e-03
-4.15953013e-01  1.00000000e-03
 3.60938546e-01  1.00000000e-03
-4.01294677e-02  1.00000000e-03
-4.18542535e-01  1.00000000e-03
 4.01097503e-01  1.00000000e-03
-1.67425417e-01  1.00000000e-03
-3.95025519e-01  1.00000000e-03
-1.16848297e-01  1.00000000e-03
 4.76065644e-01  1.00000000e-03
 1.64350724e-02  1.00000000e-03
-5.14543390e-01  1.00000000e-03
 7.61029892e-01  1.00000000e-03
-4.73790998e-01  1.00000000e-03
 5.17825900e-02  1.00000000e-03
-1.43477078e-01  1.00000000e-03
 5.89146610e-01  1.00000000e-03
-2.66364519e-01  1.00000000e-03
-1.34779736e-01  1.00000000e-03
-4.71358441e-01  1.00000000e-03
-2.04330772e-01  1.00000000e-03
-5.11510022e-01  1.00000000e-03
-2.59155583e-01  1.00000000e-03
-2.66081531e-02  1.00000000e-03
 5.56925929e-02  1.00000000e-03
 1.37802127e-01  1.00000000e-03
-2.45135598e-01  1.00000000e-03
 5.41009970e-01  1.00000000e-03
-2.38300195e-01  1.00000000e-03
-3.38749786e-01  1.00000000e-03
-1.50350081e-01  1.00000000e-03
-3.87088027e-01  1.00000000e-03
 5.23449474e-01  1.00000000e-03
 6.22299312e-01  1.00000000e-03
-3.15732998e-01  1.00000000e-03
-1.97686169e-01  1.00000000e-03
-3.45899419e-01  1.00000000e-03
-3.58528464e-01  1.00000000e-03
 2.84980456e-01  1.00000000e-03
 4.21917422e-01  1.00000000e-03
 4.39635498e-01  1.00000000e-03
 2.10387808e-01  1.00000000e-03
-1.50899002e-01  1.00000000e-03
-4.11424690e-03  1.00000000e-03
 6.59884443e-02  1.00000000e-03
-2.84235356e-01  1.00000000e-03
 4.23674205e-01  1.00000000e-03
 5.64839808e-01  1.00000000e-03
-3.74203028e-02  1.00000000e-03
-9.17072780e-02  1.00000000e-03
 3.41414145e-02  1.00000000e-03
-2.73158311e-01  1.00000000e-03
 1.16466798e-02  1.00000000e-03
 4.70517203e-01  1.00000000e-03
-1.18816664e-01  1.00000000e-03
 4.66834648e-01  1.00000000e-03
-2.07254437e-01  1.00000000e-03
 1.05305043e-01  1.00000000e-03
 5.24726830e-04  1.00000000e-03
-1.55477835e-01  1.00000000e-03
 6.49861182e-01  1.00000000e-03
-1.39202768e-01  1.00000000e-03
 4.74212884e-01  1.00000000e-03
-3.29090406e-02  1.00000000e-03
-4.61547479e-01  1.00000000e-03
-4.78631136e-01  1.00000000e-03
-4.02915835e-01  1.00000000e-03
-4.51612416e-01  1.00000000e-03
 3.21957411e-02  1.00000000e-03
 6.77981282e-01  1.00000000e-03
 6.93352772e-01  1.00000000e-03
 5.46922808e-01  1.00000000e-03
 4.13883704e-02  1.00000000e-03
-2.50004972e-01  1.00000000e-03
-2.22758158e-03  1.00000000e-03
-4.21985598e-01  1.00000000e-03
 9.51650311e-02  1.00000000e-03
 3.52700043e-01  1.00000000e-03
-1.74425763e-01  1.00000000e-03
-4.72170208e-01  1.00000000e-03
 5.76933497e-01  1.00000000e-03
-4.27129141e-01  1.00000000e-03
-4.37337953e-01  1.00000000e-03
-2.93332552e-01  1.00000000e-03
 1.53393627e-01  1.00000000e-03
-4.42401837e-01  1.00000000e-03
 1.49586611e-01  1.00000000e-03
 8.08493364e-02  1.00000000e-03
-2.31929736e-01  1.00000000e-03
 3.19471438e-01  1.00000000e-03
 6.81818613e-02  1.00000000e-03
-5.13786736e-01  1.00000000e-03
-4.68917704e-01  1.00000000e-03
 3.48171204e-01  1.00000000e-03
 1.01098362e-01  1.00000000e-03
-4.06406647e-01  1.00000000e-03
 3.39273113e-01  1.00000000e-03
-3.67506536e-01  1.00000000e-03
 3.06176164e-01  1.00000000e-03
 1.91002189e-01  1.00000000e-03
-4.14223273e-01  1.00000000e-03
-1.01255402e-01  1.00000000e-03
 6.09767432e-01  1.00000000e-03
 1.08216667e-01  1.00000000e-03
-4.52444916e-01  1.00000000e-03
 5.00449619e-01  1.00000000e-03
-4.30543843e-01  1.00000000e-03
 7.93593769e-01  1.00000000e-03
-2.98462189e-02  1.00000000e-03
 2.64958169e-01  1.00000000e-03
-4.39873346e-01  1.00000000e-03
 3.09509972e-01  1.00000000e-03
-1.15211029e-01  1.00000000e-03
 3.55991677e-01  1.00000000e-03
 4.89126704e-01  1.00000000e-03
-4.40716948e-01  1.00000000e-03
-4.59900073e-01  1.00000000e-03
-1.25058985e-01  1.00000000e-03
 5.56843614e-01  1.00000000e-03
 6.58454217e-01  1.00000000e-03
-3.71977835e-01  1.00000000e-03
 4.24629797e-02  1.00000000e-03
 7.40423063e-01  1.00000000e-03
-2.57053521e-01  1.00000000e-03
-2.17861378e-01  1.00000000e-03
 1.39918070e-01  1.00000000e-03
 2.14391831e-01  1.00000000e-03
 2.28530994e-01  1.00000000e-03
 7.08884196e-01  1.00000000e-03
-3.01632818e-01  1.00000000e-03
 6.99989564e-01  1.00000000e-03
-2.99516165e-01  1.00000000e-03
-3.79995598e-01  1.00000000e-03
-3.60327820e-01  1.00000000e-03
-1.62941422e-01  1.00000000e-03
 1.46047391e-01  1.00000000e-03
 9.25096712e-02  1.00000000e-03
 5.68857777e-01  1.00000000e-03
 5.78960719e-01  1.00000000e-03
-4.82638628e-01  1.00000000e-03
 5.39045624e-01  1.00000000e-03
 6.07690405e-01  1.00000000e-03
 8.00651400e-01  1.00000000e-03
 3.75753092e-01  1.00000000e-03
-4.92157154e-01  1.00000000e-03
-3.64818055e-01  1.00000000e-03
-5.20555541e-01  1.00000000e-03
-4.80236997e-01  1.00000000e-03
 2.26503823e-01  1.00000000e-03
 3.89175782e-01  1.00000000e-03
-3.05740398e-01  1.00000000e-03
-6.89213418e-02  1.00000000e-03
 1.71257072e-01  1.00000000e-03
-3.42302005e-01  1.00000000e-03
-4.88208450e-01  1.00000000e-03
 6.32833783e-01  1.00000000e-03
-1.52026259e-02  1.00000000e-03
 3.02479026e-01  1.00000000e-03
-3.43144978e-01  1.00000000e-03
 1.17101566e-01  1.00000000e-03
-1.49545666e-01  1.00000000e-03
-3.63920949e-01  1.00000000e-03
 4.98554278e-01  1.00000000e-03
 5.11890485e-01  1.00000000e-03
-2.29772052e-01  1.00000000e-03
-8.03925213e-02  1.00000000e-03
-1.87453077e-01  1.00000000e-03
-1.36888890e-01  1.00000000e-03
 6.45584482e-01  1.00000000e-03
