-1.28615073e-01  1.00000000e-03
 4.26846114e-01  1.00000000e-03
 2.25502486e-01  1.00000000e-03
 4.36826550e-01  1.00000000e-03
-4.55584537e-02  1.00000000e-03
-1.44526304e-01  1.00000000e-03
-5.55127878e-02  1.00000000e-03
 5.70765435e-01  1.00000000e-03
 3.93590748e-01  1.00000000e-03
 4.63941996e-01  1.00000000e-03
 1.30571779e-01  1.00000000e-03
-4.35953893e-03  1.00000000e-03
-6.65806613e-02  1.00000000e-03
-2.12270484e-01  1.00000000e-03
-1.79518114e-01  1.00000000e-03
-9.76170544e-03  1.00000000e-03
 3.78991890e-02  1.00000000e-03
 1.20425833e-01  1.00000000e-03
-4.87988065e-02  1.00000000e-03
-2.15965285e-02  1.00000000e-03
-5.81402414e-02  1.00000000e-03
-9.66667824e-02  1.00000000e-03
-1.86603022e-01  1.00000000e-03
-6.17175592e-02  1.00000000e-03
 2.42967456e-02  1.00000000e-03
 2.47729790e-01  1.00000000e-03
-5.68639596e-02  1.00000000e-03
-2.97211486e-01  1.00000000e-03
 5.68275108e-02  1.00000000e-03
-1.48908343e-01  1.00000000e-03
-2.79578668e-02  1.00000000e-03
 3.22816131e-01  1.00000000e-03
 9.75246149e-02  1.00000000e-03
 3.47368022e-01  1.00000000e-03
-3.81992801e-03  1.00000000e-03
-1.49869252e-02  1.00000000e-03
-1.12815092e-01  1.00000000e-03
 2.03579937e-01  1.00000000e-03
 1.72911397e-01  1.00000000e-03
-3.35813404e-01  1.00000000e-03
-2.59630079e-01  1.00000000e-03
-1.03061124e-01  1.00000000e-03
 1.45286214e-01  1.00000000e-03
 4.79716188e-02  1.00000000e-03
 2.01753801e-01  1.00000000e-03
-4.26142812e-01  1.00000000e-03
-4.54710526e-02  1.00000000e-03
 1.76285056e-01  1.00000000e-03
-1.60431765e-01  1.00000000e-03
-2.98930293e-01  1.00000000e-03
 7.62293479e-02  1.00000000e-03
-3.84555416e-01  1.00000000e-03
-7.02013697e-02  1.00000000e-03
-8.75579411e-02  1.00000000e-03
-1.59729416e-01  1.00000000e-03
-2.72698714e-02  1.00000000e-03
 2.53539218e-02  1.00000000e-03
-1.71719312e-01  1.00000000e-03
 1.06110485e+00  1.00000000e-03
 9.39341579e-02  1.00000000e-03
 2.86366190e-02  1.00000000e-03
-9.94769971e-02  1.00000000e-03
-2.53292731e-01  1.00000000e-03
 9.67601150e-02  1.00000000e-03
-1.30991892e-01  1.00000000e-03
-3.60848270e-01  1.00000000e-03
-1.41525750e-01  1.00000000e-03
-2.02902045e-01  1.00000000e-03
-2.48428464e-01  1.00000000e-03
 2.64821831e-01  1.00000000e-03
-2.47976778e-01  1.00000000e-03
-5.30029228e-01  1.00000000e-03
 4.87491159e-01  1.00000000e-03
-1.48459655e-01  1.00000000e-03
-4.16059076e-01  1.00000000e-03
 2.69518430e-01  1.00000000e-03
-2.75319254e-01  1.00000000e-03
-1.00167262e-01  1.00000000e-03
-2.55844746e-01  1.00000000e-03
 4.66324326e-01  1.00000000e-03
 1.12953172e-01  1.00000000e-03
-3.47658610e-01  1.00000000e-03
-2.54258383e-01  1.00000000e-03
 8.35196458e-02  1.00000000e-03
 3.05108792e-01  1.00000000e-03
-3.67991734e-02  1.00000000e-03
 2.05396332e-01  1.00000000e-03
 2.35234589e-01  1.00000000e-03
 2.00299226e-01  1.00000000e-03
-2.98287864e-01  1.00000000e-03
 3.42724504e-01  1.00000000e-03
-4.78662279e-02  1.00000000e-03
 1.13458414e-02  1.00000000e-03
-1.16911070e-02  1.00000000e-03
-1.78693252e-01  1.00000000e-03
 1.50382291e-01  1.00000000e-03
-2.17460601e-01  1.00000000e-03
 2.01197577e-01  1.00000000e-03
-4.31127105e-02  1.00000000e-03
-2.53911907e-01  1.00000000e-03
 6.65276253e-01  1.00000000e-03
 4.62788211e-02  1.00000000e-03
 1.61206128e-01  1.00000000e-03
-2.79381766e-02  1.00000000e-03
-1.01107792e-01  1.00000000e-03
 4.92703863e-01  1.00000000e-03
 3.13089954e-02  1.00000000e-03
-3.20545006e-01  1.00000000e-03
-2.11497878e-01  1.00000000e-03
 2.41839003e-01  1.00000000e-03
-1.75739670e-01  1.00000000e-03
 6.61786268e-02  1.00000000e-03
 1.01994790e-01  1.00000000e-03
 6.69089499e-01  1.00000000e-03
 2.27289905e-01  1.00000000e-03
-1.25910481e-01  1.00000000e-03
-2.18068392e-01  1.00000000e-03
-3.22811796e-02  1.00000000e-03
-8.93822023e-02  1.00000000e-03
-6.15627650e-02  1.00000000e-03
 2.82136149e-01  1.00000000e-03
 1.62718716e-02  1.00000000e-03
 2.90995220e-01  1.00000000e-03
-1.88869976e-01  1.00000000e-03
 5.66633307e-02  1.00000000e-03
-1.75908181e-01  1.00000000e-03
-3.60895944e-02  1.00000000e-03
 4.64039009e-01  1.00000000e-03
 2.87278859e-02  1.00000000e-03
 4.51446992e-01  1.00000000e-03
-5.68702926e-02  1.00000000e-03
 2.57449536e-01  1.00000000e-03
-2.35235538e-01  1.00000000e-03
 2.45550126e-01  1.00000000e-03
 1.75190615e-01  1.00000000e-03
-9.50261330e-02  1.00000000e-03
-4.83539523e-03  1.00000000e-03
-1.02351434e-01  1.00000000e-03
 2.98847121e-01  1.00000000e-03
 1.67421712e-01  1.00000000e-03
 1.88343014e-01  1.00000000e-03
 2.44714168e-01  1.00000000e-03
-1.66095405e-01  1.00000000e-03
-2.59827032e-01  1.00000000e-03
 4.49048289e-01  1.00000000e-03
 6.53854896e-01  1.00000000e-03
-3.90130780e-01  1.00000000e-03
-1.52363510e-01  1.00000000e-03
-1.78684749e-01  1.00000000e-03
 4.28167980e-01  1.00000000e-03
 9.99301050e-02  1.00000000e-03
 7.66956164e-04  1.00000000e-03
 1.90416972e-01  1.00000000e-03
-9.39058915e-02  1.00000000e-03
-1.98419536e-02  1.00000000e-03
 1.71842553e-01  1.00000000e-03
-2.10599091e-01  1.00000000e-03
-1.16866320e-01  1.00000000e-03
 4.72938435e-01  1.00000000e-03
-9.37847025e-02  1.00000000e-03
 2.84892511e-01  1.00000000e-03
 4.38553401e-01  1.00000000e-03
-4.35224997e-02  1.00000000e-03
-1.59719738e-01  1.00000000e-03
 2.72388060e-01  1.00000000e-03
-1.12003967e-01  1.00000000e-03
 4.65381092e-01  1.00000000e-03
-1.41761441e-01  1.00000000e-03
 8.21348737e-02  1.00000000e-03
-2.57213638e-01  1.00000000e-03
 4.25841595e-02  1.00000000e-03
 2.79496232e-01  1.00000000e-03
-8.80025377e-02  1.00000000e-03
 3.30981344e-01  1.00000000e-03
-2.32401274e-01  1.00000000e-03
-1.72967118e-01  1.00000000e-03
 6.69419207e-02  1.00000000e-03
 2.87266413e-01  1.00000000e-03
 3.36342207e-01  1.00000000e-03
-1.53764559e-01  1.00000000e-03
 3.34792147e-01  1.00000000e-03
-1.04831152e-01  1.00000000e-03
-1.69410306e-01  1.00000000e-03
 8.54875217e-01  1.00000000e-03
 2.99654928e-01  1.00000000e-03
 4.33649152e-02  1.00000000e-03
-2.75100239e-01  1.00000000e-03
 6.93568581e-02  1.00000000e-03
 5.39875909e-01  1.00000000e-03
 2.75436003e-01  1.00000000e-03
 4.89056490e-02  1.00000000e-03
 6.33183996e-02  1.00000000e-03
-1.68421472e-01  1.00000000e-03
 1.11501636e-01  1.00000000e-03
-2.22558537e-01  1.00000000e-03
 3.09592785e-01  1.00000000e-03
-3.18174466e-02  1.00000000e-03
-2.15310716e-01  1.00000000e-03
-1.92503161e-01  1.00000000e-03
 1.42729325e-01  1.00000000e-03
-2.56637787e-01  1.00000000e-03
-2.18331608e-02  1.00000000e-03
 2.10709658e-02  1.00000000e-03
-2.25346611e-02  1.00000000e-03
 4.12404409e-03  1.00000000e-03
-1.14260629e-01  1.00000000e-03
 6.03912195e-01  1.00000000e-03
-2.16853625e-01  1.00000000e-03
-1.21980751e-01  1.00000000e-03
-2.70236272e-02  1.00000000e-03
-5.30712788e-01  1.00000000e-03
 5.53935534e-02  1.00000000e-03
-5.89565588e-02  1.00000000e-03
-3.28056563e-01  1.00000000e-03
-3.25693472e-01  1.00000000e-03
-2.76641650e-01  1.00000000e-03
 6.82763445e-03  1.00000000e-03
-1.03165078e-02  1.00000000e-03
-2.04475472e-01  1.00000000e-03
 9.18529975e-02  1.00000000e-03
-1.22222571e-01  1.00000000e-03
-3.27428418e-01  1.00000000e-03
-1.32208251e-01  1.00000000e-03
 2.11349196e-01  1.00000000e-03
-1.25966893e-01  1.00000000e-03
-2.21059280e-01  1.00000000e-03
-1.20760794e-01  1.00000000e-03
 5.13661468e-01  1.00000000e-03
-3.75450807e-02  1.00000000e-03
 3.21345972e-01  1.00000000e-03
 3.03760485e-01  1.00000000e-03
 2.71418666e-03  1.00000000e-03
 1.23547362e-01  1.00000000e-03
-7.31373879e-02  1.00000000e-03
 1.57571546e-01  1.00000000e-03
-6.87197356e-04  1.00000000e-03
-1.59939510e-01  1.00000000e-03
-9.02414751e-02  1.00000000e-03
-7.30818310e-02  1.00000000e-03
 1.07161816e-02  1.00000000e-03
-9.41238984e-02  1.00000000e-03
-8.38957469e-02  1.00000000e-03
-3.44602993e-01  1.00000000e-03
 5.39794333e-01  1.00000000e-03
-3.79288011e-01  1.00000000e-03
 2.64974498e-01  1.00000000e-03
-2.34969950e-01  1.00000000e-03
-1.22131787e-02  1.00000000e-03
 5.85048824e-02  1.00000000e-03
 7.70814321e-02  1.00000000e-03
-2.76263297e-01  1.00000000e-03
-4.22741737e-01  1.00000000e-03
 6.26369041e-01  1.00000000e-03
 2.67984891e-01  1.00000000e-03
-2.19258276e-01  1.00000000e-03
 4.77510895e-02  1.00000000e-03
 3.07138102e-01  1.00000000e-03
-1.07680256e-01  1.00000000e-03
 2.52255397e-01  1.00000000e-03
-1.58269829e-01  1.00000000e-03
 1.60711752e-03  1.00000000e-03
 3.63392228e-02  1.00000000e-03
 5.54376922e-01  1.00000000e-03
 3.53621917e-01  1.00000000e-03
-9.90940492e-02  1.00000000e-03
-2.92617016e-01  1.00000000e-03
 4.07193733e-01  1.00000000e-03
 7.74314243e-02  1.00000000e-03
 4.39387734e-01  1.00000000e-03
 4.23036270e-02  1.00000000e-03
 1.79470762e-01  1.00000000e-03
 3.21933790e-01  1.00000000e-03
-2.69478140e-02  1.00000000e-03
-2.29316416e-01  1.00000000e-03
 4.25132731e-01  1.00000000e-03
 4.19840906e-01  1.00000000e-03
-1.54941564e-01  1.00000000e-03
-1.71814810e-01  1.00000000e-03
 2.91218252e-02  1.00000000e-03
 2.67308726e-01  1.00000000e-03
-5.10036687e-02  1.00000000e-03
-1.72896670e-01  1.00000000e-03
 6.24465837e-01  1.00000000e-03
-7.43947974e-02  1.00000000e-03
-2.32563261e-01  1.00000000e-03
-5.85262703e-02  1.00000000e-03
-8.39508055e-02  1.00000000e-03
 1.03843439e-01  1.00000000e-03
-4.28841784e-01  1.00000000e-03
 9.65699387e-02  1.00000000e-03
-9.81375320e-02  1.00000000e-03
 1.14074092e-01  1.00000000e-03
 3.96095702e-01  1.00000000e-03
-1.62717923e-02  1.00000000e-03
 8.02114058e-02  1.00000000e-03
-5.62206567e-02  1.00000000e-03
 2.45283657e-01  1.00000000e-03
-2.18542488e-01  1.00000000e-03
 2.96364355e-01  1.00000000e-03
-1.17574378e-01  1.00000000e-03
-8.32828113e-02  1.00000000e-03
 8.64766410e-02  1.00000000e-03
 6.97772001e-01  1.00000000e-03
 1.00161386e-01  1.00000000e-03
-4.99748637e-01  1.00000000e-03
 9.49908247e-02  1.00000000e-03
-3.81296155e-01  1.00000000e-03
-2.37635238e-02  1.00000000e-03
-4.70491659e-01  1.00000000e-03
-2.79767725e-01  1.00000000e-03
-2.37499350e-01  1.00000000e-03
-7.08481548e-02  1.00000000e-03
-3.10914444e-01  1.00000000e-03
-2.43438656e-01  1.00000000e-03
 8.39022556e-02  1.00000000e-03
 2.41110272e-01  1.00000000e-03
-8.07236641e-02  1.00000000e-03
 6.17184311e-01  1.00000000e-03
 3.91577727e-01  1.00000000e-03
 3.64095478e-01  1.00000000e-03
 1.61240388e-01  1.00000000e-03
 9.95474610e-02  1.00000000e-03
-3.67440074e-01  1.00000000e-03
-1.58908263e-01  1.00000000e-03
 7.07094907e-02  1.00000000e-03
 1.73037468e-01  1.00000000e-03
 4.37617651e-02  1.00000000e-03
-1.38906223e-01  1.00000000e-03
-1.76707693e-01  1.00000000e-03
-1.73375798e-01  1.00000000e-03
-2.88158214e-02  1.00000000e-03
-2.35871060e-01  1.00000000e-03
-1.08654911e-01  1.00000000e-03
-2.63797831e-01  1.00000000e-03
-1.08935741e-01  1.00000000e-03
 4.23352211e-01  1.00000000e-03
-2.64614593e-01  1.00000000e-03
-1.49504329e-01  1.00000000e-03
-1.14732521e-01  1.00000000e-03
 3.50550967e-01  1.00000000e-03
-2.56950355e-02  1.00000000e-03
-2.51595144e-01  1.00000000e-03
-4.56260456e-02  1.00000000e-03
 2.19488356e-02  1.00000000e-03
-3.76271263e-01  1.00000000e-03
-2.29789315e-01  1.00000000e-03
-1.13384483e-01  1.00000000e-03
 3.01072856e-01  1.00000000e-03
-2.81744133e-02  1.00000000e-03
 4.37117641e-02  1.00000000e-03
-1.15532300e-02  1.00000000e-03
 2.00177640e-01  1.00000000e-03
 4.55658910e-01  1.00000000e-03
 1.49260538e-05  1.00000000e-03
 2.72396478e-01  1.00000000e-03
 4.90197129e-01  1.00000000e-03
 1.24712139e-02  1.00000000e-03
 3.07785642e-01  1.00000000e-03
-1.29634981e-01  1.00000000e-03
 8.46775492e-02  1.00000000e-03
-3.53941851e-01  1.00000000e-03
 3.62656408e-01  1.00000000e-03
 4.02121458e-01  1.00000000e-03
 1.69072773e-01  1.00000000e-03
 6.29797786e-01  1.00000000e-03
-4.36164657e-02  1.00000000e-03
 2.46895726e-01  1.00000000e-03
-3.09739735e-02  1.00000000e-03
-1.43525779e-01  1.00000000e-03
 8.74785042e-02  1.00000000e-03
 3.05024471e-01  1.00000000e-03
 2.18891888e-01  1.00000000e-03
-7.10182659e-02  1.00000000e-03
 1.28363668e-02  1.00000000e-03
 6.97017440e-01  1.00000000e-03
-2.25703658e-03  1.00000000e-03
-1.65193140e-01  1.00000000e-03
-3.14631366e-01  1.00000000e-03
 1.04447985e-01  1.00000000e-03
 3.44053513e-02  1.00000000e-03
-6.59872110e-02  1.00000000e-03
 3.33797887e-02  1.00000000e-03
-1.81561570e-01  1.00000000e-03
-3.51001687e-03  1.00000000e-03
 8.46203477e-02  1.00000000e-03
-4.08798095e-01  1.00000000e-03
-1.55882916e-01  1.00000000e-03
-2.38455200e-01  1.00000000e-03
-1.62532091e-01  1.00000000e-03
-1.70789637e-01  1.00000000e-03
-1.34856869e-01  1.00000000e-03
-8.26650499e-02  1.00000000e-03
 3.07157954e-02  1.00000000e-03
-3.79228595e-02  1.00000000e-03
 2.95152817e-01  1.00000000e-03
-1.40248268e-01  1.00000000e-03
 2.17919594e-01  1.00000000e-03
-5.90243947e-02  1.00000000e-03
 6.35566526e-01  1.00000000e-03
-1.93669691e-01  1.00000000e-03
-1.36130597e-01  1.00000000e-03
-1.38233167e-01  1.00000000e-03
 5.45267744e-02  1.00000000e-03
 1.32213698e-01  1.00000000e-03
-2.36326777e-01  1.00000000e-03
 2.81808359e-02  1.00000000e-03
 1.32290815e-01  1.00000000e-03
 5.07801837e-02  1.00000000e-03
 2.17838982e-01  1.00000000e-03
 1.39651629e-02  1.00000000e-03
 9.53341070e-02  1.00000000e-03
 2.28023677e-01  1.00000000e-03
-2.84303553e-01  1.00000000e-03
 2.73912125e-01  1.00000000e-03
 3.03180745e-01  1.00000000e-03
 1.95652548e-01  1.00000000e-03
-5.09092568e-01  1.00000000e-03
-4.30641914e-01  1.00000000e-03
 3.78731607e-01  1.00000000e-03
 1.11953007e-01  1.00000000e-03
-1.25282551e-01  1.00000000e-03
-9.68732993e-02  1.00000000e-03
-4.09001525e-01  1.00000000e-03
 1.29043228e-01  1.00000000e-03
-6.55692417e-02  1.00000000e-03
-1.87774148e-01  1.00000000e-03
-1.51107987e-01  1.00000000e-03
 9.44940606e-02  1.00000000e-03
-4.73741629e-01  1.00000000e-03
-2.49882906e-01  1.00000000e-03
-9.21466103e-02  1.00000000e-03
-2.14955066e-01  1.00000000e-03
 2.38370396e-01  1.00000000e-03
 1.05167121e-01  1.00000000e-03
-2.92138609e-02  1.00000000e-03
 1.75691278e-01  1.00000000e-03
-1.09210993e-01  1.00000000e-03
-8.60119638e-02  1.00000000e-03
 3.17820411e-01  1.00000000e-03
-5.17370512e-02  1.00000000e-03
 1.88717366e-01  1.00000000e-03
-2.90705123e-01  1.00000000e-03
 1.53130360e-01  1.00000000e-03
-2.29560327e-01  1.00000000e-03
-6.87984028e-02  1.00000000e-03
-3.12567981e-01  1.00000000e-03
-4.70318792e-01  1.00000000e-03
-3.30549215e-01  1.00000000e-03
 2.66124462e-01  1.00000000e-03
 1.42214488e-01  1.00000000e-03
 1.37214898e-02  1.00000000e-03
-5.61308268e-01  1.00000000e-03
-8.26877154e-02  1.00000000e-03
-7.41107169e-02  1.00000000e-03
-7.22604029e-03  1.00000000e-03
-6.72022584e-02  1.00000000e-03
 1.24576476e-02  1.00000000e-03
 6.10634336e-01  1.00000000e-03
-1.49550321e-01  1.00000000e-03
 6.64415967e-02  1.00000000e-03
-1.98469333e-01  1.00000000e-03
-1.79832139e-01  1.00000000e-03
 2.96599179e-01  1.00000000e-03
 7.08991035e-02  1.00000000e-03
-2.05276551e-01  1.00000000e-03
-2.92699776e-01  1.00000000e-03
-3.50635124e-01  1.00000000e-03
-2.00129105e-02  1.00000000e-03
-6.01870337e-02  1.00000000e-03
 1.60247122e-01  1.00000000e-03
 9.22616427e-02  1.00000000e-03
-1.02777400e-01  1.00000000e-03
 2.06508779e-01  1.00000000e-03
 1.75658615e-02  1.00000000e-03
 1.29098803e-01  1.00000000e-03
 1.31293082e-01  1.00000000e-03
-1.25552984e-01  1.00000000e-03
 4.90542966e-02  1.00000000e-03
 3.85695608e-01  1.00000000e-03
-1.86219384e-01  1.00000000e-03
-2.48569626e-01  1.00000000e-03
 4.37456911e-01  1.00000000e-03
-2.79989141e-01  1.00000000e-03
 8.34390766e-02  1.00000000e-03
 3.29864191e-01  1.00000000e-03
-2.21904046e-01  1.00000000e-03
-8.56393291e-02  1.00000000e-03
-1.67121901e-01  1.00000000e-03
 5.10249560e-01  1.00000000e-03
-1.22189465e-01  1.00000000e-03
 1.24129820e-01  1.00000000e-03
 9.76518794e-02  1.00000000e-03
-4.42777127e-02  1.00000000e-03
-2.23671690e-02  1.00000000e-03
-7.38834640e-02  1.00000000e-03
 4.08506973e-01  1.00000000e-03
 4.45729268e-01  1.00000000e-03
 3.40978831e-01  1.00000000e-03
 3.48075912e-01  1.00000000e-03
-3.67386004e-01  1.00000000e-03
 4.16698904e-01  1.00000000e-03
 1.13189050e-01  1.00000000e-03
 5.19206655e-02  1.00000000e-03
 4.93852597e-02  1.00000000e-03
 1.41736553e-01  1.00000000e-03
 2.18788184e-01  1.00000000e-03
 5.76331514e-02  1.00000000e-03
-3.40673765e-01  1.00000000e-03
 4.20845338e-01  1.00000000e-03
 7.65471897e-02  1.00000000e-03
 2.31895982e-01  1.00000000e-03
-4.90297785e-01  1.00000000e-03
-8.76088150e-02  1.00000000e-03
 1.12365769e-02  1.00000000e-03
-4.23358633e-01  1.00000000e-03
-2.12372099e-01  1.00000000e-03
-2.52946173e-01  1.00000000e-03
-2.49891465e-01  1.00000000e-03
-2.98243425e-01  1.00000000e-03
-3.57790042e-02  1.00000000e-03
 1.00460784e-01  1.00000000e-03
 2.26565927e-01  1.00000000e-03
-1.21482043e-01  1.00000000e-03
 1.17478588e-02  1.00000000e-03
-1.24745844e-01  1.00000000e-03
-3.54929225e-01  1.00000000e-03
 9.71134510e-02  1.00000000e-03
 4.44935350e-01  1.00000000e-03
 7.92937054e-03  1.00000000e-03
-6.44210478e-02  1.00000000e-03
-3.26544118e-01  1.00000000e-03
 1.40144231e-01  1.00000000e-03
 6.11127006e-01  1.00000000e-03
-2.32032978e-03  1.00000000e-03
 8.96882482e-02  1.00000000e-03
-1.06124904e-01  1.00000000e-03
-2.19709297e-01  1.00000000e-03
 2.05018498e-02  1.00000000e-03
-1.38010562e-01  1.00000000e-03
-2.19539454e-01  1.00000000e-03
-1.35455267e-01  1.00000000e-03
-7.63186632e-02  1.00000000e-03
-1.28441105e-02  1.00000000e-03
-4.12493110e-01  1.00000000e-03
-1.80566348e-01  1.00000000e-03
-2.46314686e-01  1.00000000e-03
-1.02830829e-01  1.00000000e-03
-1.28546504e-01  1.00000000e-03
-2.48087532e-01  1.00000000e-03
-1.50022885e-01  1.00000000e-03
 2.12418620e-01  1.00000000e-03
 9.08912462e-02  1.00000000e-03
-2.39177602e-01  1.00000000e-03
-1.20555881e-02  1.00000000e-03
-2.96003740e-01  1.00000000e-03
-3.51252193e-02  1.00000000e-03
 3.35914592e-02  1.00000000e-03
 3.68369124e-01  1.00000000e-03
-3.48602948e-01  1.00000000e-03
 1.55892728e-01  1.00000000e-03
 1.06206661e-01  1.00000000e-03
-5.21160428e-01  1.00000000e-03
-2.08164114e-01  1.00000000e-03
-2.61152503e-01  1.00000000e-03
-4.46147237e-01  1.00000000e-03
-2.06623855e-01  1.00000000e-03
-1.68796250e-01  1.00000000e-03
-3.56023388e-01  1.00000000e-03
 5.81577816e-02  1.00000000e-03
-2.32534904e-01  1.00000000e-03
-2.93217640e-01  1.00000000e-03
-1.02803180e-01  1.00000000e-03
-2.76198894e-02  1.00000000e-03
-4.16553729e-01  1.00000000e-03
 1.85134018e-01  1.00000000e-03
-7.15367190e-02  1.00000000e-03
-4.95779327e-02  1.00000000e-03
-1.48843929e-01  1.00000000e-03
-1.68138395e-01  1.00000000e-03
 4.80722217e-03  1.00000000e-03
-2.89434271e-01  1.00000000e-03
-3.28006848e-01  1.00000000e-03
-1.87982618e-01  1.00000000e-03
 2.57580227e-01  1.00000000e-03
-1.57200542e-01  1.00000000e-03
 3.58161443e-01  1.00000000e-03
 9.21806083e-02  1.00000000e-03
-4.14415306e-02  1.00000000e-03
-1.34309731e-01  1.00000000e-03
-3.82757648e-01  1.00000000e-03
 5.80835540e-01  1.00000000e-03
 2.88310195e-01  1.00000000e-03
 3.86977966e-01  1.00000000e-03
 1.55544718e-01  1.00000000e-03
-4.61406062e-02  1.00000000e-03
 1.15252502e-01  1.00000000e-03
 6.28610097e-02  1.00000000e-03
-2.10334974e-01  1.00000000e-03
-1.40936048e-01  1.00000000e-03
 1.39348764e-01  1.00000000e-03
 5.42548012e-02  1.00000000e-03
 4.90654154e-02  1.00000000e-03
-1.92238822e-01  1.00000000e-03
-8.45973168e-02  1.00000000e-03
-4.79812146e-02  1.00000000e-03
 6.32533955e-02  1.00000000e-03
-3.93230208e-01  1.00000000e-03
 6.50524650e-02  1.00000000e-03
-2.43063938e-01  1.00000000e-03
-2.81522889e-01  1.00000000e-03
 7.62144353e-01  1.00000000e-03
 4.32318915e-01  1.00000000e-03
-2.15806998e-01  1.00000000e-03
 9.37738965e-02  1.00000000e-03
 4.86753165e-03  1.00000000e-03
 8.78380990e-01  1.00000000e-03
 9.75671890e-01  1.00000000e-03
-1.90309999e-02  1.00000000e-03
 2.61223413e-01  1.00000000e-03
-4.60131975e-02  1.00000000e-03
 8.90195680e-02  1.00000000e-03
 3.91181896e-01  1.00000000e-03
-1.08737684e-01  1.00000000e-03
 7.50799848e-02  1.00000000e-03
 2.62421959e-03  1.00000000e-03
-2.40101268e-01  1.00000000e-03
 1.44625189e-01  1.00000000e-03
-3.34251588e-01  1.00000000e-03
 5.15279133e-02  1.00000000e-03
-6.69131521e-03  1.00000000e-03
 2.01609342e-01  1.00000000e-03
-5.37326700e-01  1.00000000e-03
-7.38788474e-02  1.00000000e-03
-2.32336734e-01  1.00000000e-03
 1.11350368e-01  1.00000000e-03
-3.69588924e-01  1.00000000e-03
-9.67982305e-02  1.00000000e-03
 2.14609618e-02  1.00000000e-03
-5.44511786e-02  1.00000000e-03
-7.02205932e-02  1.00000000e-03
 3.48926768e-01  1.00000000e-03
-4.94317585e-02  1.00000000e-03
-2.01098909e-01  1.00000000e-03
-1.46868951e-01  1.00000000e-03
 1.71092011e-01  1.00000000e-03
 4.42163315e-01  1.00000000e-03
 9.72488018e-03  1.00000000e-03
-1.66356237e-01  1.00000000e-03
 1.92717823e-01  1.00000000e-03
-2.41336307e-01  1.00000000e-03
 1.08604577e-01  1.00000000e-03
-2.97239431e-01  1.00000000e-03
 2.43507389e-01  1.00000000e-03
-1.73159474e-01  1.00000000e-03
 4.77842667e-01  1.00000000e-03
-1.28671160e-01  1.00000000e-03
-1.07338403e-01  1.00000000e-03
-1.29778350e-01  1.00000000e-03
-1.34919169e-01  1.00000000e-03
-2.02637296e-01  1.00000000e-03
-5.44803748e-01  1.00000000e-03
 5.18910654e-01  1.00000000e-03
 3.64088175e-02  1.00000000e-03
 1.30379423e-01  1.00000000e-03
-1.66568495e-03  1.00000000e-03
 5.60545733e-01  1.00000000e-03
 3.40758987e-01  1.00000000e-03
 2.73261082e-01  1.00000000e-03
 6.50537422e-02  1.00000000e-03
 4.11466742e-01  1.00000000e-03
 1.65263049e-01  1.00000000e-03
 2.69497921e-01  1.00000000e-03
 3.06492844e-02  1.00000000e-03
-1.62498670e-01  1.00000000e-03
-2.76306029e-01  1.00000000e-03
 3.40579474e-01  1.00000000e-03
-3.96992165e-01  1.00000000e-03
 1.44001214e-01  1.00000000e-03
 1.24399144e-01  1.00000000e-03
-2.19910312e-01  1.00000000e-03
 1.02483817e-01  1.00000000e-03
-2.65949952e-01  1.00000000e-03
-1.26366577e-01  1.00000000e-03
 1.21690780e-01  1.00000000e-03
-3.02886560e-01  1.00000000e-03
-2.91500120e-01  1.00000000e-03
 1.99491748e-01  1.00000000e-03
-2.99080784e-01  1.00000000e-03
 1.93940376e-01  1.00000000e-03
-9.56715013e-02  1.00000000e-03
 8.45103506e-02  1.00000000e-03
 1.06786574e-01  1.00000000e-03
 1.23559787e-01  1.00000000e-03
 1.69145489e-01  1.00000000e-03
-1.67363112e-01  1.00000000e-03
-9.25377676e-02  1.00000000e-03
-5.16267511e-02  1.00000000e-03
-2.90891213e-01  1.00000000e-03
-4.37320754e-01  1.00000000e-03
 3.02280292e-02  1.00000000e-03
-2.67218313e-01  1.00000000e-03
-2.16643296e-01  1.00000000e-03
 7.70887833e-04  1.00000000e-03
 3.64731044e-01  1.00000000e-03
-1.24769334e-01  1.00000000e-03
-8.01157500e-02  1.00000000e-03
-9.88829227e-02  1.00000000e-03
-5.10066961e-02  1.00000000e-03
-1.86742909e-01  1.00000000e-03
 6.98131116e-02  1.00000000e-03
 3.82643854e-01  1.00000000e-03
 6.95033044e-02  1.00000000e-03
 8.25488720e-03  1.00000000e-03
 1.56164584e-01  1.00000000e-03
 1.49804162e-01  1.00000000e-03
-2.57362169e-01  1.00000000e-03
-8.99961590e-02  1.00000000e-03
 1.96535507e-01  1.00000000e-03
 1.89414252e-01  1.00000000e-03
-2.49684533e-01  1.00000000e-03
 1.98081817e-01  1.00000000e-03
 5.80965983e-01  1.00000000e-03
 6.38552864e-02  1.00000000e-03
-2.84240341e-01  1.00000000e-03
 2.45932888e-01  1.00000000e-03
-2.11545062e-01  1.00000000e-03
-4.23096961e-01  1.00000000e-03
 3.32554295e-01  1.00000000e-03
 5.51584006e-01  1.00000000e-03
 1.54906659e-01  1.00000000e-03
 5.21015735e-02  1.00000000e-03
-2.69605059e-01  1.00000000e-03
-2.50718181e-01  1.00000000e-03
 8.13483683e-02  1.00000000e-03
-1.59668364e-01  1.00000000e-03
-1.01023287e-01  1.00000000e-03
 2.07105866e-01  1.00000000e-03
-3.25580633e-01  1.00000000e-03
 3.44762296e-01  1.00000000e-03
 9.60823637e-02  1.00000000e-03
 2.17601749e-01  1.00000000e-03
-2.31585169e-01  1.00000000e-03
 4.94596487e-01  1.00000000e-03
-3.33609774e-02  1.00000000e-03
-3.64267084e-02  1.00000000e-03
-4.83290842e-02  1.00000000e-03
-1.23266908e-01  1.00000000e-03
 3.36951211e-01  1.00000000e-03
 2.41809897e-01  1.00000000e-03
 5.33539451e-01  1.00000000e-03
 2.30814848e-01  1.00000000e-03
-6.34130258e-02  1.00000000e-03
 2.58200665e-01  1.00000000e-03
-1.69959712e-01  1.00000000e-03
-3.57997382e-01  1.00000000e-03
 1.35346501e-01  1.00000000e-03
-5.47667093e-01  1.00000000e-03
 1.02764952e-01  1.00000000e-03
-5.02884161e-01  1.00000000e-03
-2.78301846e-01  1.00000000e-03
 1.15128796e-01  1.00000000e-03
-1.08329956e-01  1.00000000e-03
 7.95701473e-02  1.00000000e-03
-1.40244289e-01  1.00000000e-03
 7.21051706e-01  1.00000000e-03
-1.61001393e-01  1.00000000e-03
-2.15304321e-01  1.00000000e-03
 7.32372911e-02  1.00000000e-03
 7.09631449e-03  1.00000000e-03
 2.02497811e-02  1.00000000e-03
 6.25167760e-01  1.00000000e-03
 9.77250986e-02  1.00000000e-03
 1.45457057e-01  1.00000000e-03
 5.54121205e-02  1.00000000e-03
 6.52529552e-01  1.00000000e-03
 3.96537367e-01  1.00000000e-03
 7.51500551e-02  1.00000000e-03
-1.70285324e-01  1.00000000e-03
 1.10732348e-01  1.00000000e-03
-9.50956298e-02  1.00000000e-03
 4.96808617e-03  1.00000000e-03
 2.23947370e-02  1.00000000e-03
 1.71326347e-01  1.00000000e-03
-3.22077255e-01  1.00000000e-03
-4.01925136e-01  1.00000000e-03
 3.77733692e-03  1.00000000e-03
-4.62578744e-02  1.00000000e-03
-1.62884395e-01  1.00000000e-03
-8.51133851e-02  1.00000000e-03
-1.79883395e-01  1.00000000e-03
 3.65285429e-02  1.00000000e-03
 1.10071677e-01  1.00000000e-03
-2.27730730e-01  1.00000000e-03
 1.81609324e-01  1.00000000e-03
 7.43010480e-02  1.00000000e-03
-3.67461467e-01  1.00000000e-03
-1.19180517e-01  1.00000000e-03
-2.81795964e-01  1.00000000e-03
-2.44061196e-01  1.00000000e-03
-9.27773481e-02  1.00000000e-03
-1.76714939e-01  1.00000000e-03
-9.49039473e-03  1.00000000e-03
 2.81266217e-01  1.00000000e-03
-2.57574885e-01  1.00000000e-03
-4.26154218e-01  1.00000000e-03
 1.45624215e-01  1.00000000e-03
-2.30715525e-01  1.00000000e-03
 2.14131564e-01  1.00000000e-03
-3.63402184e-01  1.00000000e-03
-3.06913159e-01  1.00000000e-03
-2.24228913e-01  1.00000000e-03
 2.23050337e-01  1.00000000e-03
-1.61810798e-02  1.00000000e-03
 5.02111712e-01  1.00000000e-03
 2.07403700e-01  1.00000000e-03
-2.45331723e-01  1.00000000e-03
 3.90176174e-01  1.00000000e-03
-5.22466653e-01  1.00000000e-03
-3.60246701e-01  1.00000000e-03
-1.96611543e-02  1.00000000e-03
-2.28765473e-01  1.00000000e-03
-2.51240920e-01  1.00000000e-03
 2.50171028e-01  1.00000000e-03
 4.55417010e-01  1.00000000e-03
 4.65958997e-01  1.00000000e-03
-1.15080442e-01  1.00000000e-03
 1.41684912e-01  1.00000000e-03
 4.44901433e-01  1.00000000e-03
 2.91750332e-01  1.00000000e-03
 1.65541497e-01  1.00000000e-03
-2.34714599e-01  1.00000000e-03
 2.96937852e-01  1.00000000e-03
-2.23749977e-01  1.00000000e-03
 3.09343895e-02  1.00000000e-03
-8.46007506e-02  1.00000000e-03
 1.77788734e-02  1.00000000e-03
 1.79679063e-01  1.00000000e-03
-1.73021417e-02  1.00000000e-03
 1.83441061e-01  1.00000000e-03
-2.36993176e-01  1.00000000e-03
 3.15764301e-01  1.00000000e-03
 2.50956550e-01  1.00000000e-03
-2.14806476e-01  1.00000000e-03
 4.37358090e-01  1.00000000e-03
 5.89760176e-02  1.00000000e-03
-9.15656308e-02  1.00000000e-03
-1.99163675e-01  1.00000000e-03
 4.46632822e-01  1.00000000e-03
-4.76712989e-02  1.00000000e-03
 1.20144102e-01  1.00000000e-03
 1.25201052e-01  1.00000000e-03
-6.72572971e-02  1.00000000e-03
-1.35665685e-01  1.00000000e-03
-1.87648980e-01  1.00000000e-03
 5.00406755e-01  1.00000000e-03
-1.02293150e-01  1.00000000e-03
-1.11206689e-01  1.00000000e-03
-4.78117177e-02  1.00000000e-03
 8.78915915e-03  1.00000000e-03
-1.02930742e-01  1.00000000e-03
-2.32403317e-01  1.00000000e-03
 2.33099224e-01  1.00000000e-03
 1.92570117e-02  1.00000000e-03
 7.96972961e-03  1.00000000e-03
 3.31980216e-01  1.00000000e-03
 3.65046048e-02  1.00000000e-03
-4.62309999e-01  1.00000000e-03
 1.64645205e-01  1.00000000e-03
-1.57094803e-01  1.00000000e-03
-1.61867678e-01  1.00000000e-03
 2.98150872e-01  1.00000000e-03
 2.75842772e-01  1.00000000e-03
 1.71368398e-01  1.00000000e-03
-1.26049943e-01  1.00000000e-03
-7.98222810e-02  1.00000000e-03
 4.29280542e-04  1.00000000e-03
-3.49934137e-02  1.00000000e-03
 3.40714677e-01  1.00000000e-03
 7.97859841e-02  1.00000000e-03
-9.71893149e-03  1.00000000e-03
-1.48849313e-01  1.00000000e-03
-2.27916490e-01  1.00000000e-03
-1.15797724e-01  1.00000000e-03
 6.27867795e-02  1.00000000e-03
 3.29318933e-01  1.00000000e-03
-3.60539257e-02  1.00000000e-03
 9.74967090e-02  1.00000000e-03
 3.40969180e-01  1.00000000e-03
-4.63502898e-02  1.00000000e-03
 3.29468291e-01  1.00000000e-03
 3.02156563e-02  1.00000000e-03
 2.61465119e-01  1.00000000e-03
-1.42947569e-01  1.00000000e-03
 5.70155866e-01  1.00000000e-03
-2.26350860e-01  1.00000000e-03
-2.24506839e-01  1.00000000e-03
-1.66073861e-01  1.00000000e-03
-4.12670741e-01  1.00000000e-03
-5.99794057e-02  1.00000000e-03
 1.54054321e-01  1.00000000e-03
 6.04485298e-03  1.00000000e-03
 2.77276496e-01  1.00000000e-03
 7.83247354e-02  1.00000000e-03
 2.45140221e-01  1.00000000e-03
 1.37147011e-01  1.00000000e-03
 2.08396171e-01  1.00000000e-03
-2.54746265e-01  1.00000000e-03
 1.84784137e-01  1.00000000e-03
-2.35332202e-01  1.00000000e-03
-2.12688730e-02  1.00000000e-03
-2.06986297e-02  1.00000000e-03
 1.30500148e-01  1.00000000e-03
-4.38045121e-01  1.00000000e-03
-2.01664360e-01  1.00000000e-03
 1.11259959e-01  1.00000000e-03
-1.15221270e-01  1.00000000e-03
-6.09653372e-02  1.00000000e-03
-1.61336972e-01  1.00000000e-03
-2.42981899e-01  1.00000000e-03
-1.18136592e-01  1.00000000e-03
 1.77576877e-01  1.00000000e-03
-8.55040593e-02  1.00000000e-03
 6.62504503e-02  1.00000000e-03
-1.62001637e-01  1.00000000e-03
-1.14320885e-01  1.00000000e-03
-2.93787938e-02  1.00000000e-03
-8.42902422e-02  1.00000000e-03
 2.56805122e-01  1.00000000e-03
-1.38302602e-01  1.00000000e-03
 2.45517905e-02  1.00000000e-03
 1.44155182e-01  1.00000000e-03
 1.28036832e-01  1.00000000e-03
-2.02803707e-01  1.00000000e-03
 4.49992162e-01  1.00000000e-03
 5.72052187e-01  1.00000000e-03
-5.37261157e-01  1.00000000e-03
 2.85563062e-01  1.00000000e-03
-1.06137371e-01  1.00000000e-03
 9.01371233e-01  1.00000000e-03
-1.54054915e-01  1.00000000e-03
 6.28258857e-02  1.00000000e-03
 2.86183878e-02  1.00000000e-03
-1.58026775e-01  1.00000000e-03
 1.38464675e-01  1.00000000e-03
 2.02818651e-01  1.00000000e-03
 2.26211276e-01  1.00000000e-03
-1.19973323e-01  1.00000000e-03
-1.43308369e-01  1.00000000e-03
-1.40706835e-01  1.00000000e-03
 1.82289667e-01  1.00000000e-03
 2.05574160e-01  1.00000000e-03
-1.93868190e-01  1.00000000e-03
-3.81956952e-02  1.00000000e-03
-2.07295317e-02  1.00000000e-03
 6.71443632e-02  1.00000000e-03
 1.10334039e-01  1.00000000e-03
 2.73905076e-01  1.00000000e-03
-2.52936794e-01  1.00000000e-03
 2.18461547e-02  1.00000000e-03
 4.18575220e-01  1.00000000e-03
 1.95961995e-02  1.00000000e-03
 5.08264771e-01  1.00000000e-03
-6.91958531e-02  1.00000000e-03
 4.33527817e-02  1.00000000e-03
-2.01027669e-01  1.00000000e-03
-4.44901828e-03  1.00000000e-03
 3.23568868e-04  1.00000000e-03
 6.14886925e-02  1.00000000e-03
 1.71342733e-02  1.00000000e-03
 8.52251510e-02  1.00000000e-03
-3.72499784e-01  1.00000000e-03
 3.42872396e-01  1.00000000e-03
 3.46252634e-01  1.00000000e-03
-8.04404849e-02  1.00000000e-03
 1.23484604e-01  1.00000000e-03
-1.17588256e-01  1.00000000e-03
-2.07475165e-01  1.00000000e-03
-1.23784644e-01  1.00000000e-03
-1.08432893e-01  1.00000000e-03
-7.33141138e-02  1.00000000e-03
-5.63590039e-03  1.00000000e-03
-3.88298259e-01  1.00000000e-03
-1.70591760e-01  1.00000000e-03
 3.16873160e-01  1.00000000e-03
-1.11566327e-01  1.00000000e-03
-4.54283500e-02  1.00000000e-03
 5.27747177e-01  1.00000000e-03
-1.95199505e-01  1.00000000e-03
 7.65500276e-02  1.00000000e-03
-2.04485019e-01  1.00000000e-03
 1.06384011e-01  1.00000000e-03
 4.23273085e-02  1.00000000e-03
 2.73876628e-01  1.00000000e-03
 4.95197631e-02  1.00000000e-03
 2.21799716e-01  1.00000000e-03
 2.10441791e-01  1.00000000e-03
 1.24469123e-01  1.00000000e-03
-7.29754567e-02  1.00000000e-03
 5.60816540e-02  1.00000000e-03
 4.34823599e-01  1.00000000e-03
