-6.11585345e-02  1.00000000e-03
 2.45031343e-01  1.00000000e-03
-6.14956631e-02  1.00000000e-03
 5.02414607e-01  1.00000000e-03
-2.07327380e-01  1.00000000e-03
-1.14608655e-01  1.00000000e-03
-1.92677267e-01  1.00000000e-03
 8.72574609e-01  1.00000000e-03
 1.15199629e-01  1.00000000e-03
 1.06355623e+00  1.00000000e-03
 3.98072339e-01  1.00000000e-03
-2.44995026e-01  1.00000000e-03
-1.97026302e-01  1.00000000e-03
-2.10966404e-01  1.00000000e-03
-4.71854592e-01  1.00000000e-03
-1.84275837e-01  1.00000000e-03
-5.07500609e-01  1.00000000e-03
 3.19626940e-01  1.00000000e-03
 1.50939842e-01  1.00000000e-03
-1.43328660e-02  1.00000000e-03
-1.44398361e-01  1.00000000e-03
-4.87817275e-01  1.00000000e-03
-7.71042268e-03  1.00000000e-03
-3.79855913e-01  1.00000000e-03
-3.42276447e-01  1.00000000e-03
 7.74276342e-01  1.00000000e-03
-3.49891451e-01  1.00000000e-03
-2.15798742e-02  1.00000000e-03
 3.86048391e-01  1.00000000e-03
-3.83927466e-01  1.00000000e-03
 1.14420776e-01  1.00000000e-03
 2.53895032e-01  1.00000000e-03
 9.47107058e-01  1.00000000e-03
-2.67066596e-02  1.00000000e-03
 1.14361837e-01  1.00000000e-03
-1.17817068e-01  1.00000000e-03
 1.87508265e-02  1.00000000e-03
 1.78454879e-01  1.00000000e-03
 9.45125350e-01  1.00000000e-03
-1.71687397e-01  1.00000000e-03
-2.25395216e-01  1.00000000e-03
-8.03601760e-02  1.00000000e-03
 4.32607047e-01  1.00000000e-03
 2.20720214e-01  1.00000000e-03
 7.51102051e-01  1.00000000e-03
-1.41404252e-01  1.00000000e-03
-2.87512970e-01  1.00000000e-03
-1.34517183e-01  1.00000000e-03
 1.96963022e-01  1.00000000e-03
-1.81059765e-01  1.00000000e-03
 4.54257450e-01  1.00000000e-03
-3.79070724e-01  1.00000000e-03
-2.23216380e-01  1.00000000e-03
 1.27847216e-01  1.00000000e-03
-4.45099098e-01  1.00000000e-03
-2.84836583e-02  1.00000000e-03
 1.86538416e-01  1.00000000e-03
 9.65045842e-02  1.00000000e-03
 3.05953175e-01  1.00000000e-03
 3.81673774e-01  1.00000000e-03
 4.28543580e-01  1.00000000e-03
-2.96445462e-01  1.00000000e-03
-3.62293860e-02  1.00000000e-03
 2.60183392e-01  1.00000000e-03
-2.83536207e-01  1.00000000e-03
-2.11157045e-01  1.00000000e-03
-1.15596946e-01  1.00000000e-03
-3.25948420e-01  1.00000000e-03
-1.53199449e-01  1.00000000e-03
-1.34642869e-01  1.00000000e-03
-1.86575144e-01  1.00000000e-03
-3.64057518e-01  1.00000000e-03
 1.06122156e-01  1.00000000e-03
 1.03140221e-01  1.00000000e-03
-4.46651646e-01  1.00000000e-03
-2.81036460e-01  1.00000000e-03
-1.76148591e-01  1.00000000e-03
-4.06475863e-01  1.00000000e-03
 3.26970408e-02  1.00000000e-03
 3.69213389e-01  1.00000000e-03
 7.30749304e-03  1.00000000e-03
-2.84053455e-02  1.00000000e-03
 9.66361304e-02  1.00000000e-03
-8.39942160e-02  1.00000000e-03
-1.00985562e-01  1.00000000e-03
-1.54307962e-01  1.00000000e-03
-1.22437130e-01  1.00000000e-03
 3.25713028e-01  1.00000000e-03
 3.14745688e-01  1.00000000e-03
-4.01052315e-01  1.00000000e-03
 3.03180668e-01  1.00000000e-03
 1.39990934e-01  1.00000000e-03
-1.07941264e-01  1.00000000e-03
-3.56631660e-01  1.00000000e-03
-3.28609772e-01  1.00000000e-03
-2.70007987e-03  1.00000000e-03
 1.89181327e-01  1.00000000e-03
-1.42575114e-01  1.00000000e-03
 2.75189860e-01  1.00000000e-03
-3.66010807e-01  1.00000000e-03
 1.17392048e-01  1.00000000e-03
-9.00748359e-02  1.00000000e-03
-3.37372082e-01  1.00000000e-03
-4.35760889e-01  1.00000000e-03
-1.68206819e-01  1.00000000e-03
 6.17481114e-02  1.00000000e-03
-2.22324697e-01  1.00000000e-03
 4.26466820e-02  1.00000000e-03
 3.26395432e-01  1.00000000e-03
 6.55130108e-02  1.00000000e-03
-7.72468372e-02  1.00000000e-03
 1.60811597e-01  1.00000000e-03
-3.48782497e-01  1.00000000e-03
 1.52426109e-01  1.00000000e-03
 2.97378449e-01  1.00000000e-03
-4.37643501e-02  1.00000000e-03
 4.24709370e-01  1.00000000e-03
-6.28517017e-02  1.00000000e-03
-2.19760352e-01  1.00000000e-03
-4.24710970e-02  1.00000000e-03
 5.39216220e-01  1.00000000e-03
 9.56876100e-02  1.00000000e-03
 1.23015087e-01  1.00000000e-03
-4.23547746e-01  1.00000000e-03
 6.40938357e-01  1.00000000e-03
-1.02523548e-01  1.00000000e-03
 1.84918501e-01  1.00000000e-03
 3.30473730e-01  1.00000000e-03
-1.49008441e-02  1.00000000e-03
 2.96451658e-01  1.00000000e-03
-3.41902788e-01  1.00000000e-03
 6.77421489e-01  1.00000000e-03
-4.29823441e-01  1.00000000e-03
-7.76598025e-02  1.00000000e-03
 7.45968335e-02  1.00000000e-03
-2.14378992e-01  1.00000000e-03
-4.06312425e-01  1.00000000e-03
-4.57361101e-01  1.00000000e-03
 7.07347824e-01  1.00000000e-03
 5.20614475e-02  1.00000000e-03
-4.22141080e-02  1.00000000e-03
 8.60799905e-02  1.00000000e-03
-7.69677123e-04  1.00000000e-03
-3.60045981e-01  1.00000000e-03
 2.44799540e-01  1.00000000e-03
 4.46388607e-01  1.00000000e-03
-2.30277831e-01  1.00000000e-03
-9.53220032e-02  1.00000000e-03
 4.26161501e-01  1.00000000e-03
 5.74117854e-02  1.00000000e-03
-3.86859569e-01  1.00000000e-03
-3.82754359e-01  1.00000000e-03
-6.29021441e-02  1.00000000e-03
-3.51513385e-01  1.00000000e-03
-1.24865645e-01  1.00000000e-03
 2.49913080e-01  1.00000000e-03
-2.20661805e-01  1.00000000e-03
-2.04134113e-01  1.00000000e-03
 8.07458735e-02  1.00000000e-03
 3.16724391e-01  1.00000000e-03
-3.84326487e-01  1.00000000e-03
 1.70736116e-01  1.00000000e-03
-3.23060472e-02  1.00000000e-03
-1.84587283e-01  1.00000000e-03
-1.52950351e-01  1.00000000e-03
-1.73763227e-01  1.00000000e-03
-7.20587336e-03  1.00000000e-03
-2.57520826e-01  1.00000000e-03
 1.22820887e-01  1.00000000e-03
 1.66200220e-01  1.00000000e-03
 3.56672680e-01  1.00000000e-03
 4.18169610e-01  1.00000000e-03
 1.51346855e-01  1.00000000e-03
 3.09329711e-01  1.00000000e-03
-4.07266666e-01  1.00000000e-03
-3.53310989e-01  1.00000000e-03
-2.15262686e-01  1.00000000e-03
 2.69932410e-01  1.00000000e-03
-2.34677416e-02  1.00000000e-03
-4.08405472e-01  1.00000000e-03
 4.22847783e-01  1.00000000e-03
 4.43509784e-02  1.00000000e-03
-2.05854276e-01  1.00000000e-03
 7.56121839e-01  1.00000000e-03
 1.33539945e-01  1.00000000e-03
-2.53659424e-01  1.00000000e-03
-1.68509446e-01  1.00000000e-03
-6.87694123e-02  1.00000000e-03
 4.46507163e-01  1.00000000e-03
 2.71748845e-02  1.00000000e-03
-1.43523067e-01  1.00000000e-03
-2.61959613e-01  1.00000000e-03
-2.64920250e-01  1.00000000e-03
 2.36314403e-03  1.00000000e-03
-3.79187347e-01  1.00000000e-03
-1.97902202e-01  1.00000000e-03
 2.92149595e-01  1.00000000e-03
 8.75894409e-02  1.00000000e-03
 8.99888679e-03  1.00000000e-03
 1.38535984e-02  1.00000000e-03
-2.65747722e-01  1.00000000e-03
-2.91979269e-01  1.00000000e-03
 1.19914165e-01  1.00000000e-03
-3.48006595e-01  1.00000000e-03
 3.36602416e-01  1.00000000e-03
 4.49110494e-02  1.00000000e-03
-1.39218486e-01  1.00000000e-03
-3.54605571e-01  1.00000000e-03
-2.91610163e-02  1.00000000e-03
-9.06196191e-02  1.00000000e-03
-3.25889676e-01  1.00000000e-03
-4.63167127e-01  1.00000000e-03
-3.58325574e-01  1.00000000e-03
-4.56075056e-01  1.00000000e-03
-1.79034237e-01  1.00000000e-03
-2.17897857e-01  1.00000000e-03
 8.43737247e-01  1.00000000e-03
 3.42395617e-01  1.00000000e-03
 1.47364933e-01  1.00000000e-03
 1.33173544e-01  1.00000000e-03
-2.41935470e-01  1.00000000e-03
-6.90563432e-02  1.00000000e-03
-4.14830798e-01  1.00000000e-03
 1.75163985e-01  1.00000000e-03
-1.72296511e-02  1.00000000e-03
-1.67725975e-01  1.00000000e-03
-1.20371424e-01  1.00000000e-03
 1.08698767e-01  1.00000000e-03
 4.34595470e-01  1.00000000e-03
 1.75898857e-01  1.00000000e-03
-4.66050713e-03  1.00000000e-03
 3.05455680e-01  1.00000000e-03
-3.41722288e-02  1.00000000e-03
-9.80605604e-02  1.00000000e-03
-2.96477728e-01  1.00000000e-03
-6.24498620e-01  1.00000000e-03
-1.04145544e-01  1.00000000e-03
 4.98379853e-01  1.00000000e-03
 5.41830772e-01  1.00000000e-03
 2.46976243e-01  1.00000000e-03
-1.98455135e-01  1.00000000e-03
 1.38041715e-01  1.00000000e-03
-2.04947865e-01  1.00000000e-03
-9.70702167e-02  1.00000000e-03
-2.23582370e-01  1.00000000e-03
-1.62068886e-02  1.00000000e-03
-2.65636136e-01  1.00000000e-03
-7.57507954e-02  1.00000000e-03
 9.29417661e-02  1.00000000e-03
 7.43236499e-03  1.00000000e-03
-2.60844462e-01  1.00000000e-03
-8.23271145e-02  1.00000000e-03
 2.74274016e-01  1.00000000e-03
 5.75385104e-02  1.00000000e-03
 2.67499927e-01  1.00000000e-03
-8.82132807e-02  1.00000000e-03
 3.48237192e-01  1.00000000e-03
-4.63795568e-01  1.00000000e-03
-4.05388064e-02  1.00000000e-03
-3.61708283e-01  1.00000000e-03
 8.20759697e-02  1.00000000e-03
-1.97007300e-01  1.00000000e-03
-1.86637296e-04  1.00000000e-03
 2.72749452e-03  1.00000000e-03
-5.17467076e-01  1.00000000e-03
-3.20761786e-03  1.00000000e-03
 1.07257330e-01  1.00000000e-03
-7.91495640e-04  1.00000000e-03
 6.13874952e-01  1.00000000e-03
-8.93417019e-02  1.00000000e-03
-3.06360863e-01  1.00000000e-03
 5.03694183e-01  1.00000000e-03
-2.36123743e-01  1.00000000e-03
 3.02049390e-01  1.00000000e-03
-1.17328562e-01  1.00000000e-03
 4.12115522e-01  1.00000000e-03
 7.91361346e-02  1.00000000e-03
 1.77131369e-01  1.00000000e-03
-1.76057634e-01  1.00000000e-03
 6.00079560e-01  1.00000000e-03
-2.55186523e-01  1.00000000e-03
-2.99906833e-01  1.00000000e-03
 4.86411702e-01  1.00000000e-03
-5.04415648e-01  1.00000000e-03
-1.53010561e-01  1.00000000e-03
-1.34934125e-01  1.00000000e-03
-3.95663054e-01  1.00000000e-03
-4.79087140e-02  1.00000000e-03
-3.56747167e-01  1.00000000e-03
 4.87456807e-02  1.00000000e-03
-4.03914630e-01  1.00000000e-03
-1.55934439e-01  1.00000000e-03
 3.95557743e-01  1.00000000e-03
 1.34337191e-01  1.00000000e-03
-2.94239483e-02  1.00000000e-03
-4.12922848e-02  1.00000000e-03
 3.58845970e-01  1.00000000e-03
 6.87574835e-03  1.00000000e-03
 3.68033404e-01  1.00000000e-03
-3.75570498e-01  1.00000000e-03
 1.12513691e-01  1.00000000e-03
 5.47414006e-01  1.00000000e-03
 6.27476248e-01  1.00000000e-03
-1.63648088e-01  1.00000000e-03
-4.04577514e-01  1.00000000e-03
 3.81052203e-01  1.00000000e-03
 3.07535356e-01  1.00000000e-03
-2.13092094e-01  1.00000000e-03
-2.25805454e-01  1.00000000e-03
 5.90572523e-01  1.00000000e-03
-4.01128521e-01  1.00000000e-03
 1.71846043e-01  1.00000000e-03
-4.36174494e-02  1.00000000e-03
-3.59700548e-01  1.00000000e-03
 2.37447976e-01  1.00000000e-03
 8.03359087e-01  1.00000000e-03
 2.52816527e-01  1.00000000e-03
 3.17621126e-01  1.00000000e-03
-8.73339269e-02  1.00000000e-03
 4.64322826e-01  1.00000000e-03
 2.15262099e-01  1.00000000e-03
-1.89968985e-01  1.00000000e-03
-1.52924936e-01  1.00000000e-03
 2.25333236e-01  1.00000000e-03
 4.83104384e-01  1.00000000e-03
 3.95610060e-02  1.00000000e-03
 2.66692651e-01  1.00000000e-03
 1.08157443e-01  1.00000000e-03
-3.61494936e-01  1.00000000e-03
-3.08500558e-01  1.00000000e-03
 2.83638419e-01  1.00000000e-03
-1.52632413e-01  1.00000000e-03
-2.66488983e-01  1.00000000e-03
-4.15101976e-02  1.00000000e-03
 7.09337692e-01  1.00000000e-03
 1.77297220e-01  1.00000000e-03
 1.40190334e-01  1.00000000e-03
 8.68806392e-02  1.00000000e-03
-2.95079496e-02  1.00000000e-03
-6.16468633e-02  1.00000000e-03
-2.30272632e-01  1.00000000e-03
-2.74186923e-01  1.00000000e-03
-3.59597623e-01  1.00000000e-03
 1.08229020e-01  1.00000000e-03
-7.93481436e-02  1.00000000e-03
-4.26713748e-01  1.00000000e-03
-1.91327401e-01  1.00000000e-03
 2.05831276e-01  1.00000000e-03
-3.46995928e-01  1.00000000e-03
-8.12281737e-03  1.00000000e-03
-3.42354962e-01  1.00000000e-03
 1.57235621e-01  1.00000000e-03
 3.62938538e-01  1.00000000e-03
-3.58738195e-02  1.00000000e-03
 3.51926166e-02  1.00000000e-03
 8.69259118e-03  1.00000000e-03
 2.60171413e-01  1.00000000e-03
 5.07129712e-01  1.00000000e-03
-7.75510121e-02  1.00000000e-03
 2.23766704e-01  1.00000000e-03
-4.20399833e-01  1.00000000e-03
-1.39279688e-01  1.00000000e-03
 4.01412920e-02  1.00000000e-03
 1.35322190e-01  1.00000000e-03
 3.44262400e-01  1.00000000e-03
 3.97028963e-02  1.00000000e-03
 4.60172090e-01  1.00000000e-03
 3.76347545e-01  1.00000000e-03
-3.52986905e-02  1.00000000e-03
-1.30175926e-03  1.00000000e-03
 7.82774441e-02  1.00000000e-03
 4.30211624e-01  1.00000000e-03
 1.26760876e-01  1.00000000e-03
-1.94301316e-01  1.00000000e-03
 8.91085068e-02  1.00000000e-03
 3.01905681e-01  1.00000000e-03
 1.10667646e-01  1.00000000e-03
-4.66365137e-01  1.00000000e-03
 9.32794173e-02  1.00000000e-03
-5.07344283e-02  1.00000000e-03
 3.79568156e-01  1.00000000e-03
 1.52016697e-01  1.00000000e-03
-4.76919391e-01  1.00000000e-03
 1.43392380e-02  1.00000000e-03
 1.82243561e-01  1.00000000e-03
-2.98134622e-01  1.00000000e-03
-8.47610508e-02  1.00000000e-03
-1.06759193e-01  1.00000000e-03
 8.90047848e-03  1.00000000e-03
-2.98133725e-01  1.00000000e-03
-1.88922485e-01  1.00000000e-03
-2.92495975e-01  1.00000000e-03
 4.24577467e-02  1.00000000e-03
-3.14272348e-01  1.00000000e-03
-2.74044990e-01  1.00000000e-03
 5.19071613e-02  1.00000000e-03
 3.28222148e-01  1.00000000e-03
 2.32593071e-01  1.00000000e-03
 3.48821593e-01  1.00000000e-03
-3.79710676e-01  1.00000000e-03
-3.94840539e-01  1.00000000e-03
-2.60119306e-01  1.00000000e-03
 2.00406557e-01  1.00000000e-03
 1.08317463e+00  1.00000000e-03
-2.32474471e-01  1.00000000e-03
-4.96540022e-01  1.00000000e-03
 2.70096308e-01  1.00000000e-03
 3.76716920e-01  1.00000000e-03
 3.14758087e-02  1.00000000e-03
-2.13818959e-01  1.00000000e-03
-4.42406581e-02  1.00000000e-03
 3.04034383e-01  1.00000000e-03
-3.36583497e-01  1.00000000e-03
-1.37757401e-01  1.00000000e-03
 2.59129634e-01  1.00000000e-03
 6.29701138e-01  1.00000000e-03
-3.71590706e-01  1.00000000e-03
 1.10251881e-03  1.00000000e-03
 3.70832576e-01  1.00000000e-03
 1.66093459e-01  1.00000000e-03
-3.32604029e-01  1.00000000e-03
 3.43112308e-01  1.00000000e-03
 6.41309350e-02  1.00000000e-03
 1.95682714e-01  1.00000000e-03
-2.05604830e-01  1.00000000e-03
-3.52334226e-01  1.00000000e-03
 7.44045357e-03  1.00000000e-03
 1.53315487e-01  1.00000000e-03
-1.11327385e-01  1.00000000e-03
 1.29725935e-01  1.00000000e-03
-3.93278949e-01  1.00000000e-03
 5.00401676e-02  1.00000000e-03
-3.07650071e-01  1.00000000e-03
-7.67468652e-03  1.00000000e-03
-2.55984599e-01  1.00000000e-03
-2.67432498e-03  1.00000000e-03
-1.46036422e-02  1.00000000e-03
-2.48879483e-01  1.00000000e-03
 3.23350772e-02  1.00000000e-03
-4.33613053e-02  1.00000000e-03
 4.69392676e-01  1.00000000e-03
-1.91728340e-01  1.00000000e-03
-1.99054334e-01  1.00000000e-03
 1.01753772e-01  1.00000000e-03
-3.32829000e-01  1.00000000e-03
-2.81267446e-01  1.00000000e-03
 3.68898308e-02  1.00000000e-03
-3.03779257e-01  1.00000000e-03
 3.11565674e-01  1.00000000e-03
 3.73207497e-01  1.00000000e-03
-2.71689331e-01  1.00000000e-03
-5.26419831e-01  1.00000000e-03
 2.81470752e-01  1.00000000e-03
-6.14925619e-02  1.00000000e-03
 1.33657795e-03  1.00000000e-03
 7.97474670e-02  1.00000000e-03
-3.88920477e-01  1.00000000e-03
 6.26658076e-01  1.00000000e-03
-3.02042909e-01  1.00000000e-03
 1.78995095e-01  1.00000000e-03
-2.36207354e-01  1.00000000e-03
-1.54577123e-01  1.00000000e-03
 6.70485579e-01  1.00000000e-03
-2.60135219e-01  1.00000000e-03
-9.51529678e-02  1.00000000e-03
 3.64201846e-02  1.00000000e-03
 6.17489354e-01  1.00000000e-03
 1.94225416e-02  1.00000000e-03
-3.07526356e-01  1.00000000e-03
 4.27346219e-01  1.00000000e-03
 4.64800406e-02  1.00000000e-03
-2.95513850e-02  1.00000000e-03
 5.74575971e-01  1.00000000e-03
 2.59625795e-02  1.00000000e-03
-1.39103355e-01  1.00000000e-03
 1.95630331e-02  1.00000000e-03
-1.29108919e-01  1.00000000e-03
-2.80078813e-01  1.00000000e-03
 5.90368107e-01  1.00000000e-03
-3.74737554e-02  1.00000000e-03
-3.77942808e-01  1.00000000e-03
-5.55628607e-01  1.00000000e-03
-4.65532117e-01  1.00000000e-03
-1.43296553e-01  1.00000000e-03
 4.28553730e-01  1.00000000e-03
-3.87560246e-01  1.00000000e-03
-1.61879519e-01  1.00000000e-03
-1.02455662e-01  1.00000000e-03
 3.01529711e-02  1.00000000e-03
-3.69174123e-01  1.00000000e-03
 1.55146699e-01  1.00000000e-03
 3.90646433e-01  1.00000000e-03
-1.85133764e-01  1.00000000e-03
-7.62963992e-02  1.00000000e-03
 4.17431702e-02  1.00000000e-03
 1.24813881e-01  1.00000000e-03
 2.98406373e-01  1.00000000e-03
 7.43617703e-02  1.00000000e-03
 5.47168736e-01  1.00000000e-03
-4.07556305e-02  1.00000000e-03
 8.57869942e-01  1.00000000e-03
 1.21653420e-01  1.00000000e-03
 7.31439767e-02  1.00000000e-03
-5.28020092e-02  1.00000000e-03
 2.57674264e-01  1.00000000e-03
 1.17514111e-02  1.00000000e-03
-2.63675492e-01  1.00000000e-03
-3.52035900e-01  1.00000000e-03
-2.20143592e-01  1.00000000e-03
 8.13293110e-01  1.00000000e-03
 6.56754194e-01  1.00000000e-03
-4.02386862e-01  1.00000000e-03
-3.05762846e-01  1.00000000e-03
-1.40634426e-01  1.00000000e-03
-3.10199124e-01  1.00000000e-03
-3.30936365e-02  1.00000000e-03
-4.15736456e-01  1.00000000e-03
-2.18433707e-01  1.00000000e-03
-1.45474925e-02  1.00000000e-03
 1.88348566e-01  1.00000000e-03
-4.48502922e-01  1.00000000e-03
 6.94220927e-01  1.00000000e-03
 1.57875799e-01  1.00000000e-03
-1.48050438e-02  1.00000000e-03
 1.56598138e-01  1.00000000e-03
 1.49907306e-01  1.00000000e-03
-1.48308440e-03  1.00000000e-03
 4.60794838e-01  1.00000000e-03
 3.51817394e-02  1.00000000e-03
-3.63101913e-01  1.00000000e-03
 1.15111321e-01  1.00000000e-03
 5.23442356e-01  1.00000000e-03
 4.38919024e-01  1.00000000e-03
-1.43089080e-01  1.00000000e-03
 3.25023181e-01  1.00000000e-03
-3.49041752e-01  1.00000000e-03
 1.19580489e-01  1.00000000e-03
-2.70399389e-01  1.00000000e-03
 2.60920740e-01  1.00000000e-03
-4.29237062e-01  1.00000000e-03
-6.46222552e-02  1.00000000e-03
 2.61919409e-01  1.00000000e-03
-3.79131978e-01  1.00000000e-03
 2.17021748e-01  1.00000000e-03
-4.56502246e-01  1.00000000e-03
 2.27358344e-02  1.00000000e-03
-2.74738125e-01  1.00000000e-03
-5.10528234e-03  1.00000000e-03
-4.96794024e-01  1.00000000e-03
-3.64133136e-01  1.00000000e-03
 3.34091272e-01  1.00000000e-03
 1.76387275e-01  1.00000000e-03
-2.02066693e-01  1.00000000e-03
 1.12228909e-01  1.00000000e-03
-5.61441155e-02  1.00000000e-03
-8.47558476e-02  1.00000000e-03
 3.61326515e-01  1.00000000e-03
 1.39058092e-01  1.00000000e-03
-5.16813915e-01  1.00000000e-03
 4.03468043e-01  1.00000000e-03
 9.04059263e-02  1.00000000e-03
-4.67648095e-01  1.00000000e-03
-3.96343842e-01  1.00000000e-03
-2.82485961e-01  1.00000000e-03
-2.53968058e-01  1.00000000e-03
-3.44030120e-01  1.00000000e-03
-1.39911929e-01  1.00000000e-03
-3.59882371e-01  1.00000000e-03
 1.87415184e-01  1.00000000e-03
-3.83696949e-03  1.00000000e-03
-1.21128972e-01  1.00000000e-03
-1.65661447e-01  1.00000000e-03
-1.75419637e-01  1.00000000e-03
-1.57934895e-01  1.00000000e-03
 2.81761193e-01  1.00000000e-03
-9.62400864e-02  1.00000000e-03
-1.11667383e-01  1.00000000e-03
-3.06239032e-01  1.00000000e-03
-3.90341398e-01  1.00000000e-03
-2.04828428e-01  1.00000000e-03
-4.32480726e-01  1.00000000e-03
-4.80329634e-02  1.00000000e-03
 1.89753991e-01  1.00000000e-03
-4.21180681e-01  1.00000000e-03
-2.29964645e-01  1.00000000e-03
-3.72108585e-02  1.00000000e-03
 6.18188734e-01  1.00000000e-03
 1.99952924e-01  1.00000000e-03
-6.74596975e-02  1.00000000e-03
-3.61812966e-02  1.00000000e-03
 1.70553205e-01  1.00000000e-03
-4.15238912e-01  1.00000000e-03
 3.80353326e-01  1.00000000e-03
 3.79938285e-01  1.00000000e-03
 5.72206913e-01  1.00000000e-03
-3.69653576e-01  1.00000000e-03
-1.35694206e-01  1.00000000e-03
-1.28808431e-01  1.00000000e-03
-2.96906110e-01  1.00000000e-03
-3.28126635e-01  1.00000000e-03
 3.34083735e-01  1.00000000e-03
-8.64561422e-02  1.00000000e-03
-4.94410050e-01  1.00000000e-03
 1.50145444e-01  1.00000000e-03
-1.81301476e-01  1.00000000e-03
-3.17940556e-01  1.00000000e-03
 3.69294018e-02  1.00000000e-03
 1.24410068e-01  1.00000000e-03
-4.40153443e-01  1.00000000e-03
 5.30941181e-02  1.00000000e-03
 9.39578534e-01  1.00000000e-03
-1.74009262e-01  1.00000000e-03
 1.38439025e-01  1.00000000e-03
 2.43201857e-02  1.00000000e-03
-2.91484345e-01  1.00000000e-03
 4.87362591e-01  1.00000000e-03
 9.76918658e-01  1.00000000e-03
 2.08204937e-02  1.00000000e-03
 2.50055668e-01  1.00000000e-03
-2.89550821e-01  1.00000000e-03
-3.58044349e-01  1.00000000e-03
 4.19246960e-01  1.00000000e-03
-1.52014580e-01  1.00000000e-03
 2.93139869e-01  1.00000000e-03
-9.86466086e-02  1.00000000e-03
-1.28572576e-01  1.00000000e-03
 5.70641746e-01  1.00000000e-03
 1.76838365e-02  1.00000000e-03
 4.63326457e-02  1.00000000e-03
 3.28330584e-01  1.00000000e-03
 2.68589195e-01  1.00000000e-03
-4.53238849e-01  1.00000000e-03
-2.31393400e-01  1.00000000e-03
 9.02095657e-02  1.00000000e-03
 3.65058296e-01  1.00000000e-03
-1.22728522e-01  1.00000000e-03
-1.45279083e-01  1.00000000e-03
 1.35818913e-01  1.00000000e-03
 2.10151171e-01  1.00000000e-03
-5.53415758e-02  1.00000000e-03
 6.61924378e-01  1.00000000e-03
 3.38903056e-01  1.00000000e-03
-1.15616969e-01  1.00000000e-03
-2.35169569e-01  1.00000000e-03
-1.77123792e-01  1.00000000e-03
 4.45098169e-01  1.00000000e-03
 3.03506822e-02  1.00000000e-03
-2.22324665e-02  1.00000000e-03
 6.34567299e-01  1.00000000e-03
 9.99168071e-02  1.00000000e-03
 1.20743214e-01  1.00000000e-03
-7.38726387e-03  1.00000000e-03
 7.92974381e-01  1.00000000e-03
-4.84809883e-01  1.00000000e-03
 5.42128479e-01  1.00000000e-03
-8.06768522e-02  1.00000000e-03
-3.03458493e-01  1.00000000e-03
-2.46562931e-01  1.00000000e-03
-2.41574567e-01  1.00000000e-03
-3.78781324e-01  1.00000000e-03
-3.53421271e-01  1.00000000e-03
-7.80793879e-02  1.00000000e-03
 4.16669073e-01  1.00000000e-03
 1.37822071e-01  1.00000000e-03
-4.39727745e-01  1.00000000e-03
 8.07980028e-01  1.00000000e-03
 2.22970179e-01  1.00000000e-03
 2.89875512e-01  1.00000000e-03
-4.21464521e-02  1.00000000e-03
 7.07508755e-02  1.00000000e-03
 1.48409731e-03  1.00000000e-03
-5.47497625e-01  1.00000000e-03
 3.62433315e-01  1.00000000e-03
 1.18459280e-01  1.00000000e-03
-3.35820297e-01  1.00000000e-03
-3.13529935e-02  1.00000000e-03
 4.17362469e-02  1.00000000e-03
-4.00490386e-01  1.00000000e-03
 7.83814945e-01  1.00000000e-03
-2.56249552e-01  1.00000000e-03
-2.68866827e-01  1.00000000e-03
-3.46985736e-01  1.00000000e-03
 4.06383873e-01  1.00000000e-03
 3.72598861e-01  1.00000000e-03
-3.69051142e-01  1.00000000e-03
-1.10441862e-01  1.00000000e-03
 2.22592881e-01  1.00000000e-03
-4.43523336e-01  1.00000000e-03
-9.54298258e-02  1.00000000e-03
 3.39398799e-01  1.00000000e-03
 2.88647977e-01  1.00000000e-03
-1.56402224e-02  1.00000000e-03
-2.57682218e-01  1.00000000e-03
 2.61768410e-01  1.00000000e-03
 1.59166526e-01  1.00000000e-03
-2.78039639e-01  1.00000000e-03
-1.22770485e-01  1.00000000e-03
-1.36722846e-01  1.00000000e-03
-3.22814133e-01  1.00000000e-03
-1.85111213e-01  1.00000000e-03
-1.92625869e-02  1.00000000e-03
 5.26650135e-01  1.00000000e-03
 1.09320933e-01  1.00000000e-03
 6.86929899e-01  1.00000000e-03
-2.61577017e-01  1.00000000e-03
-2.29444814e-01  1.00000000e-03
-1.35555304e-01  1.00000000e-03
-1.57992718e-01  1.00000000e-03
 2.39885497e-01  1.00000000e-03
-1.41625380e-01  1.00000000e-03
 2.13151958e-01  1.00000000e-03
 4.30465668e-02  1.00000000e-03
-3.14731313e-01  1.00000000e-03
-1.41730166e-01  1.00000000e-03
-2.93903563e-02  1.00000000e-03
-3.04096060e-01  1.00000000e-03
 3.16565698e-01  1.00000000e-03
-8.00011536e-02  1.00000000e-03
 1.12512575e-01  1.00000000e-03
-1.12006254e-01  1.00000000e-03
-1.13091802e-01  1.00000000e-03
 7.72581911e-01  1.00000000e-03
 5.35009175e-01  1.00000000e-03
-1.51781726e-01  1.00000000e-03
-1.50419103e-01  1.00000000e-03
-5.28095135e-01  1.00000000e-03
 2.98908521e-01  1.00000000e-03
 7.34399100e-01  1.00000000e-03
 2.27220222e-01  1.00000000e-03
 4.77531234e-02  1.00000000e-03
-2.90682782e-01  1.00000000e-03
-1.77539208e-01  1.00000000e-03
-1.81559682e-01  1.00000000e-03
-3.28587563e-01  1.00000000e-03
-4.22932139e-01  1.00000000e-03
-1.85559919e-01  1.00000000e-03
 1.16352221e-01  1.00000000e-03
-2.22629028e-01  1.00000000e-03
 2.48310804e-01  1.00000000e-03
-4.83368945e-01  1.00000000e-03
-3.31676356e-01  1.00000000e-03
 7.00015486e-02  1.00000000e-03
-1.20066761e-01  1.00000000e-03
 1.40717446e-01  1.00000000e-03
 1.33329409e-01  1.00000000e-03
-3.42838453e-01  1.00000000e-03
 1.85623533e-01  1.00000000e-03
 3.83171740e-01  1.00000000e-03
 3.53110247e-01  1.00000000e-03
 5.17334168e-01  1.00000000e-03
-5.16228228e-01  1.00000000e-03
 4.37175454e-01  1.00000000e-03
 2.60595093e-01  1.00000000e-03
-1.63563914e-03  1.00000000e-03
-2.02076073e-01  1.00000000e-03
-3.85046315e-01  1.00000000e-03
-3.88524085e-01  1.00000000e-03
-3.42700188e-01  1.00000000e-03
 7.34262510e-04  1.00000000e-03
-2.64350786e-01  1.00000000e-03
 3.30422036e-01  1.00000000e-03
-3.11185712e-01  1.00000000e-03
 4.49672152e-01  1.00000000e-03
 1.55866675e-01  1.00000000e-03
 2.44331536e-01  1.00000000e-03
-3.18609077e-02  1.00000000e-03
-4.33706357e-01  1.00000000e-03
-4.06010622e-01  1.00000000e-03
 7.29919290e-03  1.00000000e-03
 3.33024600e-01  1.00000000e-03
 5.26685827e-01  1.00000000e-03
-2.09748340e-01  1.00000000e-03
 7.16151707e-03  1.00000000e-03
-3.62355144e-01  1.00000000e-03
 8.47679857e-01  1.00000000e-03
 7.18646461e-02  1.00000000e-03
 5.44960732e-01  1.00000000e-03
-1.41619138e-01  1.00000000e-03
 6.23975589e-01  1.00000000e-03
 2.88409662e-01  1.00000000e-03
 2.91188420e-01  1.00000000e-03
 1.77787459e-01  1.00000000e-03
-8.74662535e-02  1.00000000e-03
 7.41644830e-02  1.00000000e-03
-3.68688612e-01  1.00000000e-03
-3.55118552e-01  1.00000000e-03
 2.41814365e-01  1.00000000e-03
-7.42426084e-02  1.00000000e-03
-4.21749311e-01  1.00000000e-03
-3.55016295e-01  1.00000000e-03
 2.21133566e-01  1.00000000e-03
 3.87054506e-01  1.00000000e-03
-8.84348159e-02  1.00000000e-03
-3.93876188e-01  1.00000000e-03
 2.13149141e-01  1.00000000e-03
-2.02333939e-01  1.00000000e-03
-1.95121675e-01  1.00000000e-03
 1.74504588e-01  1.00000000e-03
-3.65074393e-01  1.00000000e-03
 1.75008452e-01  1.00000000e-03
-5.40934506e-02  1.00000000e-03
-1.06236546e-01  1.00000000e-03
 6.16697180e-01  1.00000000e-03
 3.33258635e-01  1.00000000e-03
-2.43856610e-01  1.00000000e-03
 3.09547337e-01  1.00000000e-03
-7.83496751e-02  1.00000000e-03
 1.68943085e-02  1.00000000e-03
-3.66306635e-01  1.00000000e-03
 4.16474418e-02  1.00000000e-03
-2.47464191e-01  1.00000000e-03
 4.44165760e-01  1.00000000e-03
-1.73302489e-01  1.00000000e-03
 1.42807543e-01  1.00000000e-03
 3.59970933e-01  1.00000000e-03
-4.95009577e-02  1.00000000e-03
 9.58509802e-02  1.00000000e-03
-3.86746870e-01  1.00000000e-03
-3.71273652e-01  1.00000000e-03
-4.90968041e-01  1.00000000e-03
-4.76365334e-01  1.00000000e-03
-7.91040490e-03  1.00000000e-03
 9.05718220e-02  1.00000000e-03
 2.51153072e-01  1.00000000e-03
 1.07800710e+00  1.00000000e-03
-8.37654227e-02  1.00000000e-03
-2.97700921e-01  1.00000000e-03
 5.36815712e-01  1.00000000e-03
 2.94691239e-01  1.00000000e-03
 4.06254075e-01  1.00000000e-03
 1.09530206e-02  1.00000000e-03
 3.91999181e-01  1.00000000e-03
-2.63254869e-01  1.00000000e-03
 4.14209791e-01  1.00000000e-03
-1.81368717e-01  1.00000000e-03
-4.16016792e-01  1.00000000e-03
 3.80606657e-01  1.00000000e-03
-1.06581019e-01  1.00000000e-03
 1.87603606e-01  1.00000000e-03
-1.58215362e-01  1.00000000e-03
 3.67870592e-01  1.00000000e-03
 3.75360309e-01  1.00000000e-03
-2.14341649e-01  1.00000000e-03
-7.13753982e-02  1.00000000e-03
-2.20491367e-01  1.00000000e-03
-2.50960772e-02  1.00000000e-03
-8.05310894e-02  1.00000000e-03
 5.18889178e-01  1.00000000e-03
-1.11476212e-01  1.00000000e-03
-8.31552217e-02  1.00000000e-03
-4.15085809e-01  1.00000000e-03
 5.64837994e-02  1.00000000e-03
-2.40332164e-01  1.00000000e-03
 1.24162833e-02  1.00000000e-03
-1.01479696e-02  1.00000000e-03
-1.64493149e-01  1.00000000e-03
 3.82621123e-02  1.00000000e-03
-3.00894789e-01  1.00000000e-03
 3.27313933e-01  1.00000000e-03
 1.75310987e-01  1.00000000e-03
-4.16804872e-01  1.00000000e-03
-3.61771378e-02  1.00000000e-03
-3.11805268e-01  1.00000000e-03
 8.91960418e-01  1.00000000e-03
-1.03462243e-02  1.00000000e-03
-1.53175055e-01  1.00000000e-03
 2.38844011e-01  1.00000000e-03
 4.81538519e-01  1.00000000e-03
-3.34776045e-01  1.00000000e-03
 2.91404996e-02  1.00000000e-03
 3.79189256e-01  1.00000000e-03
 2.81099592e-01  1.00000000e-03
 9.51430459e-03  1.00000000e-03
 3.45586930e-01  1.00000000e-03
-1.82781775e-01  1.00000000e-03
-3.22017405e-01  1.00000000e-03
 2.63643241e-01  1.00000000e-03
 2.90738015e-01  1.00000000e-03
 5.65575603e-01  1.00000000e-03
-1.81768448e-01  1.00000000e-03
 7.29794112e-02  1.00000000e-03
 1.78586528e-01  1.00000000e-03
-2.27043980e-02  1.00000000e-03
-7.46620324e-02  1.00000000e-03
-9.75948160e-02  1.00000000e-03
-3.09443258e-01  1.00000000e-03
 4.94173144e-01  1.00000000e-03
-9.58706367e-02  1.00000000e-03
-1.93437982e-01  1.00000000e-03
-7.15678227e-02  1.00000000e-03
 5.99237521e-01  1.00000000e-03
 5.67521980e-01  1.00000000e-03
-4.88578348e-01  1.00000000e-03
 6.10125345e-01  1.00000000e-03
-4.13448722e-01  1.00000000e-03
-3.96356710e-01  1.00000000e-03
-2.44430730e-01  1.00000000e-03
-2.76516020e-01  1.00000000e-03
-4.29754120e-01  1.00000000e-03
 8.47705346e-02  1.00000000e-03
 9.87297455e-01  1.00000000e-03
-9.48639095e-02  1.00000000e-03
 1.21773819e-01  1.00000000e-03
 6.90257071e-01  1.00000000e-03
 2.71757006e-01  1.00000000e-03
 3.52903780e-01  1.00000000e-03
-4.33269003e-01  1.00000000e-03
 7.45016347e-02  1.00000000e-03
-1.48978743e-01  1.00000000e-03
-4.73149050e-02  1.00000000e-03
-3.25947357e-01  1.00000000e-03
 1.38747643e-01  1.00000000e-03
-1.14179860e-01  1.00000000e-03
-1.91221686e-01  1.00000000e-03
-1.47854995e-01  1.00000000e-03
-1.67443640e-01  1.00000000e-03
-2.25550335e-01  1.00000000e-03
-1.86976024e-01  1.00000000e-03
-3.22311279e-01  1.00000000e-03
 4.14163127e-01  1.00000000e-03
 2.23243813e-01  1.00000000e-03
-4.16436547e-01  1.00000000e-03
 2.43314360e-01  1.00000000e-03
 1.85845897e-01  1.00000000e-03
 2.37016163e-01  1.00000000e-03
 6.30075561e-02  1.00000000e-03
-2.57923347e-01  1.00000000e-03
-2.52861303e-01  1.00000000e-03
 2.16344722e-01  1.00000000e-03
-3.48784468e-01  1.00000000e-03
-1.06914262e-01  1.00000000e-03
-5.30298157e-02  1.00000000e-03
 2.51225709e-01  1.00000000e-03
 4.08753101e-01  1.00000000e-03
 3.27107041e-01  1.00000000e-03
-2.59144023e-01  1.00000000e-03
 5.80951797e-01  1.00000000e-03
-2.96425527e-01  1.00000000e-03
 5.55654296e-01  1.00000000e-03
-3.72110381e-01  1.00000000e-03
 1.20652121e-01  1.00000000e-03
 3.31513384e-01  1.00000000e-03
-3.98175775e-02  1.00000000e-03
 6.71365871e-01  1.00000000e-03
 2.92646776e-01  1.00000000e-03
-7.14272476e-02  1.00000000e-03
-1.44848599e-01  1.00000000e-03
-1.42354049e-01  1.00000000e-03
 2.19832836e-01  1.00000000e-03
 5.41824179e-01  1.00000000e-03
 6.19880257e-02  1.00000000e-03
-3.35199896e-01  1.00000000e-03
 2.47333666e-01  1.00000000e-03
 9.64654446e-01  1.00000000e-03
 4.05601241e-03  1.00000000e-03
 3.43996986e-02  1.00000000e-03
-3.18494060e-01  1.00000000e-03
-1.89049886e-01  1.00000000e-03
 5.13510034e-01  1.00000000e-03
-7.11512917e-02  1.00000000e-03
 4.62656065e-02  1.00000000e-03
 2.05364968e-01  1.00000000e-03
-1.38853007e-01  1.00000000e-03
-4.69940927e-01  1.00000000e-03
-3.74254701e-01  1.00000000e-03
 2.73218114e-01  1.00000000e-03
 1.35557911e-01  1.00000000e-03
 6.07608119e-03  1.00000000e-03
 2.11403700e-01  1.00000000e-03
 6.93675668e-01  1.00000000e-03
-1.63865062e-01  1.00000000e-03
 3.73217831e-01  1.00000000e-03
 8.32907798e-01  1.00000000e-03
 4.38270893e-01  1.00000000e-03
 1.80395836e-01  1.00000000e-03
-2.11271622e-01  1.00000000e-03
-6.15199352e-02  1.00000000e-03
-1.80661081e-01  1.00000000e-03
-2.76712750e-01  1.00000000e-03
-1.59629944e-01  1.00000000e-03
-1.18500368e-01  1.00000000e-03
-3.87584908e-01  1.00000000e-03
 7.30059411e-02  1.00000000e-03
 1.04940332e-01  1.00000000e-03
 4.80275096e-02  1.00000000e-03
-2.18503068e-01  1.00000000e-03
 2.21309909e-01  1.00000000e-03
-2.30264630e-01  1.00000000e-03
 1.52835248e-01  1.00000000e-03
-8.67220684e-02  1.00000000e-03
-1.82383612e-01  1.00000000e-03
 1.90045915e-01  1.00000000e-03
-5.32323401e-01  1.00000000e-03
 5.64498184e-01  1.00000000e-03
 4.46041802e-01  1.00000000e-03
 6.90620378e-02  1.00000000e-03
 1.79461083e-01  1.00000000e-03
 1.70768894e-01  1.00000000e-03
-1.49114422e-01  1.00000000e-03
 2.47945475e-01  1.00000000e-03
