            100  5.56820011e-05
            400  3.26856001e-04
           1000  5.04259998e-04
            100  8.57209996e-05
            100  1.00990998e-04
            100  5.58610012e-05
            100  5.70330005e-05
            400  2.04836997e-04
            400  2.63239001e-04
            400  2.09563999e-04
            400  2.55556996e-04
           1000  5.59183005e-04
           1000  5.13361003e-04
           1000  5.00384002e-04
           4000  2.08049800e-03
           4000  1.55622999e-03
           4000  1.75311599e-03
           4000  1.67968399e-03
           4000  1.92172200e-03
          10000  4.72902398e-03
          10000  3.91016800e-03
          10000  4.74426400e-03
          10000  3.96997102e-03
          10000  4.32281000e-03
         100000  4.17223939e-02
         100000  5.42744859e-02
         100000  6.07423009e-02
         100000  4.03138490e-02
         100000  5.64997740e-02
         100000  5.66139089e-02
          10000  4.73879703e-03
          10000  4.01671400e-03
          10000  6.43430002e-03
          10000  4.89474000e-03
          10000  6.45520799e-03
          10000  4.76809399e-03
          10000  4.90339800e-03
          10000  5.17187200e-03
          10000  3.99984202e-03
          10000  5.06965999e-03
           4000  1.46169897e-03
           4000  1.49331797e-03
            100  6.29900001e-05
            400  3.61087005e-04
          10000  3.75931304e-03
           1000  5.13905004e-04
           1000  4.52738013e-04
           4000  1.45591595e-03
           4000  1.58206897e-03
         100000  3.65753910e-02
           4000  1.48437196e-03
         100000  3.76066990e-02
           4000  1.56199697e-03
