-6.05559182e-02  1.00000000e-03
 1.77437646e-01  1.00000000e-03
 1.56875451e-02  1.00000000e-03
 3.85537839e-01  1.00000000e-03
-1.36963073e-01  1.00000000e-03
-1.15047490e-01  1.00000000e-03
-1.96336589e-01  1.00000000e-03
 8.18450946e-01  1.00000000e-03
 1.07380196e-01  1.00000000e-03
 5.07292117e-01  1.00000000e-03
 2.78666630e-01  1.00000000e-03
-9.66260308e-02  1.00000000e-03
-2.86728283e-01  1.00000000e-03
-2.55937171e-01  1.00000000e-03
-4.31648796e-01  1.00000000e-03
-2.78992203e-01  1.00000000e-03
-2.90446346e-01  1.00000000e-03
 3.52038394e-02  1.00000000e-03
 1.33946296e-01  1.00000000e-03
-1.90668305e-03  1.00000000e-03
-1.73482328e-01  1.00000000e-03
-4.53287522e-03  1.00000000e-03
-7.17921329e-03  1.00000000e-03
-1.60095785e-01  1.00000000e-03
-3.42276447e-01  1.00000000e-03
 5.32028480e-01  1.00000000e-03
-2.27188535e-01  1.00000000e-03
-2.70684643e-02  1.00000000e-03
 2.83426884e-01  1.00000000e-03
-2.60703556e-01  1.00000000e-03
 1.26819324e-01  1.00000000e-03
 5.22252365e-02  1.00000000e-03
 8.50123050e-01  1.00000000e-03
 4.32350016e-02  1.00000000e-03
 1.43468305e-03  1.00000000e-03
-2.52600290e-02  1.00000000e-03
 1.11280932e-01  1.00000000e-03
 1.30589851e-01  1.00000000e-03
 7.40415026e-01  1.00000000e-03
-1.60202698e-01  1.00000000e-03
-1.31731774e-01  1.00000000e-03
 2.26615218e-03  1.00000000e-03
 3.35995733e-01  1.00000000e-03
 1.65915556e-01  1.00000000e-03
 4.56634392e-01  1.00000000e-03
-1.69394156e-02  1.00000000e-03
-3.08341099e-01  1.00000000e-03
 3.61573615e-02  1.00000000e-03
 1.19627924e-01  1.00000000e-03
-2.47117537e-01  1.00000000e-03
 1.72666681e-01  1.00000000e-03
-4.06576030e-01  1.00000000e-03
-9.85749235e-02  1.00000000e-03
 3.80626478e-01  1.00000000e-03
-7.62819422e-02  1.00000000e-03
 5.58394493e-02  1.00000000e-03
 5.41653240e-02  1.00000000e-03
-1.04791893e-01  1.00000000e-03
-3.30107787e-05  1.00000000e-03
 3.77282228e-01  1.00000000e-03
 2.84362790e-02  1.00000000e-03
-1.80158423e-01  1.00000000e-03
 2.08822532e-02  1.00000000e-03
 3.36168316e-01  1.00000000e-03
-3.25545602e-01  1.00000000e-03
-8.15647702e-02  1.00000000e-03
-4.56445576e-02  1.00000000e-03
-1.03428784e-01  1.00000000e-03
-4.65412927e-02  1.00000000e-03
-1.40120638e-01  1.00000000e-03
-1.93898813e-01  1.00000000e-03
-3.34871747e-01  1.00000000e-03
 2.14587638e-01  1.00000000e-03
 2.57912296e-01  1.00000000e-03
-2.99765573e-01  1.00000000e-03
-9.51404414e-02  1.00000000e-03
-2.07836217e-01  1.00000000e-03
-3.81810239e-01  1.00000000e-03
 1.44634589e-01  1.00000000e-03
 3.68157395e-01  1.00000000e-03
 8.06893710e-03  1.00000000e-03
-8.47469496e-02  1.00000000e-03
 5.36975643e-02  1.00000000e-03
 8.10141031e-02  1.00000000e-03
-3.06145555e-01  1.00000000e-03
-1.27442382e-01  1.00000000e-03
 2.82325387e-02  1.00000000e-03
 3.33536811e-01  1.00000000e-03
 2.10573215e-01  1.00000000e-03
-9.10553643e-02  1.00000000e-03
 1.23238859e-01  1.00000000e-03
 1.42436356e-01  1.00000000e-03
-9.65124919e-03  1.00000000e-03
 7.98103508e-02  1.00000000e-03
-2.45413004e-01  1.00000000e-03
 9.63616425e-02  1.00000000e-03
 3.53683070e-03  1.00000000e-03
-4.64883325e-03  1.00000000e-03
 1.94417631e-01  1.00000000e-03
-2.46317506e-01  1.00000000e-03
 7.46461963e-02  1.00000000e-03
 8.73639350e-02  1.00000000e-03
-2.78865673e-01  1.00000000e-03
-2.56888878e-01  1.00000000e-03
-1.00051282e-01  1.00000000e-03
 9.85454688e-02  1.00000000e-03
-2.22674500e-01  1.00000000e-03
-1.91428818e-01  1.00000000e-03
 2.75068850e-01  1.00000000e-03
-7.93153673e-02  1.00000000e-03
-2.63562427e-03  1.00000000e-03
 5.22643516e-02  1.00000000e-03
-3.01250570e-01  1.00000000e-03
 2.30100638e-01  1.00000000e-03
 2.71617367e-01  1.00000000e-03
-9.67253901e-03  1.00000000e-03
 2.00860750e-01  1.00000000e-03
 1.60221926e-01  1.00000000e-03
 2.28019096e-03  1.00000000e-03
-6.63472784e-03  1.00000000e-03
 5.39216220e-01  1.00000000e-03
 1.02398415e-01  1.00000000e-03
 1.91113309e-01  1.00000000e-03
-1.90693526e-01  1.00000000e-03
 4.07891182e-01  1.00000000e-03
-4.51883786e-02  1.00000000e-03
 1.12391041e-01  1.00000000e-03
 2.83608581e-01  1.00000000e-03
-1.15635363e-01  1.00000000e-03
 2.43783872e-01  1.00000000e-03
-1.93441819e-01  1.00000000e-03
 4.97509287e-01  1.00000000e-03
-3.32859001e-01  1.00000000e-03
 1.57310941e-01  1.00000000e-03
 8.41202829e-02  1.00000000e-03
-3.84813172e-02  1.00000000e-03
-1.49102258e-01  1.00000000e-03
-3.80885002e-01  1.00000000e-03
 7.07347824e-01  1.00000000e-03
-1.43737528e-01  1.00000000e-03
-1.79513157e-01  1.00000000e-03
 2.01357639e-01  1.00000000e-03
 1.94275019e-01  1.00000000e-03
-1.26693756e-01  1.00000000e-03
 1.74996790e-01  1.00000000e-03
 3.93378910e-01  1.00000000e-03
-2.51937595e-01  1.00000000e-03
-3.59993998e-02  1.00000000e-03
 4.42292825e-01  1.00000000e-03
 2.91707664e-01  1.00000000e-03
-2.44829357e-01  1.00000000e-03
-3.27905448e-01  1.00000000e-03
-1.26396491e-01  1.00000000e-03
-3.64866677e-01  1.00000000e-03
-1.99331326e-01  1.00000000e-03
 1.97252519e-01  1.00000000e-03
-2.11493452e-01  1.00000000e-03
-2.50328013e-01  1.00000000e-03
 7.02431981e-02  1.00000000e-03
 2.77784578e-01  1.00000000e-03
-1.64607278e-01  1.00000000e-03
 1.70736116e-01  1.00000000e-03
 1.91319896e-01  1.00000000e-03
-2.03683433e-01  1.00000000e-03
-1.52950351e-01  1.00000000e-03
 1.78456343e-01  1.00000000e-03
 1.73149730e-01  1.00000000e-03
-2.24344669e-01  1.00000000e-03
 2.66559148e-01  1.00000000e-03
 1.17666915e-01  1.00000000e-03
 2.81755901e-01  1.00000000e-03
 3.70336770e-01  1.00000000e-03
 1.85434535e-01  1.00000000e-03
 1.99594980e-01  1.00000000e-03
-1.74821279e-01  1.00000000e-03
-3.37107311e-01  1.00000000e-03
-1.97209913e-01  1.00000000e-03
 2.69932410e-01  1.00000000e-03
-1.34074946e-01  1.00000000e-03
-2.39699834e-01  1.00000000e-03
 2.63683723e-01  1.00000000e-03
-4.86035134e-02  1.00000000e-03
-1.98972100e-01  1.00000000e-03
 3.22120243e-01  1.00000000e-03
 1.07119592e-01  1.00000000e-03
-2.25465640e-01  1.00000000e-03
-1.53552662e-01  1.00000000e-03
-2.34782577e-01  1.00000000e-03
 2.76188764e-01  1.00000000e-03
 4.29462145e-02  1.00000000e-03
 4.96331658e-02  1.00000000e-03
-1.70352625e-01  1.00000000e-03
-1.90644550e-01  1.00000000e-03
-3.19739282e-03  1.00000000e-03
-3.16193936e-01  1.00000000e-03
-3.60143607e-02  1.00000000e-03
 2.57556410e-01  1.00000000e-03
 9.30087137e-02  1.00000000e-03
 1.04883717e-01  1.00000000e-03
 1.20803077e-01  1.00000000e-03
-2.44798235e-01  1.00000000e-03
-1.39257169e-01  1.00000000e-03
 7.02836815e-02  1.00000000e-03
-1.54535897e-01  1.00000000e-03
 3.41430502e-01  1.00000000e-03
-2.08160383e-03  1.00000000e-03
-2.10385635e-01  1.00000000e-03
-2.70026914e-01  1.00000000e-03
-1.06801773e-01  1.00000000e-03
-9.95951174e-02  1.00000000e-03
-1.27531641e-01  1.00000000e-03
-4.31263719e-01  1.00000000e-03
-3.06125476e-01  1.00000000e-03
-2.10825555e-01  1.00000000e-03
-4.26640818e-02  1.00000000e-03
-1.53995895e-01  1.00000000e-03
 7.28519583e-01  1.00000000e-03
 2.45062540e-01  1.00000000e-03
-6.16725033e-02  1.00000000e-03
 1.05880366e-01  1.00000000e-03
-8.97119438e-02  1.00000000e-03
 3.43665280e-02  1.00000000e-03
-3.98336785e-01  1.00000000e-03
 7.98133405e-02  1.00000000e-03
-4.48420985e-02  1.00000000e-03
-1.92834610e-01  1.00000000e-03
-2.13085240e-02  1.00000000e-03
-5.75751609e-03  1.00000000e-03
 6.77000613e-03  1.00000000e-03
 1.87015317e-01  1.00000000e-03
-4.71510614e-02  1.00000000e-03
 2.49720013e-01  1.00000000e-03
-3.92698749e-02  1.00000000e-03
-3.28328389e-02  1.00000000e-03
-1.86034722e-01  1.00000000e-03
-4.19091343e-01  1.00000000e-03
-6.99892257e-02  1.00000000e-03
 2.88067437e-01  1.00000000e-03
 5.41830772e-01  1.00000000e-03
 3.09782441e-01  1.00000000e-03
-1.97662443e-01  1.00000000e-03
 1.47128431e-02  1.00000000e-03
-2.59670998e-01  1.00000000e-03
-1.32209673e-01  1.00000000e-03
-2.08234154e-01  1.00000000e-03
-1.13246904e-02  1.00000000e-03
-1.91407093e-01  1.00000000e-03
-3.38086522e-03  1.00000000e-03
-2.58819836e-02  1.00000000e-03
-1.25775717e-01  1.00000000e-03
-2.59578844e-01  1.00000000e-03
-2.45378521e-01  1.00000000e-03
 3.67538023e-01  1.00000000e-03
 1.47256934e-01  1.00000000e-03
 1.78845135e-01  1.00000000e-03
-4.54295104e-02  1.00000000e-03
 1.52705445e-01  1.00000000e-03
-1.21662127e-01  1.00000000e-03
-4.05388064e-02  1.00000000e-03
-3.61708283e-01  1.00000000e-03
 7.35875281e-02  1.00000000e-03
-8.93136764e-02  1.00000000e-03
-7.92444203e-02  1.00000000e-03
 4.86659253e-02  1.00000000e-03
-4.53112400e-01  1.00000000e-03
-1.60154338e-02  1.00000000e-03
 1.11468425e-02  1.00000000e-03
-1.55501731e-01  1.00000000e-03
 6.13874952e-01  1.00000000e-03
-4.29246723e-03  1.00000000e-03
-3.06360863e-01  1.00000000e-03
 2.38403720e-01  1.00000000e-03
-1.08708358e-01  1.00000000e-03
 3.01100108e-01  1.00000000e-03
-1.64158426e-01  1.00000000e-03
-9.22813833e-02  1.00000000e-03
-1.89676301e-01  1.00000000e-03
 1.49240395e-01  1.00000000e-03
-1.17913266e-01  1.00000000e-03
 4.72708215e-01  1.00000000e-03
-2.39882084e-01  1.00000000e-03
-8.72159304e-02  1.00000000e-03
 4.00038764e-01  1.00000000e-03
-3.80484222e-01  1.00000000e-03
-1.53010561e-01  1.00000000e-03
-1.26850208e-01  1.00000000e-03
-2.50931711e-01  1.00000000e-03
-2.04160866e-01  1.00000000e-03
-9.40499300e-02  1.00000000e-03
 3.75210773e-02  1.00000000e-03
-3.11729896e-01  1.00000000e-03
-2.62812857e-01  1.00000000e-03
 4.02454474e-01  1.00000000e-03
 1.38301737e-02  1.00000000e-03
-1.35938472e-02  1.00000000e-03
-2.98238225e-03  1.00000000e-03
 6.74964271e-02  1.00000000e-03
 1.85183704e-02  1.00000000e-03
 3.71546631e-01  1.00000000e-03
 2.59531868e-02  1.00000000e-03
-9.23755583e-02  1.00000000e-03
 3.21594172e-01  1.00000000e-03
 5.81442855e-01  1.00000000e-03
-1.21360805e-01  1.00000000e-03
-2.47718302e-01  1.00000000e-03
 1.82973721e-01  1.00000000e-03
 2.70400987e-01  1.00000000e-03
-2.44191716e-01  1.00000000e-03
-3.07377269e-01  1.00000000e-03
 5.24564734e-01  1.00000000e-03
-3.06759657e-01  1.00000000e-03
 1.36773490e-01  1.00000000e-03
-2.57465409e-01  1.00000000e-03
-3.59700548e-01  1.00000000e-03
 2.51768068e-01  1.00000000e-03
 4.33047898e-01  1.00000000e-03
 1.10870505e-01  1.00000000e-03
 2.97575735e-01  1.00000000e-03
 9.61961921e-02  1.00000000e-03
 4.78989378e-01  1.00000000e-03
 2.08982336e-01  1.00000000e-03
-1.87563035e-01  1.00000000e-03
-1.12022239e-01  1.00000000e-03
 3.82077726e-01  1.00000000e-03
 2.29645300e-01  1.00000000e-03
 6.86907727e-02  1.00000000e-03
 2.75339235e-01  1.00000000e-03
 8.62636776e-03  1.00000000e-03
-3.61494936e-01  1.00000000e-03
-3.65111376e-01  1.00000000e-03
-3.06616024e-02  1.00000000e-03
-2.27728614e-01  1.00000000e-03
-9.27868926e-02  1.00000000e-03
-8.56705262e-02  1.00000000e-03
 7.09337692e-01  1.00000000e-03
 2.07329487e-01  1.00000000e-03
 1.42295604e-01  1.00000000e-03
 1.64623597e-01  1.00000000e-03
 9.72374078e-02  1.00000000e-03
-1.69112797e-02  1.00000000e-03
-1.30973445e-02  1.00000000e-03
-1.66642087e-01  1.00000000e-03
-2.23593390e-01  1.00000000e-03
 9.78387158e-02  1.00000000e-03
-1.25804541e-01  1.00000000e-03
-3.25402607e-01  1.00000000e-03
-2.79109602e-01  1.00000000e-03
-4.37735784e-02  1.00000000e-03
-3.00542977e-01  1.00000000e-03
 2.02638816e-02  1.00000000e-03
-1.71529653e-01  1.00000000e-03
-8.34763130e-02  1.00000000e-03
 2.63031876e-02  1.00000000e-03
-7.23286692e-02  1.00000000e-03
 2.43855047e-01  1.00000000e-03
 8.01263957e-03  1.00000000e-03
 1.82917043e-01  1.00000000e-03
-3.65066344e-03  1.00000000e-03
-8.35067605e-02  1.00000000e-03
 1.06721424e-01  1.00000000e-03
-3.78408667e-01  1.00000000e-03
 7.28601373e-02  1.00000000e-03
 2.35064122e-02  1.00000000e-03
 1.03085698e-01  1.00000000e-03
 2.04097143e-01  1.00000000e-03
 2.80294266e-01  1.00000000e-03
 4.60172090e-01  1.00000000e-03
 4.57804611e-01  1.00000000e-03
-4.86917272e-02  1.00000000e-03
-1.83496309e-01  1.00000000e-03
 8.35984985e-02  1.00000000e-03
 2.45124169e-01  1.00000000e-03
 1.03135159e-01  1.00000000e-03
-1.33940011e-01  1.00000000e-03
 2.11968525e-01  1.00000000e-03
 2.22516469e-01  1.00000000e-03
 2.29767623e-01  1.00000000e-03
-3.59770870e-01  1.00000000e-03
 1.92139815e-01  1.00000000e-03
-3.01625213e-02  1.00000000e-03
 3.31937715e-01  1.00000000e-03
 3.03934660e-01  1.00000000e-03
-4.47536568e-01  1.00000000e-03
-2.41545067e-02  1.00000000e-03
 1.21499329e-01  1.00000000e-03
-3.18085963e-01  1.00000000e-03
-5.67251101e-02  1.00000000e-03
 3.22396434e-02  1.00000000e-03
 1.41502433e-01  1.00000000e-03
-2.29300408e-01  1.00000000e-03
-1.78294947e-01  1.00000000e-03
-1.53793127e-01  1.00000000e-03
-1.63703497e-01  1.00000000e-03
-1.68315905e-01  1.00000000e-03
-2.89808972e-01  1.00000000e-03
-1.81537394e-02  1.00000000e-03
 3.25487474e-01  1.00000000e-03
 2.96967652e-02  1.00000000e-03
 1.83404269e-01  1.00000000e-03
-2.09398146e-01  1.00000000e-03
-3.93820363e-01  1.00000000e-03
-2.92383639e-01  1.00000000e-03
 1.78105364e-01  1.00000000e-03
 5.75056243e-01  1.00000000e-03
-3.76280114e-02  1.00000000e-03
-3.70739242e-01  1.00000000e-03
 2.28684510e-01  1.00000000e-03
 4.48532316e-01  1.00000000e-03
-4.03486025e-02  1.00000000e-03
-1.94962092e-01  1.00000000e-03
-1.25059241e-01  1.00000000e-03
 2.78558572e-01  1.00000000e-03
-3.36583497e-01  1.00000000e-03
-1.10008597e-01  1.00000000e-03
 1.41766406e-01  1.00000000e-03
 4.37617706e-01  1.00000000e-03
-3.28411730e-01  1.00000000e-03
-1.04957256e-01  1.00000000e-03
 2.26557965e-01  1.00000000e-03
 1.46940261e-01  1.00000000e-03
-1.25182223e-01  1.00000000e-03
 7.81754826e-02  1.00000000e-03
-7.83557059e-02  1.00000000e-03
-1.42973414e-01  1.00000000e-03
-2.14333264e-01  1.00000000e-03
-2.37081536e-01  1.00000000e-03
 3.31613134e-02  1.00000000e-03
 7.06347557e-02  1.00000000e-03
-1.12900987e-02  1.00000000e-03
-1.28788961e-02  1.00000000e-03
-2.46229358e-01  1.00000000e-03
 2.05945773e-01  1.00000000e-03
-2.04155178e-02  1.00000000e-03
-1.48527848e-01  1.00000000e-03
-2.30120305e-01  1.00000000e-03
 1.97647959e-02  1.00000000e-03
-8.63761613e-04  1.00000000e-03
-2.50563919e-01  1.00000000e-03
-1.27208497e-01  1.00000000e-03
-1.12815499e-01  1.00000000e-03
 4.32373309e-01  1.00000000e-03
 1.90532993e-01  1.00000000e-03
-1.99054334e-01  1.00000000e-03
 3.41403440e-01  1.00000000e-03
-1.73965895e-01  1.00000000e-03
-9.88696706e-02  1.00000000e-03
-3.91778753e-02  1.00000000e-03
-2.75644466e-01  1.00000000e-03
 3.75616108e-01  1.00000000e-03
 3.66660450e-01  1.00000000e-03
-3.52837604e-01  1.00000000e-03
-3.45151743e-01  1.00000000e-03
 1.43987328e-01  1.00000000e-03
-2.51941434e-02  1.00000000e-03
 3.58191084e-02  1.00000000e-03
 2.91155587e-02  1.00000000e-03
-2.88160055e-01  1.00000000e-03
 3.49339765e-01  1.00000000e-03
-2.71020998e-01  1.00000000e-03
-8.40061494e-02  1.00000000e-03
-1.51525010e-01  1.00000000e-03
-2.37748242e-01  1.00000000e-03
 6.70485579e-01  1.00000000e-03
-1.29169458e-01  1.00000000e-03
 2.40455660e-01  1.00000000e-03
-1.40116673e-01  1.00000000e-03
 3.71880030e-01  1.00000000e-03
 1.63725408e-01  1.00000000e-03
-1.34385361e-01  1.00000000e-03
 1.61471842e-01  1.00000000e-03
 1.03598326e-01  1.00000000e-03
 2.91722673e-02  1.00000000e-03
 4.83257963e-01  1.00000000e-03
 1.47914630e-02  1.00000000e-03
-1.89174014e-01  1.00000000e-03
-1.95464597e-02  1.00000000e-03
-1.62142462e-01  1.00000000e-03
-2.18500917e-01  1.00000000e-03
 3.82568708e-01  1.00000000e-03
 4.15032019e-02  1.00000000e-03
-1.66642863e-01  1.00000000e-03
-4.33156377e-01  1.00000000e-03
-4.06650975e-01  1.00000000e-03
-1.71431344e-01  1.00000000e-03
 2.92067486e-01  1.00000000e-03
-8.55844892e-02  1.00000000e-03
-8.98789838e-02  1.00000000e-03
-4.38471390e-02  1.00000000e-03
-9.60255446e-02  1.00000000e-03
-2.48336071e-01  1.00000000e-03
 2.50321382e-01  1.00000000e-03
 2.54732454e-01  1.00000000e-03
-1.85133764e-01  1.00000000e-03
 1.84841167e-03  1.00000000e-03
 6.26935833e-03  1.00000000e-03
 1.54110933e-01  1.00000000e-03
 3.13853802e-01  1.00000000e-03
-5.10823497e-03  1.00000000e-03
 5.11341518e-01  1.00000000e-03
-3.60199711e-02  1.00000000e-03
 8.12263587e-01  1.00000000e-03
 1.02235981e-01  1.00000000e-03
 1.34450193e-01  1.00000000e-03
 7.04793882e-02  1.00000000e-03
 1.79348086e-01  1.00000000e-03
 1.65122480e-02  1.00000000e-03
-1.49878212e-01  1.00000000e-03
-2.19932720e-01  1.00000000e-03
-3.10906938e-01  1.00000000e-03
 4.46343562e-01  1.00000000e-03
 5.42621021e-01  1.00000000e-03
-2.61104252e-01  1.00000000e-03
-3.00153855e-01  1.00000000e-03
-2.35632213e-02  1.00000000e-03
-3.10199124e-01  1.00000000e-03
 5.49979320e-02  1.00000000e-03
-3.48549995e-01  1.00000000e-03
-1.95466075e-01  1.00000000e-03
-3.55311831e-02  1.00000000e-03
 1.83177657e-01  1.00000000e-03
-4.52532169e-01  1.00000000e-03
 3.15162665e-01  1.00000000e-03
 1.65952928e-01  1.00000000e-03
 6.72434217e-03  1.00000000e-03
 1.23024510e-01  1.00000000e-03
 7.56308069e-03  1.00000000e-03
 1.35639967e-01  1.00000000e-03
 3.63907349e-01  1.00000000e-03
-4.35093105e-02  1.00000000e-03
-3.57924980e-01  1.00000000e-03
 8.28816164e-02  1.00000000e-03
 4.32333213e-01  1.00000000e-03
 3.41578950e-01  1.00000000e-03
-2.25158812e-01  1.00000000e-03
 3.25023181e-01  1.00000000e-03
-1.96003223e-01  1.00000000e-03
 8.93076212e-02  1.00000000e-03
-2.70399389e-01  1.00000000e-03
-6.22027192e-02  1.00000000e-03
-3.73597911e-01  1.00000000e-03
-6.69984608e-02  1.00000000e-03
 2.24561927e-01  1.00000000e-03
-2.97650753e-01  1.00000000e-03
 7.57478005e-02  1.00000000e-03
-2.63424903e-01  1.00000000e-03
 9.75757194e-02  1.00000000e-03
-2.40591784e-01  1.00000000e-03
-9.77993083e-03  1.00000000e-03
-2.60170833e-01  1.00000000e-03
-2.80879578e-01  1.00000000e-03
 9.00825785e-02  1.00000000e-03
 1.60151302e-01  1.00000000e-03
-2.35987888e-01  1.00000000e-03
 1.12228909e-01  1.00000000e-03
 7.58890060e-02  1.00000000e-03
-5.34056090e-02  1.00000000e-03
 3.02948020e-01  1.00000000e-03
 8.94911643e-02  1.00000000e-03
-3.29711326e-01  1.00000000e-03
 2.88084549e-01  1.00000000e-03
 9.04059263e-02  1.00000000e-03
-4.67648095e-01  1.00000000e-03
-3.11621031e-01  1.00000000e-03
-3.74534378e-02  1.00000000e-03
-2.50328208e-01  1.00000000e-03
-3.44030120e-01  1.00000000e-03
 2.48209530e-02  1.00000000e-03
-2.42106251e-01  1.00000000e-03
-1.43094692e-02  1.00000000e-03
 1.24199412e-03  1.00000000e-03
-2.90430196e-01  1.00000000e-03
-1.55944515e-01  1.00000000e-03
 8.81608786e-03  1.00000000e-03
-1.82172398e-01  1.00000000e-03
 1.53953248e-01  1.00000000e-03
-9.44562209e-02  1.00000000e-03
-1.13995655e-01  1.00000000e-03
-1.82465887e-01  1.00000000e-03
-2.92049365e-01  1.00000000e-03
-1.92049317e-01  1.00000000e-03
-2.31890174e-01  1.00000000e-03
-3.49503939e-02  1.00000000e-03
 1.99109047e-01  1.00000000e-03
-4.16792094e-01  1.00000000e-03
-2.55877381e-01  1.00000000e-03
-1.12382579e-02  1.00000000e-03
 6.18188734e-01  1.00000000e-03
 3.85454083e-02  1.00000000e-03
-1.23312287e-01  1.00000000e-03
 1.10083417e-01  1.00000000e-03
 1.47002206e-01  1.00000000e-03
-2.24606464e-01  1.00000000e-03
 3.80353326e-01  1.00000000e-03
 3.47442013e-01  1.00000000e-03
 3.28161652e-01  1.00000000e-03
-3.24040554e-01  1.00000000e-03
-5.21185000e-02  1.00000000e-03
-1.40973911e-01  1.00000000e-03
-1.47914294e-02  1.00000000e-03
-3.28126635e-01  1.00000000e-03
 1.68109274e-01  1.00000000e-03
 1.14049527e-01  1.00000000e-03
-4.94410050e-01  1.00000000e-03
 7.80454111e-02  1.00000000e-03
-2.13207788e-01  1.00000000e-03
-2.49072112e-01  1.00000000e-03
-6.19704294e-02  1.00000000e-03
 3.00100648e-01  1.00000000e-03
-3.58866096e-01  1.00000000e-03
 4.10929447e-02  1.00000000e-03
 6.95309484e-01  1.00000000e-03
-8.70309317e-02  1.00000000e-03
 2.47428828e-01  1.00000000e-03
 2.43201857e-02  1.00000000e-03
-1.77861878e-01  1.00000000e-03
 4.87362591e-01  1.00000000e-03
 8.27711352e-01  1.00000000e-03
 1.28980563e-01  1.00000000e-03
 9.30702477e-02  1.00000000e-03
-1.52569106e-01  1.00000000e-03
-2.97977442e-01  1.00000000e-03
 4.47678873e-01  1.00000000e-03
-2.10782189e-01  1.00000000e-03
 2.93139869e-01  1.00000000e-03
-3.66179755e-02  1.00000000e-03
-4.24514846e-02  1.00000000e-03
 4.27421786e-01  1.00000000e-03
-1.82071094e-02  1.00000000e-03
 6.65914612e-02  1.00000000e-03
 1.43888835e-01  1.00000000e-03
 1.01761144e-01  1.00000000e-03
-1.39520003e-01  1.00000000e-03
-2.07197273e-01  1.00000000e-03
 7.42251708e-02  1.00000000e-03
 7.71949833e-02  1.00000000e-03
-8.67636331e-02  1.00000000e-03
-1.38668512e-01  1.00000000e-03
 8.64689575e-02  1.00000000e-03
 1.64694651e-01  1.00000000e-03
 4.08430303e-02  1.00000000e-03
 6.61924378e-01  1.00000000e-03
 8.29383839e-02  1.00000000e-03
-5.95286112e-02  1.00000000e-03
-2.36393304e-01  1.00000000e-03
-1.35757545e-01  1.00000000e-03
 2.28521242e-01  1.00000000e-03
-8.24682461e-02  1.00000000e-03
 2.65391612e-03  1.00000000e-03
 6.36261606e-01  1.00000000e-03
 5.41132967e-02  1.00000000e-03
-1.21387000e-01  1.00000000e-03
-1.31391679e-01  1.00000000e-03
 6.63226042e-01  1.00000000e-03
-4.19088713e-01  1.00000000e-03
 4.72732692e-01  1.00000000e-03
-8.03032078e-02  1.00000000e-03
-2.53960009e-01  1.00000000e-03
-1.30460764e-01  1.00000000e-03
-3.01776007e-02  1.00000000e-03
-2.40109010e-01  1.00000000e-03
-2.01568404e-01  1.00000000e-03
-1.20939226e-01  1.00000000e-03
 4.29426031e-01  1.00000000e-03
 1.13812155e-01  1.00000000e-03
-4.09875380e-01  1.00000000e-03
 7.80925413e-01  1.00000000e-03
-3.54400633e-02  1.00000000e-03
 1.40635849e-01  1.00000000e-03
 1.12905817e-02  1.00000000e-03
 1.01059943e-02  1.00000000e-03
 1.89911431e-01  1.00000000e-03
-1.98995628e-01  1.00000000e-03
 1.45344982e-01  1.00000000e-03
 4.73745311e-01  1.00000000e-03
-3.15808740e-01  1.00000000e-03
 9.33676572e-02  1.00000000e-03
-2.96080872e-02  1.00000000e-03
-2.42834610e-01  1.00000000e-03
 3.98737449e-01  1.00000000e-03
-2.47752123e-01  1.00000000e-03
-3.15476780e-01  1.00000000e-03
-3.76873975e-01  1.00000000e-03
 4.00727941e-01  1.00000000e-03
 2.95008195e-01  1.00000000e-03
-1.90588917e-01  1.00000000e-03
-1.57567368e-01  1.00000000e-03
 4.20514171e-03  1.00000000e-03
-3.30592654e-01  1.00000000e-03
 2.16283596e-01  1.00000000e-03
 1.94070328e-01  1.00000000e-03
 2.89697621e-01  1.00000000e-03
 5.54433661e-02  1.00000000e-03
-1.93435171e-01  1.00000000e-03
-1.53215317e-01  1.00000000e-03
-1.61017617e-02  1.00000000e-03
-3.02705264e-01  1.00000000e-03
-1.22770485e-01  1.00000000e-03
 6.05654318e-03  1.00000000e-03
-3.22814133e-01  1.00000000e-03
-9.97921471e-02  1.00000000e-03
 1.27905284e-01  1.00000000e-03
 3.21069920e-01  1.00000000e-03
 1.56301269e-01  1.00000000e-03
 6.86929899e-01  1.00000000e-03
-2.16270743e-01  1.00000000e-03
 1.64130097e-01  1.00000000e-03
-4.12496341e-03  1.00000000e-03
-1.57992718e-01  1.00000000e-03
-1.36409908e-02  1.00000000e-03
 6.47965048e-02  1.00000000e-03
 1.24862130e-01  1.00000000e-03
 1.84166776e-01  1.00000000e-03
-3.80452483e-01  1.00000000e-03
-1.41730166e-01  1.00000000e-03
-1.77021249e-02  1.00000000e-03
-3.21448305e-01  1.00000000e-03
 3.48109399e-01  1.00000000e-03
 3.34830236e-03  1.00000000e-03
 8.95867372e-02  1.00000000e-03
-1.06465999e-01  1.00000000e-03
 4.58819119e-02  1.00000000e-03
 1.39302530e-01  1.00000000e-03
 1.63218840e-01  1.00000000e-03
-1.06272817e-01  1.00000000e-03
-3.19995200e-02  1.00000000e-03
-3.48678103e-01  1.00000000e-03
 1.56733361e-01  1.00000000e-03
 6.66600002e-01  1.00000000e-03
 1.85102920e-01  1.00000000e-03
 4.77531234e-02  1.00000000e-03
-7.35483661e-02  1.00000000e-03
-1.72485869e-01  1.00000000e-03
-1.52670755e-01  1.00000000e-03
-8.00703562e-02  1.00000000e-03
-3.48763400e-01  1.00000000e-03
-1.54236527e-01  1.00000000e-03
 1.17638698e-01  1.00000000e-03
-1.40639659e-01  1.00000000e-03
 1.90441433e-01  1.00000000e-03
-3.01864366e-01  1.00000000e-03
-2.64961595e-01  1.00000000e-03
-1.15590715e-01  1.00000000e-03
-6.47699539e-02  1.00000000e-03
 1.29353445e-01  1.00000000e-03
 6.57147656e-02  1.00000000e-03
-2.44956620e-01  1.00000000e-03
 3.18926247e-01  1.00000000e-03
 3.49321404e-01  1.00000000e-03
 2.97504235e-01  1.00000000e-03
 4.34468090e-01  1.00000000e-03
-4.03451738e-01  1.00000000e-03
 2.48030598e-01  1.00000000e-03
 9.99883501e-02  1.00000000e-03
-4.41835183e-02  1.00000000e-03
-2.20895787e-01  1.00000000e-03
-2.92520837e-01  1.00000000e-03
-3.98201810e-01  1.00000000e-03
-3.32443184e-01  1.00000000e-03
-1.25825006e-01  1.00000000e-03
-2.03914854e-01  1.00000000e-03
 3.30422036e-01  1.00000000e-03
-1.40701685e-01  1.00000000e-03
 2.29716350e-01  1.00000000e-03
-1.11367938e-01  1.00000000e-03
-5.34294927e-02  1.00000000e-03
-2.24509448e-01  1.00000000e-03
-4.12902124e-01  1.00000000e-03
-4.06010622e-01  1.00000000e-03
 8.01276199e-02  1.00000000e-03
 3.96479478e-02  1.00000000e-03
-2.21547166e-02  1.00000000e-03
-2.09748340e-01  1.00000000e-03
 7.16151707e-03  1.00000000e-03
-3.58282844e-01  1.00000000e-03
 7.39719358e-01  1.00000000e-03
-1.17380727e-01  1.00000000e-03
 4.39149032e-01  1.00000000e-03
-1.41619138e-01  1.00000000e-03
 4.86883018e-01  1.00000000e-03
 5.29509171e-02  1.00000000e-03
 2.83779679e-01  1.00000000e-03
 1.37554018e-01  1.00000000e-03
-6.77746485e-03  1.00000000e-03
 1.08281796e-01  1.00000000e-03
-2.20642914e-01  1.00000000e-03
-1.87269036e-01  1.00000000e-03
 1.72144133e-01  1.00000000e-03
-9.35655333e-02  1.00000000e-03
-2.60943245e-01  1.00000000e-03
-3.49987969e-01  1.00000000e-03
 3.04606132e-01  1.00000000e-03
 3.40093304e-03  1.00000000e-03
-7.84294845e-03  1.00000000e-03
-3.46550943e-01  1.00000000e-03
 2.62600712e-01  1.00000000e-03
-5.86032665e-02  1.00000000e-03
-2.05952944e-02  1.00000000e-03
 1.59469226e-01  1.00000000e-03
-3.11610785e-01  1.00000000e-03
 1.58050541e-01  1.00000000e-03
-2.92823808e-01  1.00000000e-03
 1.65898088e-02  1.00000000e-03
 4.83053462e-01  1.00000000e-03
 1.45403424e-01  1.00000000e-03
-1.30077778e-01  1.00000000e-03
 3.11667179e-01  1.00000000e-03
-8.49542150e-02  1.00000000e-03
 1.06427366e-01  1.00000000e-03
-9.69566828e-02  1.00000000e-03
 1.11056091e-01  1.00000000e-03
-1.02442675e-01  1.00000000e-03
 2.60889509e-01  1.00000000e-03
-1.78479421e-01  1.00000000e-03
 1.69439708e-01  1.00000000e-03
 3.18823933e-01  1.00000000e-03
 1.03382085e-02  1.00000000e-03
-4.22206633e-02  1.00000000e-03
-2.66541112e-01  1.00000000e-03
-3.26751604e-01  1.00000000e-03
-4.90968041e-01  1.00000000e-03
-4.76365334e-01  1.00000000e-03
-7.91040490e-03  1.00000000e-03
 2.89231349e-02  1.00000000e-03
 3.51692649e-01  1.00000000e-03
 8.96595791e-01  1.00000000e-03
-9.14145878e-02  1.00000000e-03
-1.52756757e-01  1.00000000e-03
 6.66460672e-02  1.00000000e-03
 2.43563003e-01  1.00000000e-03
 3.05522660e-01  1.00000000e-03
-3.96054005e-02  1.00000000e-03
 3.91999181e-01  1.00000000e-03
-1.70475243e-01  1.00000000e-03
 4.13107172e-01  1.00000000e-03
-2.67592887e-01  1.00000000e-03
-3.26741710e-01  1.00000000e-03
 3.51443902e-01  1.00000000e-03
-2.22183370e-01  1.00000000e-03
 2.62760986e-01  1.00000000e-03
-1.75441413e-01  1.00000000e-03
 2.54545236e-01  1.00000000e-03
 2.45566645e-01  1.00000000e-03
-1.34659508e-01  1.00000000e-03
-3.86109669e-02  1.00000000e-03
-1.15157622e-01  1.00000000e-03
 1.33565183e-01  1.00000000e-03
-9.67875788e-02  1.00000000e-03
 4.29231767e-01  1.00000000e-03
-5.02543745e-03  1.00000000e-03
-1.69270970e-01  1.00000000e-03
-3.64763380e-01  1.00000000e-03
-1.60985536e-04  1.00000000e-03
-3.70415026e-01  1.00000000e-03
 7.02252762e-02  1.00000000e-03
 7.70420277e-02  1.00000000e-03
 1.25247605e-01  1.00000000e-03
 2.54379065e-01  1.00000000e-03
-3.21355844e-01  1.00000000e-03
 3.63047504e-01  1.00000000e-03
 1.81112097e-01  1.00000000e-03
-3.08967039e-01  1.00000000e-03
 1.36802853e-01  1.00000000e-03
-4.11319154e-01  1.00000000e-03
 6.44390547e-01  1.00000000e-03
 4.38904422e-03  1.00000000e-03
-1.55626879e-01  1.00000000e-03
 2.71916977e-01  1.00000000e-03
 2.79403622e-01  1.00000000e-03
-2.18053660e-01  1.00000000e-03
 2.00672551e-02  1.00000000e-03
 1.71401935e-01  1.00000000e-03
-2.34789298e-02  1.00000000e-03
-9.22813949e-02  1.00000000e-03
 2.47352777e-01  1.00000000e-03
-1.06820542e-01  1.00000000e-03
-2.23611221e-01  1.00000000e-03
 2.77045034e-01  1.00000000e-03
 4.26153645e-01  1.00000000e-03
 3.65077735e-01  1.00000000e-03
-1.44374096e-01  1.00000000e-03
-1.22323640e-01  1.00000000e-03
 1.93103615e-01  1.00000000e-03
 6.24463594e-02  1.00000000e-03
-7.46620324e-02  1.00000000e-03
-9.74757121e-02  1.00000000e-03
-1.83737920e-01  1.00000000e-03
 4.16498615e-01  1.00000000e-03
-2.57310585e-02  1.00000000e-03
-2.15611649e-01  1.00000000e-03
-1.05953264e-02  1.00000000e-03
 4.84326473e-01  1.00000000e-03
 4.63699119e-01  1.00000000e-03
-4.88578348e-01  1.00000000e-03
 4.32495126e-01  1.00000000e-03
-6.73830784e-02  1.00000000e-03
-3.01655775e-01  1.00000000e-03
-7.29621166e-02  1.00000000e-03
 1.64605213e-01  1.00000000e-03
-2.19567469e-01  1.00000000e-03
 3.50757607e-02  1.00000000e-03
 8.60867638e-01  1.00000000e-03
-1.06839898e-01  1.00000000e-03
 4.22319144e-02  1.00000000e-03
 2.79915838e-01  1.00000000e-03
 1.47000789e-01  1.00000000e-03
 2.11228244e-01  1.00000000e-03
-1.66119672e-01  1.00000000e-03
-1.85443703e-02  1.00000000e-03
-2.21586088e-01  1.00000000e-03
 3.09534168e-03  1.00000000e-03
-2.50589931e-01  1.00000000e-03
 1.78650522e-01  1.00000000e-03
 1.15224106e-01  1.00000000e-03
-2.38227666e-01  1.00000000e-03
-1.41032603e-01  1.00000000e-03
 1.04846615e-02  1.00000000e-03
-1.43954129e-01  1.00000000e-03
-1.18820859e-01  1.00000000e-03
-2.93489751e-01  1.00000000e-03
 2.83690110e-01  1.00000000e-03
 3.64001831e-01  1.00000000e-03
-1.69048978e-01  1.00000000e-03
 2.03986111e-01  1.00000000e-03
 1.33702060e-01  1.00000000e-03
 2.83913880e-01  1.00000000e-03
 2.43160028e-02  1.00000000e-03
-2.03615074e-01  1.00000000e-03
-2.57525371e-01  1.00000000e-03
 1.63913927e-01  1.00000000e-03
-3.80006094e-01  1.00000000e-03
 3.26714126e-02  1.00000000e-03
-1.69963588e-01  1.00000000e-03
 5.18032978e-03  1.00000000e-03
 2.21085156e-01  1.00000000e-03
 1.69648532e-01  1.00000000e-03
-1.51761960e-01  1.00000000e-03
 3.94067206e-01  1.00000000e-03
-2.34853722e-01  1.00000000e-03
 4.60088942e-01  1.00000000e-03
-3.66056770e-01  1.00000000e-03
 6.78220968e-02  1.00000000e-03
 2.51214422e-01  1.00000000e-03
-1.13354629e-01  1.00000000e-03
 5.21002783e-01  1.00000000e-03
 3.39001289e-01  1.00000000e-03
-8.17891201e-02  1.00000000e-03
-5.23416224e-02  1.00000000e-03
-2.22392714e-01  1.00000000e-03
 1.46426479e-01  1.00000000e-03
 3.67580162e-01  1.00000000e-03
 1.24502175e-01  1.00000000e-03
-2.39117673e-01  1.00000000e-03
 3.24199696e-01  1.00000000e-03
 9.57875845e-01  1.00000000e-03
 6.81009978e-02  1.00000000e-03
 6.63772128e-02  1.00000000e-03
 2.10796339e-01  1.00000000e-03
 1.45334114e-03  1.00000000e-03
 4.55579895e-01  1.00000000e-03
-2.19699091e-01  1.00000000e-03
 1.71793189e-01  1.00000000e-03
 4.55905652e-01  1.00000000e-03
-1.31809771e-01  1.00000000e-03
-4.38774331e-01  1.00000000e-03
-1.30403386e-01  1.00000000e-03
 3.41264661e-01  1.00000000e-03
 1.06878594e-01  1.00000000e-03
 1.49397989e-01  1.00000000e-03
 2.07635521e-01  1.00000000e-03
 6.36142974e-01  1.00000000e-03
-1.15399662e-01  1.00000000e-03
 2.90819089e-01  1.00000000e-03
 4.01856950e-01  1.00000000e-03
-7.73427816e-02  1.00000000e-03
 1.85726541e-01  1.00000000e-03
 7.55407365e-02  1.00000000e-03
-1.53263279e-04  1.00000000e-03
-3.02252115e-01  1.00000000e-03
-1.97926113e-01  1.00000000e-03
-1.46003538e-01  1.00000000e-03
 1.07821777e-01  1.00000000e-03
-3.87584908e-01  1.00000000e-03
 1.82693846e-01  1.00000000e-03
 2.07788957e-01  1.00000000e-03
-1.74092253e-01  1.00000000e-03
-1.30996449e-01  1.00000000e-03
 2.20504949e-01  1.00000000e-03
 1.64657161e-01  1.00000000e-03
-7.17831642e-02  1.00000000e-03
 5.03036088e-04  1.00000000e-03
-1.86714729e-01  1.00000000e-03
 1.90045915e-01  1.00000000e-03
-5.32323401e-01  1.00000000e-03
 3.67044298e-01  1.00000000e-03
 4.41407837e-01  1.00000000e-03
 3.35743897e-03  1.00000000e-03
 2.66893880e-01  1.00000000e-03
-4.13188785e-02  1.00000000e-03
-1.30566084e-01  1.00000000e-03
 2.05411382e-01  1.00000000e-03
