            100  7.34917800e-03
            400  7.28881866e-01
           1000  1.31792353e+01
            100  9.31407701e-03
            100  8.81755901e-03
            100  7.29181201e-03
            100  7.49672600e-03
            400  8.52198057e-01
            400  6.36890562e-01
            400  7.95071601e-01
            400  6.31428150e-01
           1000  1.59162532e+01
           1000  1.42468130e+01
           1000  1.42376586e+01
            100  7.61791400e-03
            400  6.10961979e-01
           4000  1.01483440e+03
           1000  9.70646599e+00
           1000  1.26094473e+01
           4000  1.00852705e+03
           4000  1.00398079e+03
