-5.32794595e-01  1.00000000e-03
 5.96818477e-01  1.00000000e-03
-4.96559448e-01  1.00000000e-03
 6.98408226e-01  1.00000000e-03
-3.35976176e-01  1.00000000e-03
-1.99030660e-01  1.00000000e-03
-4.95745563e-01  1.00000000e-03
 8.74396383e-01  1.00000000e-03
 5.65616050e-01  1.00000000e-03
 1.06355623e+00  1.00000000e-03
 7.92955344e-01  1.00000000e-03
-3.80170898e-01  1.00000000e-03
-4.51923501e-01  1.00000000e-03
-5.24281276e-01  1.00000000e-03
-5.10508179e-01  1.00000000e-03
-2.99805230e-01  1.00000000e-03
-5.88903121e-01  1.00000000e-03
 5.26722439e-01  1.00000000e-03
-2.65595904e-02  1.00000000e-03
-4.91174182e-01  1.00000000e-03
 8.03125767e-02  1.00000000e-03
-5.63222795e-01  1.00000000e-03
-4.34959913e-01  1.00000000e-03
-3.29479315e-01  1.00000000e-03
-4.75890182e-01  1.00000000e-03
 8.46374300e-01  1.00000000e-03
-2.45616204e-01  1.00000000e-03
-4.25949457e-01  1.00000000e-03
 3.12240715e-01  1.00000000e-03
-4.74079605e-01  1.00000000e-03
 1.87906444e-01  1.00000000e-03
 1.11555548e+00  1.00000000e-03
 1.08537805e+00  1.00000000e-03
-5.56560564e-01  1.00000000e-03
-1.87762235e-01  1.00000000e-03
 4.40067400e-02  1.00000000e-03
 1.11766179e-03  1.00000000e-03
 4.23897280e-01  1.00000000e-03
 1.14219709e+00  1.00000000e-03
-8.68322572e-02  1.00000000e-03
-5.06375994e-01  1.00000000e-03
-3.14620028e-01  1.00000000e-03
 3.11638336e-01  1.00000000e-03
 1.77091516e-01  1.00000000e-03
 9.48916240e-01  1.00000000e-03
-3.85392751e-01  1.00000000e-03
-3.86300181e-01  1.00000000e-03
-1.95743014e-01  1.00000000e-03
 1.69316536e-01  1.00000000e-03
 1.77959024e-03  1.00000000e-03
 3.76292016e-01  1.00000000e-03
-6.02195920e-01  1.00000000e-03
-4.04565824e-01  1.00000000e-03
 1.58485673e-01  1.00000000e-03
-5.04353312e-01  1.00000000e-03
 6.89087803e-02  1.00000000e-03
-5.18118041e-01  1.00000000e-03
 1.09994239e-01  1.00000000e-03
 1.02777626e+00  1.00000000e-03
 2.72190972e-01  1.00000000e-03
 2.59580208e-01  1.00000000e-03
-4.63681982e-01  1.00000000e-03
-1.52552385e-01  1.00000000e-03
 6.16499430e-01  1.00000000e-03
-3.90037324e-01  1.00000000e-03
-8.47029006e-02  1.00000000e-03
 1.53348178e-01  1.00000000e-03
-4.47312746e-01  1.00000000e-03
-3.40487433e-01  1.00000000e-03
-2.32628289e-01  1.00000000e-03
-4.04599825e-01  1.00000000e-03
-5.29999337e-01  1.00000000e-03
 9.48968135e-01  1.00000000e-03
-5.25298028e-01  1.00000000e-03
-5.18857355e-01  1.00000000e-03
-2.28638150e-01  1.00000000e-03
-2.45389912e-01  1.00000000e-03
-4.47430333e-01  1.00000000e-03
 2.52968706e-01  1.00000000e-03
 4.67058486e-01  1.00000000e-03
-2.44340780e-01  1.00000000e-03
-4.95547287e-02  1.00000000e-03
-5.12927261e-01  1.00000000e-03
-4.21926361e-01  1.00000000e-03
 8.00876416e-02  1.00000000e-03
-1.74340815e-01  1.00000000e-03
-4.47613443e-01  1.00000000e-03
 3.25713028e-01  1.00000000e-03
 2.51924861e-01  1.00000000e-03
-3.90940707e-01  1.00000000e-03
 6.20221012e-01  1.00000000e-03
 1.21820772e-01  1.00000000e-03
-5.39248182e-01  1.00000000e-03
-5.11719623e-01  1.00000000e-03
-4.79505721e-01  1.00000000e-03
 2.25453742e-01  1.00000000e-03
-1.11585561e-01  1.00000000e-03
-4.54852004e-01  1.00000000e-03
 2.19622888e-01  1.00000000e-03
-4.18000969e-01  1.00000000e-03
 2.90806290e-01  1.00000000e-03
 4.10130698e-02  1.00000000e-03
-4.94762622e-01  1.00000000e-03
-4.96386668e-01  1.00000000e-03
-5.64529652e-01  1.00000000e-03
 2.80550864e-01  1.00000000e-03
-5.35341125e-01  1.00000000e-03
-2.36794727e-01  1.00000000e-03
 4.40564816e-01  1.00000000e-03
 7.11369133e-01  1.00000000e-03
-1.43421339e-01  1.00000000e-03
-3.69723510e-01  1.00000000e-03
 2.91341300e-01  1.00000000e-03
 7.22442319e-01  1.00000000e-03
 7.65718184e-01  1.00000000e-03
-1.53305810e-01  1.00000000e-03
 5.44485056e-01  1.00000000e-03
-4.65044856e-01  1.00000000e-03
-4.55909495e-01  1.00000000e-03
-1.36636126e-01  1.00000000e-03
 5.10484774e-01  1.00000000e-03
-2.60010645e-01  1.00000000e-03
 5.71937043e-01  1.00000000e-03
-5.39760094e-01  1.00000000e-03
 9.38636773e-01  1.00000000e-03
-2.94330797e-01  1.00000000e-03
-5.42514618e-01  1.00000000e-03
 1.14430395e+00  1.00000000e-03
 8.74545224e-02  1.00000000e-03
 9.21159874e-01  1.00000000e-03
-3.29485554e-01  1.00000000e-03
 6.77421489e-01  1.00000000e-03
-5.15526616e-01  1.00000000e-03
-8.64962399e-02  1.00000000e-03
 5.02239872e-01  1.00000000e-03
-5.21215183e-01  1.00000000e-03
-3.81351578e-01  1.00000000e-03
-4.76453897e-01  1.00000000e-03
 8.26001341e-01  1.00000000e-03
 6.64221712e-02  1.00000000e-03
 4.81338139e-01  1.00000000e-03
 3.28000439e-01  1.00000000e-03
-1.18883534e-01  1.00000000e-03
-5.37382193e-01  1.00000000e-03
 5.75014880e-01  1.00000000e-03
 6.44973842e-01  1.00000000e-03
 9.51238689e-02  1.00000000e-03
-3.13528730e-01  1.00000000e-03
 7.51547061e-01  1.00000000e-03
 7.40192022e-02  1.00000000e-03
-5.52966282e-01  1.00000000e-03
-4.26579537e-01  1.00000000e-03
 1.19181339e+00  1.00000000e-03
-5.31754743e-01  1.00000000e-03
-5.28882004e-01  1.00000000e-03
 1.10406816e+00  1.00000000e-03
-3.25439990e-01  1.00000000e-03
-3.11964734e-01  1.00000000e-03
 1.07618721e+00  1.00000000e-03
 1.22419137e+00  1.00000000e-03
-4.90742161e-01  1.00000000e-03
 2.92310591e-01  1.00000000e-03
-3.93306614e-02  1.00000000e-03
-9.26539956e-02  1.00000000e-03
-4.98351685e-01  1.00000000e-03
 3.66849786e-01  1.00000000e-03
 5.85828641e-01  1.00000000e-03
-5.06090018e-01  1.00000000e-03
 1.28218167e-01  1.00000000e-03
 3.94837760e-01  1.00000000e-03
 8.00456893e-01  1.00000000e-03
 6.82326070e-01  1.00000000e-03
 3.48547753e-01  1.00000000e-03
 8.10817296e-01  1.00000000e-03
-5.90064792e-01  1.00000000e-03
-5.73668247e-01  1.00000000e-03
-5.41746565e-01  1.00000000e-03
 1.09140629e+00  1.00000000e-03
 4.97912452e-01  1.00000000e-03
-4.86203138e-01  1.00000000e-03
 1.07512261e+00  1.00000000e-03
 1.21002901e-01  1.00000000e-03
-1.27362197e-01  1.00000000e-03
 1.01209564e+00  1.00000000e-03
 9.41724217e-01  1.00000000e-03
-9.61833830e-02  1.00000000e-03
-6.95222304e-02  1.00000000e-03
-5.89789309e-01  1.00000000e-03
 9.54591938e-01  1.00000000e-03
-1.46524830e-01  1.00000000e-03
-3.79167726e-01  1.00000000e-03
-4.85009935e-01  1.00000000e-03
-4.48212893e-01  1.00000000e-03
-2.16070139e-02  1.00000000e-03
-4.58220224e-01  1.00000000e-03
 8.40236227e-02  1.00000000e-03
 1.06056797e+00  1.00000000e-03
 5.97671517e-01  1.00000000e-03
 1.06087048e-01  1.00000000e-03
 1.19113313e-01  1.00000000e-03
-3.45321424e-01  1.00000000e-03
-3.57450250e-01  1.00000000e-03
 5.35636874e-01  1.00000000e-03
-3.72892736e-01  1.00000000e-03
 6.81917488e-01  1.00000000e-03
 1.23175883e-02  1.00000000e-03
-2.19583019e-01  1.00000000e-03
-5.41990674e-01  1.00000000e-03
-5.06873305e-01  1.00000000e-03
-2.70244588e-01  1.00000000e-03
-5.15413419e-01  1.00000000e-03
-4.37902019e-01  1.00000000e-03
-5.64304543e-01  1.00000000e-03
-4.44852886e-01  1.00000000e-03
-5.10456766e-01  1.00000000e-03
-1.73765760e-01  1.00000000e-03
 9.44965046e-01  1.00000000e-03
 7.55990332e-02  1.00000000e-03
 9.51455131e-02  1.00000000e-03
 1.26299449e-01  1.00000000e-03
-5.57131845e-01  1.00000000e-03
-2.74656955e-01  1.00000000e-03
-5.00060295e-01  1.00000000e-03
 7.04839405e-01  1.00000000e-03
-2.24494364e-01  1.00000000e-03
-4.44841696e-01  1.00000000e-03
-3.73890446e-01  1.00000000e-03
 1.45601148e-01  1.00000000e-03
 6.33743583e-01  1.00000000e-03
 2.01295212e-01  1.00000000e-03
 1.05874545e-01  1.00000000e-03
-4.06153856e-01  1.00000000e-03
 2.57557543e-01  1.00000000e-03
 1.95552402e-01  1.00000000e-03
-4.39913646e-01  1.00000000e-03
-6.24498620e-01  1.00000000e-03
-5.49534195e-01  1.00000000e-03
 5.04780314e-01  1.00000000e-03
 5.74634769e-01  1.00000000e-03
 5.12887983e-01  1.00000000e-03
-3.14387876e-01  1.00000000e-03
-3.43525252e-01  1.00000000e-03
-3.84422149e-01  1.00000000e-03
 9.53855877e-02  1.00000000e-03
-5.15685928e-01  1.00000000e-03
-3.08610784e-01  1.00000000e-03
-4.67674596e-01  1.00000000e-03
-7.74838381e-02  1.00000000e-03
 9.29417661e-02  1.00000000e-03
 6.28172117e-01  1.00000000e-03
-5.61545321e-01  1.00000000e-03
-5.31265146e-01  1.00000000e-03
 2.42749230e-01  1.00000000e-03
 3.78972133e-01  1.00000000e-03
-3.11131659e-01  1.00000000e-03
-5.19261612e-01  1.00000000e-03
 6.49843321e-01  1.00000000e-03
-1.76152228e-01  1.00000000e-03
 6.48828606e-01  1.00000000e-03
-4.61505255e-01  1.00000000e-03
-3.64341821e-01  1.00000000e-03
-4.70130080e-01  1.00000000e-03
 1.08349752e+00  1.00000000e-03
 6.66678366e-01  1.00000000e-03
-5.93961712e-01  1.00000000e-03
 4.23174746e-02  1.00000000e-03
 6.20122588e-01  1.00000000e-03
 3.37605639e-01  1.00000000e-03
 1.14509997e+00  1.00000000e-03
-6.25863130e-02  1.00000000e-03
-4.24517896e-01  1.00000000e-03
-5.45609996e-02  1.00000000e-03
-2.54476427e-01  1.00000000e-03
 3.72572614e-01  1.00000000e-03
 1.97378278e-01  1.00000000e-03
 2.68530428e-01  1.00000000e-03
-2.31843302e-01  1.00000000e-03
-2.78210292e-01  1.00000000e-03
-1.72455645e-01  1.00000000e-03
 6.16343784e-01  1.00000000e-03
-5.20606021e-01  1.00000000e-03
-7.26821405e-02  1.00000000e-03
 6.72459746e-01  1.00000000e-03
-5.52858346e-01  1.00000000e-03
 6.71561558e-02  1.00000000e-03
-2.45703656e-01  1.00000000e-03
-3.67174938e-01  1.00000000e-03
-2.43812632e-01  1.00000000e-03
-5.51125942e-01  1.00000000e-03
 1.42585564e-01  1.00000000e-03
-4.46803045e-01  1.00000000e-03
 3.81834172e-02  1.00000000e-03
 9.10191297e-01  1.00000000e-03
 3.51359389e-01  1.00000000e-03
 5.82900630e-02  1.00000000e-03
-4.93623347e-01  1.00000000e-03
 9.22480132e-01  1.00000000e-03
-2.31769968e-01  1.00000000e-03
 3.71575308e-01  1.00000000e-03
-5.42774920e-01  1.00000000e-03
 1.22244494e-01  1.00000000e-03
 1.15285340e+00  1.00000000e-03
 8.48111096e-01  1.00000000e-03
-5.75413818e-01  1.00000000e-03
-4.68429175e-01  1.00000000e-03
 5.63582221e-01  1.00000000e-03
-4.22062298e-01  1.00000000e-03
-6.12785649e-01  1.00000000e-03
-2.25805454e-01  1.00000000e-03
-1.15919430e-01  1.00000000e-03
-5.28979596e-01  1.00000000e-03
 4.17940556e-01  1.00000000e-03
 5.05185565e-02  1.00000000e-03
-5.29647860e-01  1.00000000e-03
 2.08395622e-01  1.00000000e-03
 8.95053826e-01  1.00000000e-03
-5.01700780e-01  1.00000000e-03
 7.87594349e-01  1.00000000e-03
 1.66535107e-01  1.00000000e-03
 1.10298601e+00  1.00000000e-03
 5.55193407e-02  1.00000000e-03
 5.15298063e-04  1.00000000e-03
-1.40468641e-01  1.00000000e-03
 6.07828133e-01  1.00000000e-03
 6.01953071e-01  1.00000000e-03
 1.84354615e-02  1.00000000e-03
 6.07548998e-01  1.00000000e-03
 3.43466726e-02  1.00000000e-03
-4.23532288e-01  1.00000000e-03
-4.86006470e-01  1.00000000e-03
 4.05570897e-01  1.00000000e-03
-2.87094611e-01  1.00000000e-03
-2.23305659e-01  1.00000000e-03
-1.53713634e-01  1.00000000e-03
 1.09907690e+00  1.00000000e-03
 4.99985753e-01  1.00000000e-03
-5.54916000e-01  1.00000000e-03
-5.28733219e-01  1.00000000e-03
-2.58728797e-01  1.00000000e-03
-7.80665946e-02  1.00000000e-03
-3.59265085e-01  1.00000000e-03
-5.47435578e-01  1.00000000e-03
-4.88107848e-01  1.00000000e-03
 5.78413680e-01  1.00000000e-03
-1.68710682e-01  1.00000000e-03
-4.59562027e-01  1.00000000e-03
-3.89121009e-01  1.00000000e-03
-1.02536059e-01  1.00000000e-03
-5.25185551e-01  1.00000000e-03
 3.85449005e-01  1.00000000e-03
-2.68084659e-01  1.00000000e-03
 2.59005932e-01  1.00000000e-03
 8.28025274e-01  1.00000000e-03
 1.20160568e-01  1.00000000e-03
 4.10107393e-01  1.00000000e-03
 6.28242324e-01  1.00000000e-03
 3.28280157e-01  1.00000000e-03
 6.75346518e-01  1.00000000e-03
-3.34898459e-01  1.00000000e-03
 4.95501825e-02  1.00000000e-03
-4.91246758e-01  1.00000000e-03
 2.87598799e-01  1.00000000e-03
-2.76713242e-01  1.00000000e-03
 5.34938254e-01  1.00000000e-03
 5.10247909e-01  1.00000000e-03
 1.58047339e-01  1.00000000e-03
 6.45389455e-01  1.00000000e-03
 1.16386471e-01  1.00000000e-03
-5.61590438e-01  1.00000000e-03
-2.45986593e-01  1.00000000e-03
 3.28857374e-01  1.00000000e-03
 3.29518171e-01  1.00000000e-03
 1.79245628e-01  1.00000000e-03
-4.84015967e-01  1.00000000e-03
 7.09785221e-01  1.00000000e-03
 9.34576223e-01  1.00000000e-03
-5.05743225e-01  1.00000000e-03
-5.85068180e-01  1.00000000e-03
-3.58098915e-02  1.00000000e-03
-3.82686379e-02  1.00000000e-03
-5.09976791e-01  1.00000000e-03
 5.62094796e-01  1.00000000e-03
-4.90126200e-01  1.00000000e-03
-4.17690555e-01  1.00000000e-03
 9.44798021e-01  1.00000000e-03
-5.81284004e-01  1.00000000e-03
-9.69722444e-02  1.00000000e-03
-4.67845100e-01  1.00000000e-03
-5.37645048e-01  1.00000000e-03
-3.12278932e-01  1.00000000e-03
-3.85000749e-01  1.00000000e-03
-2.84701496e-01  1.00000000e-03
-5.59448029e-03  1.00000000e-03
-3.17766684e-01  1.00000000e-03
-4.74293639e-01  1.00000000e-03
-1.82286280e-01  1.00000000e-03
 4.38826978e-01  1.00000000e-03
 1.64531764e-01  1.00000000e-03
 9.35512178e-01  1.00000000e-03
-5.53295751e-01  1.00000000e-03
-4.27648604e-01  1.00000000e-03
-4.47389844e-02  1.00000000e-03
-1.32834263e-01  1.00000000e-03
 1.08923789e+00  1.00000000e-03
-4.12760626e-01  1.00000000e-03
-5.96029907e-01  1.00000000e-03
 4.44299094e-01  1.00000000e-03
 7.51102329e-01  1.00000000e-03
 1.17347985e-01  1.00000000e-03
-3.91280625e-01  1.00000000e-03
 4.98481875e-02  1.00000000e-03
 5.86389575e-01  1.00000000e-03
-5.19235656e-01  1.00000000e-03
-2.76628453e-01  1.00000000e-03
 3.59324369e-01  1.00000000e-03
 8.60146206e-01  1.00000000e-03
-3.78990042e-01  1.00000000e-03
-1.19158990e-01  1.00000000e-03
 4.08169345e-01  1.00000000e-03
 4.77941649e-01  1.00000000e-03
-5.13220527e-01  1.00000000e-03
 3.90525556e-01  1.00000000e-03
-4.27412682e-01  1.00000000e-03
 1.50586839e-02  1.00000000e-03
 1.99718755e-01  1.00000000e-03
-5.21091122e-01  1.00000000e-03
 1.89360951e-01  1.00000000e-03
 2.15198033e-01  1.00000000e-03
-5.38998036e-01  1.00000000e-03
 4.85338961e-01  1.00000000e-03
-4.40803430e-01  1.00000000e-03
-1.15418319e-01  1.00000000e-03
-4.30131138e-01  1.00000000e-03
 8.50606062e-03  1.00000000e-03
-4.28726779e-01  1.00000000e-03
 9.69566046e-02  1.00000000e-03
 1.45637187e-01  1.00000000e-03
-4.27474037e-01  1.00000000e-03
 6.88397639e-03  1.00000000e-03
-3.19421728e-01  1.00000000e-03
 8.58654790e-01  1.00000000e-03
-4.61130554e-01  1.00000000e-03
-3.09627247e-01  1.00000000e-03
-4.46569151e-01  1.00000000e-03
-3.23162571e-01  1.00000000e-03
-5.28004116e-01  1.00000000e-03
-1.07500358e-01  1.00000000e-03
-3.87510166e-01  1.00000000e-03
 8.78692612e-01  1.00000000e-03
 4.27004692e-01  1.00000000e-03
-1.24012806e-01  1.00000000e-03
-5.73093889e-01  1.00000000e-03
 8.97078032e-01  1.00000000e-03
-3.48279382e-01  1.00000000e-03
 1.61643569e-01  1.00000000e-03
 6.54977316e-01  1.00000000e-03
-1.39004475e-01  1.00000000e-03
 9.50545863e-01  1.00000000e-03
-2.29919782e-01  1.00000000e-03
 2.98948781e-01  1.00000000e-03
-3.29717546e-01  1.00000000e-03
-5.12904785e-01  1.00000000e-03
 4.37879385e-01  1.00000000e-03
-1.84741930e-01  1.00000000e-03
-3.19001730e-01  1.00000000e-03
 5.61855553e-02  1.00000000e-03
-1.27339210e-01  1.00000000e-03
 6.70012354e-02  1.00000000e-03
-5.82094528e-01  1.00000000e-03
 8.72581495e-01  1.00000000e-03
-2.92874524e-02  1.00000000e-03
-2.17689391e-01  1.00000000e-03
 7.02869188e-01  1.00000000e-03
 4.19568652e-01  1.00000000e-03
 5.93511583e-02  1.00000000e-03
-1.92114362e-01  1.00000000e-03
-5.76544977e-01  1.00000000e-03
-2.99859684e-01  1.00000000e-03
 8.44731865e-01  1.00000000e-03
-3.18275454e-01  1.00000000e-03
-5.84400091e-01  1.00000000e-03
-5.61940946e-01  1.00000000e-03
-5.66178017e-01  1.00000000e-03
-3.97019305e-01  1.00000000e-03
 4.96892118e-01  1.00000000e-03
-3.19294299e-01  1.00000000e-03
-3.68050344e-01  1.00000000e-03
-2.68753870e-01  1.00000000e-03
 9.69079185e-01  1.00000000e-03
-6.23826153e-01  1.00000000e-03
 1.88648256e-01  1.00000000e-03
 1.44787238e-01  1.00000000e-03
-1.84930541e-01  1.00000000e-03
-1.70876249e-01  1.00000000e-03
 8.65115924e-02  1.00000000e-03
 3.43807204e-01  1.00000000e-03
 8.33602621e-01  1.00000000e-03
 5.14220350e-01  1.00000000e-03
 9.97243502e-01  1.00000000e-03
-3.78362079e-01  1.00000000e-03
 1.17693624e+00  1.00000000e-03
 3.43870272e-01  1.00000000e-03
 1.45354918e-01  1.00000000e-03
-1.13266885e-01  1.00000000e-03
 8.79706660e-01  1.00000000e-03
-7.85955800e-02  1.00000000e-03
-3.29708197e-01  1.00000000e-03
-5.13378968e-01  1.00000000e-03
-1.75124380e-01  1.00000000e-03
 8.28328075e-01  1.00000000e-03
 9.46576188e-01  1.00000000e-03
-5.39037660e-01  1.00000000e-03
-3.67887144e-01  1.00000000e-03
-1.78081006e-01  1.00000000e-03
-3.69281193e-01  1.00000000e-03
-4.27462432e-01  1.00000000e-03
-3.24295270e-01  1.00000000e-03
-5.12230791e-01  1.00000000e-03
-3.68339855e-01  1.00000000e-03
-1.43359760e-01  1.00000000e-03
-5.29062488e-01  1.00000000e-03
 7.96609472e-01  1.00000000e-03
 3.06180299e-01  1.00000000e-03
-1.80991760e-01  1.00000000e-03
 3.33455952e-01  1.00000000e-03
 2.59719800e-01  1.00000000e-03
 2.87739517e-01  1.00000000e-03
 7.43282231e-01  1.00000000e-03
 2.19882621e-01  1.00000000e-03
-5.16142613e-01  1.00000000e-03
-3.34684443e-01  1.00000000e-03
 1.01774453e+00  1.00000000e-03
 6.65135874e-01  1.00000000e-03
-4.59612397e-02  1.00000000e-03
 7.26577875e-01  1.00000000e-03
-5.34528810e-01  1.00000000e-03
-7.35350743e-02  1.00000000e-03
-4.57732032e-01  1.00000000e-03
 1.88433260e-01  1.00000000e-03
-5.38156413e-01  1.00000000e-03
 2.43295183e-02  1.00000000e-03
 1.74943802e-01  1.00000000e-03
-3.32634456e-01  1.00000000e-03
 3.51784973e-01  1.00000000e-03
-6.25644695e-01  1.00000000e-03
-5.25150593e-03  1.00000000e-03
-3.38837872e-01  1.00000000e-03
-4.58976703e-01  1.00000000e-03
-5.78996229e-01  1.00000000e-03
-4.22437877e-01  1.00000000e-03
 6.59443059e-02  1.00000000e-03
-2.89507969e-01  1.00000000e-03
-2.62289972e-01  1.00000000e-03
 5.28998978e-02  1.00000000e-03
-5.14210016e-01  1.00000000e-03
-5.90536676e-01  1.00000000e-03
 6.67631245e-01  1.00000000e-03
 9.44144610e-01  1.00000000e-03
-5.61090813e-01  1.00000000e-03
 6.36107257e-01  1.00000000e-03
 4.64164026e-01  1.00000000e-03
-5.13138240e-01  1.00000000e-03
-4.68810092e-01  1.00000000e-03
-3.81287239e-01  1.00000000e-03
-4.49046041e-01  1.00000000e-03
-5.57763924e-01  1.00000000e-03
-1.32169413e-01  1.00000000e-03
-4.23577161e-01  1.00000000e-03
 3.44949365e-01  1.00000000e-03
-5.13064793e-01  1.00000000e-03
-5.81779057e-01  1.00000000e-03
-4.67196957e-01  1.00000000e-03
-1.97310873e-01  1.00000000e-03
-4.55929068e-01  1.00000000e-03
 8.75231699e-01  1.00000000e-03
 1.94545008e-01  1.00000000e-03
-1.82285504e-01  1.00000000e-03
-5.18022853e-01  1.00000000e-03
-6.05767091e-01  1.00000000e-03
 7.11398205e-02  1.00000000e-03
-5.49257643e-01  1.00000000e-03
-4.84500806e-01  1.00000000e-03
 2.51644906e-01  1.00000000e-03
-5.11708790e-01  1.00000000e-03
-4.12142966e-01  1.00000000e-03
 3.79082876e-01  1.00000000e-03
 6.19545605e-01  1.00000000e-03
 3.73080906e-01  1.00000000e-03
 1.24990938e-01  1.00000000e-03
-3.75727025e-01  1.00000000e-03
 6.11267148e-01  1.00000000e-03
-4.67672278e-01  1.00000000e-03
 3.27063763e-01  1.00000000e-03
 1.03511832e+00  1.00000000e-03
 6.27067148e-01  1.00000000e-03
-5.03976192e-01  1.00000000e-03
-2.86094121e-01  1.00000000e-03
-4.00793849e-01  1.00000000e-03
-2.73292963e-01  1.00000000e-03
-5.40785040e-01  1.00000000e-03
 5.51779646e-01  1.00000000e-03
-7.54281592e-02  1.00000000e-03
-5.55122892e-01  1.00000000e-03
 4.42115667e-01  1.00000000e-03
-4.23351362e-01  1.00000000e-03
-4.82125107e-01  1.00000000e-03
-1.19758259e-01  1.00000000e-03
 3.95739486e-01  1.00000000e-03
-5.16661169e-01  1.00000000e-03
-5.33177176e-01  1.00000000e-03
 1.20306757e+00  1.00000000e-03
-1.20588008e-01  1.00000000e-03
 1.89442174e-02  1.00000000e-03
 5.57021455e-01  1.00000000e-03
-5.47117537e-01  1.00000000e-03
 9.64173818e-01  1.00000000e-03
 1.21104464e+00  1.00000000e-03
-5.44784261e-01  1.00000000e-03
-4.65969583e-01  1.00000000e-03
 1.20290698e-02  1.00000000e-03
-3.70598396e-01  1.00000000e-03
 7.88516518e-01  1.00000000e-03
-3.02095087e-01  1.00000000e-03
 3.99556379e-01  1.00000000e-03
 8.10342904e-02  1.00000000e-03
-5.13892383e-01  1.00000000e-03
 9.86951489e-01  1.00000000e-03
 1.42830061e-01  1.00000000e-03
 3.28875852e-01  1.00000000e-03
 1.42315347e-01  1.00000000e-03
 6.57435877e-01  1.00000000e-03
-5.42495118e-01  1.00000000e-03
-5.90851652e-01  1.00000000e-03
-2.90124177e-01  1.00000000e-03
 9.02460599e-03  1.00000000e-03
-4.76916448e-01  1.00000000e-03
 5.56015350e-02  1.00000000e-03
 3.30732822e-01  1.00000000e-03
-3.94712861e-01  1.00000000e-03
 5.05531810e-02  1.00000000e-03
 1.03990491e+00  1.00000000e-03
 1.03920107e-01  1.00000000e-03
-2.01720751e-01  1.00000000e-03
-3.84435204e-01  1.00000000e-03
 3.08924695e-01  1.00000000e-03
 7.27378773e-01  1.00000000e-03
 9.85317046e-02  1.00000000e-03
 6.31297449e-02  1.00000000e-03
 1.13829342e+00  1.00000000e-03
-3.70548826e-01  1.00000000e-03
 8.82340458e-01  1.00000000e-03
 1.83892695e-02  1.00000000e-03
 1.17380184e+00  1.00000000e-03
-5.28974539e-01  1.00000000e-03
 9.48317051e-01  1.00000000e-03
-5.43485554e-01  1.00000000e-03
-5.47497436e-01  1.00000000e-03
-2.66722482e-01  1.00000000e-03
-6.35783874e-01  1.00000000e-03
-4.06713336e-01  1.00000000e-03
-3.09676149e-01  1.00000000e-03
 7.17358865e-01  1.00000000e-03
 1.64619378e-01  1.00000000e-03
 2.35635582e-01  1.00000000e-03
-5.90047359e-01  1.00000000e-03
 1.15634937e+00  1.00000000e-03
 8.77943139e-01  1.00000000e-03
-1.09852832e-01  1.00000000e-03
 1.42575698e-01  1.00000000e-03
 6.59132283e-01  1.00000000e-03
 1.07613493e+00  1.00000000e-03
-5.80697996e-01  1.00000000e-03
-7.56836500e-02  1.00000000e-03
-3.53009356e-01  1.00000000e-03
-5.14737274e-01  1.00000000e-03
 1.74766739e-01  1.00000000e-03
 1.75246201e-01  1.00000000e-03
-3.72284831e-01  1.00000000e-03
 8.76038115e-01  1.00000000e-03
-2.46988847e-01  1.00000000e-03
-2.32342924e-01  1.00000000e-03
-5.22657777e-01  1.00000000e-03
-2.78925827e-02  1.00000000e-03
 5.60090568e-01  1.00000000e-03
-5.19892759e-01  1.00000000e-03
-1.66609324e-01  1.00000000e-03
 6.72289094e-01  1.00000000e-03
-5.47541964e-01  1.00000000e-03
-5.15199734e-01  1.00000000e-03
 3.39590922e-01  1.00000000e-03
 8.33135336e-02  1.00000000e-03
 4.98862983e-01  1.00000000e-03
-3.18217026e-01  1.00000000e-03
 5.55482558e-01  1.00000000e-03
-4.48794272e-01  1.00000000e-03
-4.12216266e-01  1.00000000e-03
-5.29481878e-01  1.00000000e-03
-7.20370237e-02  1.00000000e-03
-6.08469479e-01  1.00000000e-03
-1.68160378e-01  1.00000000e-03
-6.23208223e-02  1.00000000e-03
 4.23025889e-01  1.00000000e-03
 5.34458247e-01  1.00000000e-03
 1.06468669e+00  1.00000000e-03
-2.44004979e-01  1.00000000e-03
 9.03794581e-02  1.00000000e-03
-3.63585685e-01  1.00000000e-03
-3.24488108e-01  1.00000000e-03
-3.22892648e-01  1.00000000e-03
 3.54780879e-02  1.00000000e-03
 4.89955002e-01  1.00000000e-03
-3.13515077e-01  1.00000000e-03
-4.22604468e-01  1.00000000e-03
-2.64144584e-01  1.00000000e-03
-6.74554017e-02  1.00000000e-03
-6.06154902e-01  1.00000000e-03
 3.01917786e-01  1.00000000e-03
-3.31934066e-01  1.00000000e-03
 5.82105037e-01  1.00000000e-03
-8.80374203e-02  1.00000000e-03
-4.68106629e-01  1.00000000e-03
 8.51808679e-01  1.00000000e-03
 4.50061659e-01  1.00000000e-03
-3.14217078e-01  1.00000000e-03
-3.30703050e-01  1.00000000e-03
-6.00719079e-01  1.00000000e-03
-1.94636530e-01  1.00000000e-03
 1.22206564e+00  1.00000000e-03
 3.62677602e-01  1.00000000e-03
-7.52760276e-02  1.00000000e-03
-3.04331825e-01  1.00000000e-03
-4.98371542e-01  1.00000000e-03
-2.82914108e-01  1.00000000e-03
-3.95316503e-01  1.00000000e-03
-5.42721614e-01  1.00000000e-03
 1.28893777e-01  1.00000000e-03
-7.45155016e-02  1.00000000e-03
-5.75272316e-01  1.00000000e-03
 5.22373514e-01  1.00000000e-03
-4.37349308e-01  1.00000000e-03
-5.41426305e-01  1.00000000e-03
-4.01593650e-01  1.00000000e-03
-3.30494605e-02  1.00000000e-03
 3.42169840e-01  1.00000000e-03
-2.53778661e-02  1.00000000e-03
-3.92037709e-01  1.00000000e-03
 1.65997956e-01  1.00000000e-03
 1.22923897e+00  1.00000000e-03
 4.17822096e-01  1.00000000e-03
 8.50015689e-01  1.00000000e-03
-4.69591256e-01  1.00000000e-03
 6.78343205e-01  1.00000000e-03
 6.02636292e-01  1.00000000e-03
-4.14153740e-01  1.00000000e-03
-4.01099471e-01  1.00000000e-03
-5.34990762e-01  1.00000000e-03
-5.06851645e-01  1.00000000e-03
-4.82463849e-01  1.00000000e-03
 5.31030731e-02  1.00000000e-03
-3.87276225e-01  1.00000000e-03
 4.80778509e-01  1.00000000e-03
-5.07551066e-01  1.00000000e-03
-1.26540966e-01  1.00000000e-03
 1.46102805e-01  1.00000000e-03
 1.05668268e+00  1.00000000e-03
-2.27099666e-01  1.00000000e-03
-3.58596501e-01  1.00000000e-03
-5.25448190e-01  1.00000000e-03
-5.37734474e-01  1.00000000e-03
 3.48438511e-01  1.00000000e-03
 7.21507084e-01  1.00000000e-03
-5.07462910e-01  1.00000000e-03
 2.91291080e-02  1.00000000e-03
-2.87480436e-01  1.00000000e-03
 1.03158827e+00  1.00000000e-03
 5.89088922e-01  1.00000000e-03
 9.38770496e-01  1.00000000e-03
-3.51387930e-01  1.00000000e-03
 9.28147856e-01  1.00000000e-03
 4.03243755e-01  1.00000000e-03
 5.99027561e-02  1.00000000e-03
 2.57166320e-01  1.00000000e-03
 1.95423155e-01  1.00000000e-03
 5.48638979e-02  1.00000000e-03
-5.65450042e-01  1.00000000e-03
-5.35760463e-01  1.00000000e-03
 9.40747337e-02  1.00000000e-03
-8.38023563e-02  1.00000000e-03
-4.30499961e-01  1.00000000e-03
-5.12996086e-01  1.00000000e-03
 8.64145190e-01  1.00000000e-03
 8.33127169e-01  1.00000000e-03
-1.02894424e-01  1.00000000e-03
-3.94426597e-01  1.00000000e-03
 2.48177898e-01  1.00000000e-03
-4.19802549e-01  1.00000000e-03
-3.48196156e-01  1.00000000e-03
 3.29689244e-01  1.00000000e-03
-5.10702754e-01  1.00000000e-03
-5.85702923e-01  1.00000000e-03
-5.39390424e-01  1.00000000e-03
-3.97485717e-01  1.00000000e-03
 1.00112774e+00  1.00000000e-03
 9.28813251e-01  1.00000000e-03
-3.63219506e-01  1.00000000e-03
 3.77752018e-01  1.00000000e-03
-4.87916292e-01  1.00000000e-03
 3.38142819e-02  1.00000000e-03
-5.02013446e-01  1.00000000e-03
-3.90113745e-01  1.00000000e-03
-5.32728586e-01  1.00000000e-03
 1.32047265e-01  1.00000000e-03
-2.76950828e-01  1.00000000e-03
 7.04904563e-01  1.00000000e-03
 6.76807332e-01  1.00000000e-03
-5.39981999e-01  1.00000000e-03
-1.37021785e-02  1.00000000e-03
-5.23083347e-01  1.00000000e-03
-4.26788781e-01  1.00000000e-03
-5.80420304e-01  1.00000000e-03
-4.71794598e-01  1.00000000e-03
-1.20519401e-01  1.00000000e-03
-1.73551831e-01  1.00000000e-03
 3.95125698e-01  1.00000000e-03
 1.07800710e+00  1.00000000e-03
 7.10508955e-01  1.00000000e-03
 3.46085562e-01  1.00000000e-03
 5.63252072e-01  1.00000000e-03
 3.74007598e-01  1.00000000e-03
 8.92852141e-01  1.00000000e-03
-2.89809110e-01  1.00000000e-03
 3.93050194e-01  1.00000000e-03
-5.29685005e-01  1.00000000e-03
 2.70576646e-01  1.00000000e-03
-1.28495016e-01  1.00000000e-03
-3.84958934e-01  1.00000000e-03
 6.28539332e-01  1.00000000e-03
-2.25696078e-01  1.00000000e-03
-3.49684281e-01  1.00000000e-03
-2.54667172e-01  1.00000000e-03
 9.45718738e-01  1.00000000e-03
 2.38417028e-01  1.00000000e-03
-4.04533592e-01  1.00000000e-03
 5.49932175e-01  1.00000000e-03
-5.67638804e-01  1.00000000e-03
 2.89042863e-01  1.00000000e-03
-2.66810355e-01  1.00000000e-03
 9.42510765e-01  1.00000000e-03
-2.64530298e-01  1.00000000e-03
 1.42977154e-01  1.00000000e-03
-5.66938360e-01  1.00000000e-03
 9.13779004e-02  1.00000000e-03
-4.56327827e-01  1.00000000e-03
 1.56197779e-01  1.00000000e-03
 3.92026014e-03  1.00000000e-03
-2.57269956e-01  1.00000000e-03
-1.79077442e-01  1.00000000e-03
-3.71650312e-01  1.00000000e-03
 8.52901885e-01  1.00000000e-03
 2.56507391e-02  1.00000000e-03
-4.82211884e-01  1.00000000e-03
 4.98458173e-01  1.00000000e-03
-3.75870951e-01  1.00000000e-03
 9.97833716e-01  1.00000000e-03
 4.68028943e-01  1.00000000e-03
-2.84462566e-01  1.00000000e-03
 1.91279632e-01  1.00000000e-03
 6.81438300e-01  1.00000000e-03
-5.16009700e-01  1.00000000e-03
 3.69707641e-02  1.00000000e-03
 6.25037020e-01  1.00000000e-03
 4.78967508e-01  1.00000000e-03
-2.54826607e-01  1.00000000e-03
 3.68708643e-01  1.00000000e-03
-3.91840221e-01  1.00000000e-03
-4.77630209e-01  1.00000000e-03
-1.21371207e-01  1.00000000e-03
 6.58768959e-01  1.00000000e-03
 1.01391866e+00  1.00000000e-03
 8.76699443e-02  1.00000000e-03
-5.66439879e-02  1.00000000e-03
-4.97990659e-01  1.00000000e-03
 1.78320448e-01  1.00000000e-03
 3.92130138e-01  1.00000000e-03
 3.73913057e-01  1.00000000e-03
-5.25094299e-01  1.00000000e-03
 9.11755025e-01  1.00000000e-03
-1.08320864e-01  1.00000000e-03
 2.20808648e-03  1.00000000e-03
-2.03061124e-01  1.00000000e-03
 1.00969155e-01  1.00000000e-03
 9.31678236e-01  1.00000000e-03
-4.94920899e-01  1.00000000e-03
 9.50056820e-01  1.00000000e-03
-4.99217346e-01  1.00000000e-03
-5.42044736e-01  1.00000000e-03
-5.61594593e-01  1.00000000e-03
-4.36812571e-01  1.00000000e-03
-5.37203164e-01  1.00000000e-03
 1.49247541e-01  1.00000000e-03
 1.11378101e+00  1.00000000e-03
-5.05045971e-02  1.00000000e-03
 6.31749283e-01  1.00000000e-03
 6.90257071e-01  1.00000000e-03
 2.44849934e-01  1.00000000e-03
 6.80389207e-01  1.00000000e-03
-5.44803730e-01  1.00000000e-03
-2.55930352e-01  1.00000000e-03
-3.68995422e-01  1.00000000e-03
-4.57022744e-01  1.00000000e-03
-2.70606662e-01  1.00000000e-03
 8.84259154e-01  1.00000000e-03
-4.55120841e-01  1.00000000e-03
-3.27563341e-01  1.00000000e-03
-1.49590898e-01  1.00000000e-03
-1.55509820e-01  1.00000000e-03
-3.04233530e-01  1.00000000e-03
-3.63294037e-01  1.00000000e-03
-4.55329894e-01  1.00000000e-03
 2.29986088e-01  1.00000000e-03
 2.74175415e-01  1.00000000e-03
-4.53813091e-01  1.00000000e-03
-2.35863541e-01  1.00000000e-03
-5.54945184e-01  1.00000000e-03
-3.66371162e-01  1.00000000e-03
 5.47936440e-01  1.00000000e-03
-5.54509619e-01  1.00000000e-03
-2.56619520e-01  1.00000000e-03
-2.28194463e-01  1.00000000e-03
-2.33827529e-01  1.00000000e-03
-4.52592960e-01  1.00000000e-03
-4.27414188e-01  1.00000000e-03
-8.10964375e-02  1.00000000e-03
 7.74060352e-01  1.00000000e-03
 4.35251028e-01  1.00000000e-03
-5.72447800e-01  1.00000000e-03
 6.61161871e-01  1.00000000e-03
-3.15683860e-01  1.00000000e-03
 1.20668120e+00  1.00000000e-03
-5.13914108e-01  1.00000000e-03
 3.13620883e-01  1.00000000e-03
-4.89692192e-01  1.00000000e-03
 8.46789295e-02  1.00000000e-03
 3.10867739e-01  1.00000000e-03
 5.07297747e-01  1.00000000e-03
 4.73125249e-01  1.00000000e-03
-5.65550414e-01  1.00000000e-03
-5.56221552e-01  1.00000000e-03
-3.70234581e-02  1.00000000e-03
 9.90773079e-01  1.00000000e-03
 3.37267839e-01  1.00000000e-03
-5.36957392e-01  1.00000000e-03
 2.82233634e-01  1.00000000e-03
 9.64654446e-01  1.00000000e-03
-2.55503440e-01  1.00000000e-03
-3.48218742e-01  1.00000000e-03
-2.57540492e-01  1.00000000e-03
-2.93871389e-01  1.00000000e-03
 6.18268215e-01  1.00000000e-03
 9.80005390e-01  1.00000000e-03
 1.45476977e-01  1.00000000e-03
 6.15521855e-01  1.00000000e-03
-3.34887348e-01  1.00000000e-03
-5.40457732e-01  1.00000000e-03
-4.41921110e-01  1.00000000e-03
-2.87138473e-01  1.00000000e-03
-2.65738314e-01  1.00000000e-03
-1.90673958e-02  1.00000000e-03
 5.96184645e-01  1.00000000e-03
 8.56938061e-01  1.00000000e-03
-5.90700109e-01  1.00000000e-03
 3.02148169e-01  1.00000000e-03
 9.96430322e-01  1.00000000e-03
 2.82681769e-01  1.00000000e-03
 1.98433165e-01  1.00000000e-03
-5.85661218e-01  1.00000000e-03
-3.58020549e-01  1.00000000e-03
-6.26867936e-01  1.00000000e-03
-5.53750214e-01  1.00000000e-03
-2.99366267e-01  1.00000000e-03
 3.71537157e-01  1.00000000e-03
-4.45124475e-01  1.00000000e-03
-2.63944941e-01  1.00000000e-03
 1.98945032e-01  1.00000000e-03
-5.06796743e-01  1.00000000e-03
-5.95118257e-01  1.00000000e-03
 1.02545273e+00  1.00000000e-03
-5.20136312e-01  1.00000000e-03
 1.06291493e-01  1.00000000e-03
-2.35738746e-01  1.00000000e-03
 1.66462187e-01  1.00000000e-03
 4.60863651e-01  1.00000000e-03
-5.46435397e-01  1.00000000e-03
 1.05084498e+00  1.00000000e-03
 6.76616628e-01  1.00000000e-03
 1.26907163e-01  1.00000000e-03
 4.81043069e-02  1.00000000e-03
-5.91729116e-04  1.00000000e-03
-8.58169340e-02  1.00000000e-03
 1.76847109e-01  1.00000000e-03
