-5.30610475e-01  1.00000000e-03
 1.00139014e+00  1.00000000e-03
-4.88649577e-01  1.00000000e-03
 1.12996679e+00  1.00000000e-03
-5.12114777e-01  1.00000000e-03
 2.14056383e-01  1.00000000e-03
-5.68158095e-01  1.00000000e-03
 1.05354895e+00  1.00000000e-03
 1.07253730e+00  1.00000000e-03
 1.11872926e+00  1.00000000e-03
 1.15393563e+00  1.00000000e-03
-4.88106895e-01  1.00000000e-03
-4.50062867e-01  1.00000000e-03
-5.33313167e-01  1.00000000e-03
-4.86133947e-01  1.00000000e-03
-1.53656063e-01  1.00000000e-03
-5.94626781e-01  1.00000000e-03
 4.04304427e-01  1.00000000e-03
 3.72829114e-02  1.00000000e-03
-5.48768591e-01  1.00000000e-03
-8.87131185e-02  1.00000000e-03
-6.73092710e-01  1.00000000e-03
-4.33167132e-01  1.00000000e-03
-5.26682976e-01  1.00000000e-03
-5.24413352e-01  1.00000000e-03
 9.59380683e-01  1.00000000e-03
-4.74549435e-01  1.00000000e-03
-5.03007684e-01  1.00000000e-03
 4.50792810e-01  1.00000000e-03
-4.39562915e-01  1.00000000e-03
-3.29666031e-01  1.00000000e-03
 1.15477923e+00  1.00000000e-03
 1.11836910e+00  1.00000000e-03
-5.54281381e-01  1.00000000e-03
-3.58496637e-02  1.00000000e-03
 1.67438788e-01  1.00000000e-03
-9.87337389e-03  1.00000000e-03
 9.56155806e-01  1.00000000e-03
 1.25350125e+00  1.00000000e-03
-4.78424455e-01  1.00000000e-03
-5.15959116e-01  1.00000000e-03
-5.78037480e-01  1.00000000e-03
 1.21149462e-01  1.00000000e-03
 2.55708968e-01  1.00000000e-03
 1.14064196e+00  1.00000000e-03
-5.05997516e-01  1.00000000e-03
-5.17157264e-01  1.00000000e-03
-4.40057261e-01  1.00000000e-03
-4.72918529e-01  1.00000000e-03
-5.06673825e-01  1.00000000e-03
-5.99177374e-01  1.00000000e-03
-5.99734196e-01  1.00000000e-03
-5.37611998e-01  1.00000000e-03
 5.21670345e-02  1.00000000e-03
-4.86907362e-01  1.00000000e-03
 5.86592807e-01  1.00000000e-03
-5.15992628e-01  1.00000000e-03
 9.74616245e-02  1.00000000e-03
 1.05691337e+00  1.00000000e-03
 1.01364813e-01  1.00000000e-03
 2.01185141e-01  1.00000000e-03
-5.69545900e-01  1.00000000e-03
-4.87826847e-01  1.00000000e-03
 1.16965721e+00  1.00000000e-03
-5.53601356e-01  1.00000000e-03
-4.44045831e-01  1.00000000e-03
-2.67766750e-01  1.00000000e-03
-5.98775152e-01  1.00000000e-03
-3.30934699e-01  1.00000000e-03
-2.35155822e-01  1.00000000e-03
-2.49545205e-01  1.00000000e-03
-5.27826399e-01  1.00000000e-03
 1.13290080e+00  1.00000000e-03
-5.62389479e-01  1.00000000e-03
-5.50016070e-01  1.00000000e-03
-6.07241794e-02  1.00000000e-03
-4.85123076e-01  1.00000000e-03
-4.55694202e-01  1.00000000e-03
-2.59529175e-01  1.00000000e-03
 6.98659162e-01  1.00000000e-03
-4.68616484e-01  1.00000000e-03
 8.07400678e-02  1.00000000e-03
-5.10822611e-01  1.00000000e-03
-4.27188615e-01  1.00000000e-03
 9.11995343e-01  1.00000000e-03
-4.92747155e-01  1.00000000e-03
-3.86275353e-01  1.00000000e-03
 1.95376749e-01  1.00000000e-03
 5.82600132e-01  1.00000000e-03
-6.22911976e-01  1.00000000e-03
 1.21552170e+00  1.00000000e-03
-5.03640281e-01  1.00000000e-03
-5.40806507e-01  1.00000000e-03
-5.09544539e-01  1.00000000e-03
-5.63980365e-01  1.00000000e-03
 2.58746372e-01  1.00000000e-03
-2.11282741e-01  1.00000000e-03
-4.52979655e-01  1.00000000e-03
 5.09724794e-01  1.00000000e-03
-5.41872109e-01  1.00000000e-03
 7.78529002e-01  1.00000000e-03
-2.68399107e-01  1.00000000e-03
-5.02018283e-01  1.00000000e-03
-4.60628394e-01  1.00000000e-03
-6.07494757e-01  1.00000000e-03
 1.26130667e-01  1.00000000e-03
-5.55018688e-01  1.00000000e-03
-2.80771979e-01  1.00000000e-03
 8.56992891e-02  1.00000000e-03
 9.53675832e-01  1.00000000e-03
-4.43756648e-01  1.00000000e-03
-5.21434388e-01  1.00000000e-03
 6.52663415e-01  1.00000000e-03
 7.32373392e-01  1.00000000e-03
 1.00540258e+00  1.00000000e-03
 1.09439126e-01  1.00000000e-03
 1.09390205e+00  1.00000000e-03
-4.89017361e-01  1.00000000e-03
-3.91797493e-01  1.00000000e-03
-1.71344107e-01  1.00000000e-03
 9.24215183e-01  1.00000000e-03
-1.88205341e-01  1.00000000e-03
 1.09034920e+00  1.00000000e-03
-5.62652751e-01  1.00000000e-03
 1.14713281e+00  1.00000000e-03
-4.55072564e-01  1.00000000e-03
-5.72794819e-01  1.00000000e-03
 1.13977967e+00  1.00000000e-03
 1.04195728e+00  1.00000000e-03
 1.15721875e+00  1.00000000e-03
-2.99849653e-01  1.00000000e-03
 9.75067670e-01  1.00000000e-03
-5.20539255e-01  1.00000000e-03
-2.58363278e-01  1.00000000e-03
 9.05061658e-01  1.00000000e-03
-5.26459023e-01  1.00000000e-03
-4.92735401e-01  1.00000000e-03
-6.18714109e-01  1.00000000e-03
 9.32369445e-01  1.00000000e-03
-6.62257038e-04  1.00000000e-03
 1.09739319e+00  1.00000000e-03
 8.39041610e-01  1.00000000e-03
-1.84769542e-01  1.00000000e-03
-5.59447546e-01  1.00000000e-03
 8.34824259e-01  1.00000000e-03
 1.02179120e+00  1.00000000e-03
-5.14437690e-01  1.00000000e-03
-6.14052646e-01  1.00000000e-03
 9.06311370e-01  1.00000000e-03
 1.19299804e-01  1.00000000e-03
-5.45960987e-01  1.00000000e-03
-5.23676476e-01  1.00000000e-03
 1.18709908e+00  1.00000000e-03
-5.67851648e-01  1.00000000e-03
-5.26766418e-01  1.00000000e-03
 1.16020642e+00  1.00000000e-03
-5.19792508e-01  1.00000000e-03
-3.48517089e-01  1.00000000e-03
 1.07193540e+00  1.00000000e-03
 1.21934755e+00  1.00000000e-03
-5.68285627e-01  1.00000000e-03
 1.02592196e+00  1.00000000e-03
 9.96276452e-01  1.00000000e-03
-8.62992360e-02  1.00000000e-03
-4.97424433e-01  1.00000000e-03
 4.75282436e-01  1.00000000e-03
 9.04539226e-01  1.00000000e-03
-5.76948139e-01  1.00000000e-03
 9.81621818e-02  1.00000000e-03
-3.56679750e-01  1.00000000e-03
 7.97308006e-01  1.00000000e-03
 6.79649706e-01  1.00000000e-03
 8.88916928e-02  1.00000000e-03
 1.11059503e+00  1.00000000e-03
-6.21479345e-01  1.00000000e-03
-6.27341618e-01  1.00000000e-03
-5.47916516e-01  1.00000000e-03
 1.08709361e+00  1.00000000e-03
 4.20156421e-01  1.00000000e-03
-4.84205385e-01  1.00000000e-03
 1.07137692e+00  1.00000000e-03
-2.64162213e-01  1.00000000e-03
-8.61141103e-02  1.00000000e-03
 9.90115344e-01  1.00000000e-03
 1.00065610e+00  1.00000000e-03
 6.55696565e-02  1.00000000e-03
-5.52185912e-01  1.00000000e-03
-5.17774333e-01  1.00000000e-03
 1.13409089e+00  1.00000000e-03
-2.74589940e-01  1.00000000e-03
-5.18263825e-01  1.00000000e-03
-4.70039196e-01  1.00000000e-03
-5.98955949e-01  1.00000000e-03
-1.89597710e-01  1.00000000e-03
-4.71755757e-01  1.00000000e-03
 1.45453205e-01  1.00000000e-03
 1.06462505e+00  1.00000000e-03
 4.68235385e-01  1.00000000e-03
-4.23812530e-01  1.00000000e-03
 3.10570768e-01  1.00000000e-03
-6.04929468e-01  1.00000000e-03
-4.99612771e-01  1.00000000e-03
-2.80535988e-01  1.00000000e-03
-5.42503994e-01  1.00000000e-03
 7.14228381e-01  1.00000000e-03
-5.02969667e-01  1.00000000e-03
 3.68267262e-01  1.00000000e-03
-5.84443668e-01  1.00000000e-03
-5.00001079e-01  1.00000000e-03
-5.17528540e-01  1.00000000e-03
-5.19866214e-01  1.00000000e-03
-5.05597890e-01  1.00000000e-03
-5.58378094e-01  1.00000000e-03
-4.12175391e-01  1.00000000e-03
-5.00058962e-01  1.00000000e-03
-5.22973893e-01  1.00000000e-03
 1.14427518e+00  1.00000000e-03
 2.96255916e-01  1.00000000e-03
-4.28095048e-01  1.00000000e-03
-2.14327532e-01  1.00000000e-03
-5.54850377e-01  1.00000000e-03
-4.91150453e-01  1.00000000e-03
-5.27906467e-01  1.00000000e-03
 7.02072988e-01  1.00000000e-03
-1.79715139e-01  1.00000000e-03
-4.96810313e-01  1.00000000e-03
-4.81823868e-01  1.00000000e-03
-3.85530882e-02  1.00000000e-03
 1.08587927e+00  1.00000000e-03
 3.69249005e-01  1.00000000e-03
-5.92942519e-01  1.00000000e-03
-5.04792841e-01  1.00000000e-03
 1.10260633e+00  1.00000000e-03
-3.37124377e-01  1.00000000e-03
-5.05078373e-01  1.00000000e-03
-6.27056193e-01  1.00000000e-03
-6.26662850e-01  1.00000000e-03
 5.09807015e-01  1.00000000e-03
 7.11193574e-01  1.00000000e-03
 5.58310232e-01  1.00000000e-03
-5.22110863e-01  1.00000000e-03
-3.31960509e-01  1.00000000e-03
-5.82731711e-01  1.00000000e-03
 9.56857307e-01  1.00000000e-03
-4.55329382e-01  1.00000000e-03
-1.67936870e-01  1.00000000e-03
-5.53568220e-01  1.00000000e-03
-6.82065692e-02  1.00000000e-03
 2.20968734e-01  1.00000000e-03
 3.52197346e-01  1.00000000e-03
-5.54608268e-01  1.00000000e-03
-5.60201323e-01  1.00000000e-03
 5.15829144e-01  1.00000000e-03
 6.89980715e-02  1.00000000e-03
-3.81102083e-01  1.00000000e-03
-4.71579677e-01  1.00000000e-03
 9.84247351e-01  1.00000000e-03
-2.54577404e-01  1.00000000e-03
 8.14097562e-01  1.00000000e-03
-4.76233358e-01  1.00000000e-03
-5.01853559e-01  1.00000000e-03
-6.53565946e-01  1.00000000e-03
 1.09193725e+00  1.00000000e-03
 1.12720798e+00  1.00000000e-03
-5.91532924e-01  1.00000000e-03
-1.96685831e-01  1.00000000e-03
 6.15353379e-01  1.00000000e-03
 3.31677242e-01  1.00000000e-03
 1.14057251e+00  1.00000000e-03
 3.65211598e-02  1.00000000e-03
-5.58495200e-01  1.00000000e-03
 5.84889553e-01  1.00000000e-03
-4.40494436e-01  1.00000000e-03
-1.44833255e-01  1.00000000e-03
 1.05627173e+00  1.00000000e-03
 3.19206527e-01  1.00000000e-03
-3.70144561e-01  1.00000000e-03
-1.26378403e-01  1.00000000e-03
-5.16264053e-01  1.00000000e-03
 7.00555964e-01  1.00000000e-03
-5.18470656e-01  1.00000000e-03
-4.29874878e-01  1.00000000e-03
 9.82910998e-01  1.00000000e-03
-5.50576111e-01  1.00000000e-03
-3.68644736e-01  1.00000000e-03
-5.46719615e-01  1.00000000e-03
-3.35368705e-01  1.00000000e-03
-4.27244766e-01  1.00000000e-03
-5.86008288e-01  1.00000000e-03
-1.58609966e-01  1.00000000e-03
-4.88448742e-01  1.00000000e-03
 1.06881204e-01  1.00000000e-03
 1.20541388e+00  1.00000000e-03
-3.48961995e-02  1.00000000e-03
 1.23045158e-01  1.00000000e-03
-4.28795989e-01  1.00000000e-03
 1.06538021e+00  1.00000000e-03
-5.90844765e-01  1.00000000e-03
 4.49926471e-01  1.00000000e-03
-5.40550880e-01  1.00000000e-03
 3.78733316e-01  1.00000000e-03
 1.19880542e+00  1.00000000e-03
 1.16984904e+00  1.00000000e-03
-5.73059222e-01  1.00000000e-03
-6.75503263e-01  1.00000000e-03
 2.83878133e-01  1.00000000e-03
-4.17652363e-01  1.00000000e-03
-6.10281566e-01  1.00000000e-03
-5.36548197e-01  1.00000000e-03
-4.52199947e-01  1.00000000e-03
-5.26810737e-01  1.00000000e-03
 4.45448288e-01  1.00000000e-03
-2.65315446e-01  1.00000000e-03
-5.69610046e-01  1.00000000e-03
 4.78232689e-01  1.00000000e-03
 1.09545837e+00  1.00000000e-03
-5.05257848e-01  1.00000000e-03
 7.33281288e-01  1.00000000e-03
 9.46214419e-01  1.00000000e-03
 1.09862701e+00  1.00000000e-03
 4.88771969e-01  1.00000000e-03
 6.09304355e-01  1.00000000e-03
-1.80909813e-01  1.00000000e-03
 7.84272219e-01  1.00000000e-03
-4.99620145e-03  1.00000000e-03
-1.21966915e-01  1.00000000e-03
 6.29109575e-01  1.00000000e-03
-8.75655147e-02  1.00000000e-03
-5.45361447e-01  1.00000000e-03
-4.86748708e-01  1.00000000e-03
-4.34980928e-02  1.00000000e-03
-5.02176697e-01  1.00000000e-03
-2.03764610e-01  1.00000000e-03
-2.64915911e-01  1.00000000e-03
 1.14554057e+00  1.00000000e-03
 8.53190252e-01  1.00000000e-03
-5.84781463e-01  1.00000000e-03
-5.36242969e-01  1.00000000e-03
-2.28567198e-01  1.00000000e-03
 9.15343906e-01  1.00000000e-03
-2.44528443e-01  1.00000000e-03
-5.68577071e-01  1.00000000e-03
-3.85161389e-01  1.00000000e-03
 8.31733574e-01  1.00000000e-03
-7.76380478e-03  1.00000000e-03
-5.51885229e-01  1.00000000e-03
-3.14984574e-01  1.00000000e-03
-5.26066937e-01  1.00000000e-03
-5.01851439e-01  1.00000000e-03
 7.98065482e-01  1.00000000e-03
-2.66959380e-01  1.00000000e-03
 8.65998755e-01  1.00000000e-03
 8.45639492e-01  1.00000000e-03
 1.34605355e-01  1.00000000e-03
-4.63696718e-01  1.00000000e-03
 1.14424719e+00  1.00000000e-03
 1.67201265e-01  1.00000000e-03
 9.99579473e-01  1.00000000e-03
-3.67349129e-01  1.00000000e-03
 3.77429133e-01  1.00000000e-03
-5.16915935e-01  1.00000000e-03
 2.86501345e-01  1.00000000e-03
-4.97307290e-01  1.00000000e-03
 7.79616101e-01  1.00000000e-03
 8.49677533e-01  1.00000000e-03
 5.64400638e-02  1.00000000e-03
 6.04962974e-01  1.00000000e-03
 7.50585619e-01  1.00000000e-03
-5.83028968e-01  1.00000000e-03
-5.62259905e-01  1.00000000e-03
 4.05588454e-01  1.00000000e-03
 1.02514086e+00  1.00000000e-03
-2.77745100e-01  1.00000000e-03
-4.78154785e-01  1.00000000e-03
 8.79746426e-01  1.00000000e-03
 1.07688152e+00  1.00000000e-03
-5.26778844e-01  1.00000000e-03
-5.97157282e-01  1.00000000e-03
 2.95076357e-01  1.00000000e-03
 3.15183165e-04  1.00000000e-03
-4.92937379e-01  1.00000000e-03
 1.16559363e+00  1.00000000e-03
-4.73685632e-01  1.00000000e-03
-3.75887200e-01  1.00000000e-03
 1.04438052e+00  1.00000000e-03
-5.45078174e-01  1.00000000e-03
-2.03289790e-01  1.00000000e-03
-3.86940349e-01  1.00000000e-03
-5.37576094e-01  1.00000000e-03
-5.35262025e-01  1.00000000e-03
-5.69432031e-01  1.00000000e-03
-1.67139917e-01  1.00000000e-03
-5.40071088e-01  1.00000000e-03
-5.61411466e-01  1.00000000e-03
-4.98745516e-01  1.00000000e-03
-4.74813112e-01  1.00000000e-03
 9.56115529e-01  1.00000000e-03
 1.63926577e-01  1.00000000e-03
 9.47709896e-01  1.00000000e-03
-6.01788803e-01  1.00000000e-03
-5.89156894e-01  1.00000000e-03
-3.06537736e-01  1.00000000e-03
 7.01830303e-02  1.00000000e-03
 1.08493388e+00  1.00000000e-03
-4.96812384e-01  1.00000000e-03
-5.93592847e-01  1.00000000e-03
-3.26362211e-01  1.00000000e-03
 1.06189660e+00  1.00000000e-03
 6.46471219e-01  1.00000000e-03
-5.13921932e-01  1.00000000e-03
 2.07755472e-01  1.00000000e-03
 1.03328199e+00  1.00000000e-03
-5.12386717e-01  1.00000000e-03
-2.81465596e-01  1.00000000e-03
 6.61831349e-01  1.00000000e-03
 8.79633196e-01  1.00000000e-03
-5.07003257e-01  1.00000000e-03
-4.25484920e-01  1.00000000e-03
 6.23965468e-01  1.00000000e-03
 1.07405995e-01  1.00000000e-03
-5.11114704e-01  1.00000000e-03
 6.32535147e-01  1.00000000e-03
-4.07312578e-01  1.00000000e-03
 2.31045868e-01  1.00000000e-03
 7.08972898e-01  1.00000000e-03
-5.68804800e-01  1.00000000e-03
 1.88226554e-01  1.00000000e-03
 8.01537841e-03  1.00000000e-03
-6.29577120e-01  1.00000000e-03
-4.69974373e-01  1.00000000e-03
-4.26828212e-01  1.00000000e-03
-4.21229298e-01  1.00000000e-03
-4.35370308e-01  1.00000000e-03
-5.41868905e-01  1.00000000e-03
-5.90709469e-01  1.00000000e-03
-1.32441332e-01  1.00000000e-03
 5.34561371e-01  1.00000000e-03
-5.35582808e-01  1.00000000e-03
 4.06621713e-01  1.00000000e-03
-6.08560073e-01  1.00000000e-03
 7.92627274e-01  1.00000000e-03
-4.13853173e-01  1.00000000e-03
-5.62054024e-01  1.00000000e-03
-4.44729934e-01  1.00000000e-03
-2.02916014e-01  1.00000000e-03
-4.90422158e-01  1.00000000e-03
-5.65530183e-01  1.00000000e-03
-4.60899160e-01  1.00000000e-03
 1.04118903e+00  1.00000000e-03
 4.25349614e-01  1.00000000e-03
-1.48634895e-01  1.00000000e-03
-5.71979057e-01  1.00000000e-03
 1.07690715e+00  1.00000000e-03
-3.23616621e-01  1.00000000e-03
 1.61049935e-01  1.00000000e-03
-3.27803528e-01  1.00000000e-03
-5.13786788e-01  1.00000000e-03
 1.12712474e+00  1.00000000e-03
-3.46203968e-01  1.00000000e-03
 1.07267171e+00  1.00000000e-03
-4.82299816e-01  1.00000000e-03
-4.64871364e-01  1.00000000e-03
 3.98763033e-01  1.00000000e-03
-7.24887074e-02  1.00000000e-03
-4.28792648e-01  1.00000000e-03
-2.73778069e-01  1.00000000e-03
-2.36171622e-01  1.00000000e-03
 3.28183142e-01  1.00000000e-03
-6.10373410e-01  1.00000000e-03
 1.14119610e+00  1.00000000e-03
-1.05251423e-01  1.00000000e-03
-9.92946849e-02  1.00000000e-03
 9.83459699e-01  1.00000000e-03
 7.56898854e-01  1.00000000e-03
 1.24757144e-01  1.00000000e-03
 8.91154519e-02  1.00000000e-03
-5.74076673e-01  1.00000000e-03
-3.84854676e-01  1.00000000e-03
 1.07538215e+00  1.00000000e-03
-5.18654521e-01  1.00000000e-03
-5.88241786e-01  1.00000000e-03
-6.22426643e-01  1.00000000e-03
-5.77912962e-01  1.00000000e-03
-4.84037678e-01  1.00000000e-03
 9.48807477e-01  1.00000000e-03
-3.17964181e-01  1.00000000e-03
 1.35222999e-01  1.00000000e-03
-2.93186830e-01  1.00000000e-03
 9.65255809e-01  1.00000000e-03
-6.21277908e-01  1.00000000e-03
 3.00324689e-02  1.00000000e-03
-4.25668240e-01  1.00000000e-03
-3.30937554e-01  1.00000000e-03
-5.26319198e-01  1.00000000e-03
-3.65763024e-01  1.00000000e-03
 1.02502598e+00  1.00000000e-03
 9.61690646e-01  1.00000000e-03
 1.17321951e+00  1.00000000e-03
 9.93307468e-01  1.00000000e-03
-5.59813915e-01  1.00000000e-03
 1.17228144e+00  1.00000000e-03
 8.06839536e-01  1.00000000e-03
 8.13391088e-01  1.00000000e-03
 5.17822831e-01  1.00000000e-03
 5.96490044e-01  1.00000000e-03
 8.64443084e-02  1.00000000e-03
-5.92817236e-01  1.00000000e-03
-5.91450907e-01  1.00000000e-03
-4.70711444e-01  1.00000000e-03
 6.65537464e-01  1.00000000e-03
 8.66758644e-01  1.00000000e-03
-5.25422848e-01  1.00000000e-03
-4.35629047e-01  1.00000000e-03
-4.17288184e-01  1.00000000e-03
-4.86956673e-01  1.00000000e-03
-6.12581903e-01  1.00000000e-03
-4.07879863e-01  1.00000000e-03
-5.10314688e-01  1.00000000e-03
-5.45132772e-01  1.00000000e-03
-4.19732335e-01  1.00000000e-03
-5.26893298e-01  1.00000000e-03
 1.14151315e+00  1.00000000e-03
 6.15216797e-01  1.00000000e-03
 1.53276176e-01  1.00000000e-03
-3.09299722e-01  1.00000000e-03
-3.59654620e-01  1.00000000e-03
 9.83008847e-01  1.00000000e-03
 1.11311848e+00  1.00000000e-03
 5.58440777e-01  1.00000000e-03
-5.39645622e-01  1.00000000e-03
-4.22879013e-01  1.00000000e-03
 9.78918429e-01  1.00000000e-03
 6.12461656e-01  1.00000000e-03
 5.64054498e-01  1.00000000e-03
 1.08341071e+00  1.00000000e-03
-5.81539859e-01  1.00000000e-03
 4.55205243e-02  1.00000000e-03
-4.13132076e-01  1.00000000e-03
-5.17279722e-01  1.00000000e-03
-5.84294833e-01  1.00000000e-03
 1.53859365e-01  1.00000000e-03
 3.54680802e-01  1.00000000e-03
-3.23892124e-01  1.00000000e-03
-5.72092696e-01  1.00000000e-03
-6.31818425e-01  1.00000000e-03
-5.78681076e-01  1.00000000e-03
-3.64633893e-01  1.00000000e-03
-4.18777066e-01  1.00000000e-03
-6.80599533e-01  1.00000000e-03
-5.97556694e-01  1.00000000e-03
 8.50787973e-01  1.00000000e-03
-2.35095539e-01  1.00000000e-03
-5.59511213e-01  1.00000000e-03
-2.34975852e-02  1.00000000e-03
-5.17656323e-01  1.00000000e-03
-5.88121589e-01  1.00000000e-03
 6.65013660e-01  1.00000000e-03
 9.53082967e-01  1.00000000e-03
-5.70917868e-01  1.00000000e-03
 1.05344533e+00  1.00000000e-03
 7.21297822e-01  1.00000000e-03
-5.24754444e-01  1.00000000e-03
-5.93428196e-01  1.00000000e-03
-4.80043655e-01  1.00000000e-03
-4.43346631e-01  1.00000000e-03
-5.67876861e-01  1.00000000e-03
 2.86514393e-01  1.00000000e-03
-4.18696348e-01  1.00000000e-03
 1.08926510e+00  1.00000000e-03
-4.81954305e-01  1.00000000e-03
-5.81975074e-01  1.00000000e-03
-5.12386615e-01  1.00000000e-03
-1.96705494e-01  1.00000000e-03
-5.50102148e-01  1.00000000e-03
 9.91528817e-01  1.00000000e-03
-4.38123852e-01  1.00000000e-03
-5.44749752e-02  1.00000000e-03
-5.53219741e-01  1.00000000e-03
-6.03291081e-01  1.00000000e-03
-8.03861783e-02  1.00000000e-03
-5.52963606e-01  1.00000000e-03
-4.82509862e-01  1.00000000e-03
-2.80498463e-01  1.00000000e-03
-5.60001299e-01  1.00000000e-03
-3.84547045e-01  1.00000000e-03
 4.26129405e-01  1.00000000e-03
 1.10357605e+00  1.00000000e-03
 6.43096898e-01  1.00000000e-03
-3.99708741e-01  1.00000000e-03
-4.40263980e-01  1.00000000e-03
 7.63434801e-01  1.00000000e-03
-4.66939276e-01  1.00000000e-03
 7.82328328e-01  1.00000000e-03
 1.03103079e+00  1.00000000e-03
-8.85823463e-03  1.00000000e-03
-5.53505981e-01  1.00000000e-03
-4.46070876e-01  1.00000000e-03
-5.68784584e-01  1.00000000e-03
-6.48474672e-01  1.00000000e-03
-6.27693326e-01  1.00000000e-03
-2.88569739e-02  1.00000000e-03
-4.63308647e-01  1.00000000e-03
-5.52849460e-01  1.00000000e-03
-5.25853742e-01  1.00000000e-03
-5.11653837e-01  1.00000000e-03
-4.98484490e-01  1.00000000e-03
-4.70728785e-01  1.00000000e-03
 4.14866378e-01  1.00000000e-03
-5.24864789e-01  1.00000000e-03
-5.22289206e-01  1.00000000e-03
 1.17307198e+00  1.00000000e-03
 5.48188377e-01  1.00000000e-03
-2.51815217e-01  1.00000000e-03
 1.08129743e+00  1.00000000e-03
-5.43444306e-01  1.00000000e-03
 1.06407843e+00  1.00000000e-03
 1.23148966e+00  1.00000000e-03
-4.90030322e-01  1.00000000e-03
-5.08842288e-01  1.00000000e-03
 1.12879943e-01  1.00000000e-03
-5.99833511e-01  1.00000000e-03
 9.33604680e-01  1.00000000e-03
-5.69199554e-01  1.00000000e-03
 8.96115256e-01  1.00000000e-03
 2.59263446e-01  1.00000000e-03
-5.00495993e-01  1.00000000e-03
 1.15974269e+00  1.00000000e-03
-5.56923851e-01  1.00000000e-03
-1.23090937e-01  1.00000000e-03
-5.00529973e-02  1.00000000e-03
 6.94552992e-01  1.00000000e-03
-6.09737278e-01  1.00000000e-03
-5.88435305e-01  1.00000000e-03
-4.60908309e-01  1.00000000e-03
-4.45667139e-01  1.00000000e-03
-5.97518120e-01  1.00000000e-03
 2.19158522e-02  1.00000000e-03
-4.48380589e-01  1.00000000e-03
-5.08209705e-01  1.00000000e-03
-3.77169220e-02  1.00000000e-03
 1.10696700e+00  1.00000000e-03
-2.00885978e-02  1.00000000e-03
-5.41172486e-01  1.00000000e-03
-4.64666374e-01  1.00000000e-03
 1.14983465e+00  1.00000000e-03
 7.23777222e-01  1.00000000e-03
 1.38881905e-01  1.00000000e-03
-5.62321267e-01  1.00000000e-03
 1.08364889e+00  1.00000000e-03
-2.43848837e-01  1.00000000e-03
 1.00158093e+00  1.00000000e-03
-4.34381518e-01  1.00000000e-03
 1.16915958e+00  1.00000000e-03
-5.81407470e-01  1.00000000e-03
 9.72750127e-01  1.00000000e-03
-5.64387727e-01  1.00000000e-03
-5.42400794e-01  1.00000000e-03
-5.01565947e-01  1.00000000e-03
-6.56218334e-01  1.00000000e-03
-4.37787333e-01  1.00000000e-03
-6.03847606e-01  1.00000000e-03
 7.08335493e-01  1.00000000e-03
 1.64013841e-01  1.00000000e-03
 4.98812995e-01  1.00000000e-03
-5.92710755e-01  1.00000000e-03
 1.15177691e+00  1.00000000e-03
 4.24071080e-01  1.00000000e-03
-1.09360480e-01  1.00000000e-03
 2.56151422e-01  1.00000000e-03
 8.04314273e-01  1.00000000e-03
 1.07188333e+00  1.00000000e-03
-5.93766836e-01  1.00000000e-03
-8.41668314e-02  1.00000000e-03
-4.71385300e-01  1.00000000e-03
-5.31714793e-01  1.00000000e-03
 3.59280142e-01  1.00000000e-03
-5.78196483e-01  1.00000000e-03
-3.71150922e-01  1.00000000e-03
 8.72586903e-01  1.00000000e-03
-3.28201701e-01  1.00000000e-03
-2.31360612e-01  1.00000000e-03
-5.38738439e-01  1.00000000e-03
-3.62911599e-01  1.00000000e-03
 3.56493782e-01  1.00000000e-03
-5.31897696e-01  1.00000000e-03
-3.66980039e-01  1.00000000e-03
 9.83893395e-01  1.00000000e-03
-6.23509676e-01  1.00000000e-03
-5.72726845e-01  1.00000000e-03
-4.92234036e-01  1.00000000e-03
 4.96746353e-01  1.00000000e-03
 7.04404678e-01  1.00000000e-03
 3.28398287e-01  1.00000000e-03
 9.79062023e-01  1.00000000e-03
-4.51294306e-01  1.00000000e-03
-4.90419617e-01  1.00000000e-03
-5.22388499e-01  1.00000000e-03
-2.07773786e-01  1.00000000e-03
-6.20020222e-01  1.00000000e-03
-1.67434796e-01  1.00000000e-03
-6.01673615e-02  1.00000000e-03
 7.59834943e-01  1.00000000e-03
 8.15172794e-01  1.00000000e-03
 1.06048088e+00  1.00000000e-03
-5.06030519e-01  1.00000000e-03
 8.33329417e-02  1.00000000e-03
-6.02427688e-01  1.00000000e-03
-3.23137214e-01  1.00000000e-03
-4.24654452e-01  1.00000000e-03
 1.32346785e-01  1.00000000e-03
 8.35227464e-01  1.00000000e-03
-5.51656628e-01  1.00000000e-03
-4.33946622e-01  1.00000000e-03
-4.85744211e-01  1.00000000e-03
-6.16112010e-02  1.00000000e-03
-6.03677342e-01  1.00000000e-03
-2.21501370e-01  1.00000000e-03
-4.57419211e-01  1.00000000e-03
 6.79285597e-01  1.00000000e-03
-4.57081796e-01  1.00000000e-03
-5.19656510e-01  1.00000000e-03
 7.63272812e-01  1.00000000e-03
 5.97012496e-01  1.00000000e-03
-4.14994353e-01  1.00000000e-03
-4.40574344e-01  1.00000000e-03
-6.14226714e-01  1.00000000e-03
-5.06214912e-01  1.00000000e-03
 1.21723032e+00  1.00000000e-03
 2.80997589e-01  1.00000000e-03
-7.49219828e-02  1.00000000e-03
-2.75862585e-01  1.00000000e-03
-4.55375192e-01  1.00000000e-03
-4.83423444e-01  1.00000000e-03
-4.41949127e-01  1.00000000e-03
-5.37190227e-01  1.00000000e-03
 5.49051366e-01  1.00000000e-03
 9.87900555e-02  1.00000000e-03
-5.75329038e-01  1.00000000e-03
 9.93487820e-01  1.00000000e-03
-4.42360940e-01  1.00000000e-03
-5.29102181e-01  1.00000000e-03
-4.39992211e-01  1.00000000e-03
 1.05934417e+00  1.00000000e-03
 3.47125203e-01  1.00000000e-03
-2.12388416e-01  1.00000000e-03
-5.29628723e-01  1.00000000e-03
-2.56111676e-01  1.00000000e-03
 1.22437495e+00  1.00000000e-03
 1.24496228e+00  1.00000000e-03
 1.05831214e+00  1.00000000e-03
-4.57179299e-01  1.00000000e-03
-1.90148977e-01  1.00000000e-03
 6.00278687e-01  1.00000000e-03
-5.41496168e-01  1.00000000e-03
-4.72281091e-01  1.00000000e-03
-5.34749650e-01  1.00000000e-03
-5.93021195e-01  1.00000000e-03
-4.12782286e-01  1.00000000e-03
-5.01289063e-01  1.00000000e-03
-6.42159787e-01  1.00000000e-03
 1.23728334e+00  1.00000000e-03
-4.81018206e-01  1.00000000e-03
 4.32439046e-01  1.00000000e-03
-5.66383547e-01  1.00000000e-03
 1.07827962e+00  1.00000000e-03
-8.82535133e-02  1.00000000e-03
-5.47779515e-01  1.00000000e-03
-5.07710119e-01  1.00000000e-03
-5.35530595e-01  1.00000000e-03
 8.47926739e-01  1.00000000e-03
 9.90577082e-01  1.00000000e-03
-5.52303378e-01  1.00000000e-03
 1.49631549e-01  1.00000000e-03
-4.63716490e-01  1.00000000e-03
 1.02751486e+00  1.00000000e-03
 9.95754825e-01  1.00000000e-03
 1.10948253e+00  1.00000000e-03
-3.33903549e-01  1.00000000e-03
 1.15069812e+00  1.00000000e-03
 1.11385855e+00  1.00000000e-03
 2.09686782e-01  1.00000000e-03
-3.10879915e-01  1.00000000e-03
 8.66173335e-01  1.00000000e-03
-4.11774178e-01  1.00000000e-03
-5.63135301e-01  1.00000000e-03
-5.33564480e-01  1.00000000e-03
-5.73297352e-02  1.00000000e-03
-2.75295174e-01  1.00000000e-03
-4.14372786e-01  1.00000000e-03
-5.33765008e-01  1.00000000e-03
 9.48697795e-01  1.00000000e-03
 8.29847601e-01  1.00000000e-03
-3.59383102e-01  1.00000000e-03
-4.80821427e-01  1.00000000e-03
 5.89818907e-02  1.00000000e-03
-5.07004700e-01  1.00000000e-03
-4.42273424e-01  1.00000000e-03
-2.37419883e-01  1.00000000e-03
-5.78273698e-01  1.00000000e-03
-5.79474045e-01  1.00000000e-03
-5.62004544e-01  1.00000000e-03
-6.36763054e-01  1.00000000e-03
 9.97921143e-01  1.00000000e-03
 5.92333742e-01  1.00000000e-03
-3.61713687e-01  1.00000000e-03
 1.92214366e-01  1.00000000e-03
-5.14467169e-01  1.00000000e-03
 6.35305465e-02  1.00000000e-03
-4.99952451e-01  1.00000000e-03
-4.82883732e-01  1.00000000e-03
-5.17003682e-01  1.00000000e-03
 1.13987477e+00  1.00000000e-03
-3.83671520e-01  1.00000000e-03
 1.03264210e+00  1.00000000e-03
 9.23864363e-01  1.00000000e-03
-5.13518711e-01  1.00000000e-03
 3.76738717e-01  1.00000000e-03
-5.35927798e-01  1.00000000e-03
-5.77752120e-01  1.00000000e-03
-5.73077433e-01  1.00000000e-03
-4.08584243e-01  1.00000000e-03
-1.64971648e-01  1.00000000e-03
-1.70170005e-01  1.00000000e-03
 1.03626410e+00  1.00000000e-03
 1.25068702e+00  1.00000000e-03
 1.06555017e+00  1.00000000e-03
 3.90038863e-01  1.00000000e-03
 8.75005900e-01  1.00000000e-03
 1.10543947e+00  1.00000000e-03
 9.02450131e-01  1.00000000e-03
-4.37302505e-01  1.00000000e-03
 1.17177666e+00  1.00000000e-03
-5.54799571e-01  1.00000000e-03
 2.69547280e-01  1.00000000e-03
-3.13041843e-01  1.00000000e-03
-5.55186648e-01  1.00000000e-03
 8.20228222e-01  1.00000000e-03
-5.15957558e-01  1.00000000e-03
-5.45629037e-01  1.00000000e-03
-4.72601032e-01  1.00000000e-03
 9.55830779e-01  1.00000000e-03
 6.20377085e-01  1.00000000e-03
-6.17591463e-01  1.00000000e-03
 1.16980586e+00  1.00000000e-03
-5.82710046e-01  1.00000000e-03
 4.68388418e-01  1.00000000e-03
-4.09622329e-01  1.00000000e-03
 1.05703129e+00  1.00000000e-03
-2.04894687e-01  1.00000000e-03
-2.07549278e-01  1.00000000e-03
-5.81835443e-01  1.00000000e-03
-5.08108096e-01  1.00000000e-03
-6.13870487e-01  1.00000000e-03
-1.67341596e-01  1.00000000e-03
-4.92227750e-01  1.00000000e-03
-4.98444960e-01  1.00000000e-03
-4.59130052e-01  1.00000000e-03
-4.34208714e-01  1.00000000e-03
 1.00423519e+00  1.00000000e-03
-4.80740881e-01  1.00000000e-03
-4.88677590e-01  1.00000000e-03
 5.21808235e-01  1.00000000e-03
-5.41726581e-01  1.00000000e-03
 9.93895322e-01  1.00000000e-03
 1.07315323e+00  1.00000000e-03
-5.16067520e-01  1.00000000e-03
-4.75497600e-01  1.00000000e-03
 4.06302089e-01  1.00000000e-03
-5.27305801e-01  1.00000000e-03
-3.26099343e-01  1.00000000e-03
 8.52456257e-01  1.00000000e-03
 9.00944281e-01  1.00000000e-03
-2.02198744e-01  1.00000000e-03
 5.14750689e-01  1.00000000e-03
-3.35564647e-01  1.00000000e-03
-4.61522769e-01  1.00000000e-03
-5.93330382e-03  1.00000000e-03
 8.66366486e-01  1.00000000e-03
 1.03604835e+00  1.00000000e-03
 6.23253151e-01  1.00000000e-03
 1.04380304e-01  1.00000000e-03
-5.05589432e-01  1.00000000e-03
-7.07921171e-02  1.00000000e-03
-5.09805425e-01  1.00000000e-03
 9.53642038e-01  1.00000000e-03
-4.96244496e-01  1.00000000e-03
 9.49362096e-01  1.00000000e-03
-5.02282294e-01  1.00000000e-03
-3.67665816e-01  1.00000000e-03
 1.44754757e-01  1.00000000e-03
 7.58575106e-01  1.00000000e-03
 1.08753470e+00  1.00000000e-03
-4.48082601e-01  1.00000000e-03
 9.54866623e-01  1.00000000e-03
-5.11247702e-01  1.00000000e-03
-5.75362492e-01  1.00000000e-03
-5.85196820e-01  1.00000000e-03
-5.51154525e-01  1.00000000e-03
-5.70305495e-01  1.00000000e-03
 1.48703491e-01  1.00000000e-03
 1.10937883e+00  1.00000000e-03
 1.12327323e+00  1.00000000e-03
 1.02211959e+00  1.00000000e-03
 6.14884973e-01  1.00000000e-03
 4.90818513e-01  1.00000000e-03
 6.57791635e-01  1.00000000e-03
-5.59440132e-01  1.00000000e-03
-1.46857940e-01  1.00000000e-03
-3.15000994e-01  1.00000000e-03
-4.55141713e-01  1.00000000e-03
-5.81955286e-01  1.00000000e-03
 1.04903069e+00  1.00000000e-03
-5.60382953e-01  1.00000000e-03
-5.64635780e-01  1.00000000e-03
-4.82067300e-01  1.00000000e-03
-1.66613477e-01  1.00000000e-03
-5.67873268e-01  1.00000000e-03
-2.58063700e-01  1.00000000e-03
-5.23271856e-01  1.00000000e-03
-7.99569179e-02  1.00000000e-03
 4.57139861e-01  1.00000000e-03
-5.09724842e-01  1.00000000e-03
-6.17481132e-01  1.00000000e-03
-5.80517894e-01  1.00000000e-03
-4.38868527e-01  1.00000000e-03
 6.53288297e-01  1.00000000e-03
-5.52238640e-01  1.00000000e-03
-2.69150717e-01  1.00000000e-03
-5.33432375e-01  1.00000000e-03
 2.14608918e-01  1.00000000e-03
-5.18412236e-01  1.00000000e-03
-5.54538218e-01  1.00000000e-03
-4.90090021e-01  1.00000000e-03
 1.06720895e+00  1.00000000e-03
 5.69816919e-01  1.00000000e-03
-5.70596506e-01  1.00000000e-03
 9.82617834e-01  1.00000000e-03
-5.62138570e-01  1.00000000e-03
 1.23408297e+00  1.00000000e-03
-4.55816096e-01  1.00000000e-03
 4.04510742e-01  1.00000000e-03
-5.66738658e-01  1.00000000e-03
 2.06053371e-01  1.00000000e-03
 2.60309284e-01  1.00000000e-03
 4.90584889e-01  1.00000000e-03
 9.72586041e-01  1.00000000e-03
-5.66851562e-01  1.00000000e-03
-5.74834813e-01  1.00000000e-03
-3.08606468e-01  1.00000000e-03
 1.02928237e+00  1.00000000e-03
 1.09219300e+00  1.00000000e-03
-5.34756622e-01  1.00000000e-03
-3.65661904e-01  1.00000000e-03
 1.15238596e+00  1.00000000e-03
-4.22174982e-01  1.00000000e-03
-3.96069451e-01  1.00000000e-03
-4.64420017e-01  1.00000000e-03
-4.45071323e-01  1.00000000e-03
 6.15848083e-01  1.00000000e-03
 1.13735254e+00  1.00000000e-03
-2.87143419e-01  1.00000000e-03
 1.12982038e+00  1.00000000e-03
-4.97378944e-01  1.00000000e-03
-5.38242961e-01  1.00000000e-03
-5.29518902e-01  1.00000000e-03
-5.10946644e-01  1.00000000e-03
-3.88894927e-01  1.00000000e-03
-1.89381855e-02  1.00000000e-03
 1.03837603e+00  1.00000000e-03
 1.05186593e+00  1.00000000e-03
-5.88284368e-01  1.00000000e-03
 1.00275392e+00  1.00000000e-03
 1.06637154e+00  1.00000000e-03
 1.24713295e+00  1.00000000e-03
 7.59908799e-01  1.00000000e-03
-5.93081882e-01  1.00000000e-03
-5.33219508e-01  1.00000000e-03
-6.24307523e-01  1.00000000e-03
-5.86692056e-01  1.00000000e-03
-7.28331150e-02  1.00000000e-03
 7.88896708e-01  1.00000000e-03
-4.28384525e-01  1.00000000e-03
-5.21343676e-01  1.00000000e-03
 3.82656848e-01  1.00000000e-03
-5.06671634e-01  1.00000000e-03
-5.92684843e-01  1.00000000e-03
 1.08101132e+00  1.00000000e-03
-5.25709750e-01  1.00000000e-03
-2.87310760e-01  1.00000000e-03
-2.45098839e-01  1.00000000e-03
-3.92322753e-01  1.00000000e-03
 1.00682991e-01  1.00000000e-03
-5.31877710e-01  1.00000000e-03
 9.80424503e-01  1.00000000e-03
 9.88381779e-01  1.00000000e-03
-2.66965655e-01  1.00000000e-03
 7.48045933e-02  1.00000000e-03
-5.00054134e-01  1.00000000e-03
-4.62119401e-02  1.00000000e-03
 1.08673858e+00  1.00000000e-03
