 -0.3202364E+00  0.2000000E-04
  0.3873801E-01  0.2000000E-04
 -0.3249619E+00  0.2000000E-04
 -0.1180677E-01  0.2000000E-04
  0.8304898E-01  0.2000000E-04
 -0.2772844E+00  0.2000000E-04
 -0.2739950E+00  0.2000000E-04
  0.4262941E+00  0.2000000E-04
 -0.3508768E+00  0.2000000E-04
 -0.4763811E-01  0.2000000E-04
  0.6497415E+00  0.2000000E-04
  0.6731135E+00  0.2000000E-04
 -0.4466856E-01  0.2000000E-04
 -0.3456613E+00  0.2000000E-04
 -0.3266692E+00  0.2000000E-04
 -0.3384502E+00  0.2000000E-04
  0.6270633E+00  0.2000000E-04
 -0.5580029E-02  0.2000000E-04
 -0.2545091E+00  0.2000000E-04
 -0.3272144E+00  0.2000000E-04
 -0.2891913E+00  0.2000000E-04
 -0.2755314E+00  0.2000000E-04
  0.4739276E+00  0.2000000E-04
 -0.2876845E+00  0.2000000E-04
  0.7123861E+00  0.2000000E-04
 -0.2261034E+00  0.2000000E-04
 -0.3378781E+00  0.2000000E-04
  0.5019299E+00  0.2000000E-04
  0.6475909E+00  0.2000000E-04
  0.2752024E+00  0.2000000E-04
  0.6462228E+00  0.2000000E-04
 -0.2943051E+00  0.2000000E-04
 -0.3327427E+00  0.2000000E-04
 -0.3019834E+00  0.2000000E-04
 -0.3040911E+00  0.2000000E-04
 -0.2950005E+00  0.2000000E-04
 -0.2566615E-01  0.2000000E-04
 -0.3089345E+00  0.2000000E-04
 -0.3083519E+00  0.2000000E-04
  0.3985568E+00  0.2000000E-04
 -0.1704868E+00  0.2000000E-04
  0.5274886E+00  0.2000000E-04
 -0.2215077E+00  0.2000000E-04
 -0.3328027E+00  0.2000000E-04
 -0.3077527E+00  0.2000000E-04
  0.5452887E+00  0.2000000E-04
 -0.2466085E+00  0.2000000E-04
 -0.2691427E+00  0.2000000E-04
  0.1030181E+00  0.2000000E-04
  0.6255800E+00  0.2000000E-04
 -0.2891787E+00  0.2000000E-04
 -0.3186594E+00  0.2000000E-04
 -0.3274689E+00  0.2000000E-04
  0.2449240E+00  0.2000000E-04
 -0.3954366E+00  0.2000000E-04
  0.2751337E+00  0.2000000E-04
  0.6467998E+00  0.2000000E-04
 -0.3747739E+00  0.2000000E-04
  0.6196205E+00  0.2000000E-04
  0.6385694E+00  0.2000000E-04
 -0.3053821E+00  0.2000000E-04
  0.6499019E+00  0.2000000E-04
  0.1560710E+00  0.2000000E-04
  0.5540715E+00  0.2000000E-04
 -0.2984645E+00  0.2000000E-04
 -0.3494215E+00  0.2000000E-04
 -0.3371011E+00  0.2000000E-04
 -0.7949258E-01  0.2000000E-04
  0.6362327E+00  0.2000000E-04
 -0.1744295E+00  0.2000000E-04
  0.3177918E+00  0.2000000E-04
 -0.3108635E+00  0.2000000E-04
  0.6550305E+00  0.2000000E-04
 -0.3061638E+00  0.2000000E-04
 -0.1786101E+00  0.2000000E-04
 -0.3645485E+00  0.2000000E-04
 -0.3309172E+00  0.2000000E-04
 -0.2886829E+00  0.2000000E-04
 -0.2983960E+00  0.2000000E-04
 -0.2069012E+00  0.2000000E-04
  0.3339162E+00  0.2000000E-04
  0.4286554E-01  0.2000000E-04
  0.4807846E+00  0.2000000E-04
  0.6265050E+00  0.2000000E-04
  0.7550575E-01  0.2000000E-04
 -0.4683486E-02  0.2000000E-04
 -0.7356142E-01  0.2000000E-04
  0.2324735E+00  0.2000000E-04
  0.4189661E+00  0.2000000E-04
 -0.2606554E+00  0.2000000E-04
 -0.3349167E+00  0.2000000E-04
  0.2563404E+00  0.2000000E-04
  0.3052248E+00  0.2000000E-04
 -0.1389615E+00  0.2000000E-04
  0.4849534E+00  0.2000000E-04
 -0.2317101E+00  0.2000000E-04
 -0.3242116E+00  0.2000000E-04
 -0.1246148E+00  0.2000000E-04
 -0.3053160E+00  0.2000000E-04
 -0.2896837E+00  0.2000000E-04
  0.4112233E+00  0.2000000E-04
 -0.2280977E-01  0.2000000E-04
 -0.2992450E+00  0.2000000E-04
  0.2449997E+00  0.2000000E-04
  0.6288982E+00  0.2000000E-04
 -0.1819345E+00  0.2000000E-04
  0.6201119E+00  0.2000000E-04
 -0.3773912E+00  0.2000000E-04
  0.5678640E+00  0.2000000E-04
 -0.2869318E+00  0.2000000E-04
  0.2382890E-01  0.2000000E-04
 -0.3134637E+00  0.2000000E-04
 -0.1824522E+00  0.2000000E-04
 -0.2356929E+00  0.2000000E-04
 -0.2420625E+00  0.2000000E-04
 -0.2660950E+00  0.2000000E-04
 -0.3410085E+00  0.2000000E-04
 -0.2883050E+00  0.2000000E-04
 -0.3198032E+00  0.2000000E-04
 -0.1148137E+00  0.2000000E-04
 -0.2997983E-01  0.2000000E-04
 -0.3851740E-01  0.2000000E-04
 -0.3286794E+00  0.2000000E-04
 -0.2979191E+00  0.2000000E-04
 -0.3173182E+00  0.2000000E-04
 -0.3007210E+00  0.2000000E-04
 -0.2347120E+00  0.2000000E-04
 -0.3419364E+00  0.2000000E-04
  0.3203521E+00  0.2000000E-04
  0.2256548E+00  0.2000000E-04
 -0.3371565E+00  0.2000000E-04
 -0.2520162E+00  0.2000000E-04
 -0.2181630E+00  0.2000000E-04
 -0.3318466E+00  0.2000000E-04
  0.4828701E-01  0.2000000E-04
 -0.3450816E+00  0.2000000E-04
 -0.1034300E+00  0.2000000E-04
 -0.1622975E+00  0.2000000E-04
 -0.3356296E+00  0.2000000E-04
  0.3494938E+00  0.2000000E-04
 -0.2836825E+00  0.2000000E-04
 -0.1752145E+00  0.2000000E-04
 -0.2625487E+00  0.2000000E-04
 -0.2171262E+00  0.2000000E-04
 -0.9424540E-01  0.2000000E-04
 -0.3047148E+00  0.2000000E-04
  0.5349605E+00  0.2000000E-04
 -0.3598357E+00  0.2000000E-04
  0.6372422E+00  0.2000000E-04
 -0.2858457E+00  0.2000000E-04
 -0.1916624E+00  0.2000000E-04
 -0.2807660E+00  0.2000000E-04
  0.7761717E-01  0.2000000E-04
 -0.2381931E+00  0.2000000E-04
 -0.1028525E+00  0.2000000E-04
  0.1349228E+00  0.2000000E-04
 -0.2493323E+00  0.2000000E-04
 -0.1760880E+00  0.2000000E-04
 -0.5649160E-01  0.2000000E-04
 -0.3241501E+00  0.2000000E-04
 -0.3036433E+00  0.2000000E-04
 -0.2938946E+00  0.2000000E-04
  0.1327435E+00  0.2000000E-04
 -0.3220477E+00  0.2000000E-04
 -0.3309702E+00  0.2000000E-04
  0.4880499E+00  0.2000000E-04
  0.1502937E+00  0.2000000E-04
 -0.2602216E+00  0.2000000E-04
 -0.2530023E+00  0.2000000E-04
 -0.2186678E+00  0.2000000E-04
  0.4030701E+00  0.2000000E-04
 -0.2314895E+00  0.2000000E-04
 -0.1485465E+00  0.2000000E-04
 -0.2850159E+00  0.2000000E-04
 -0.2056678E+00  0.2000000E-04
 -0.3521609E+00  0.2000000E-04
 -0.3491659E+00  0.2000000E-04
 -0.2944528E+00  0.2000000E-04
 -0.3471014E+00  0.2000000E-04
 -0.1371566E+00  0.2000000E-04
 -0.3102899E+00  0.2000000E-04
  0.7275559E+00  0.2000000E-04
 -0.3243610E+00  0.2000000E-04
 -0.2668915E+00  0.2000000E-04
 -0.1882027E-01  0.2000000E-04
 -0.3164806E+00  0.2000000E-04
 -0.3339131E+00  0.2000000E-04
 -0.2912715E+00  0.2000000E-04
 -0.2985778E+00  0.2000000E-04
 -0.3498392E+00  0.2000000E-04
  0.5701132E+00  0.2000000E-04
 -0.3616913E+00  0.2000000E-04
 -0.3145227E+00  0.2000000E-04
 -0.3017329E+00  0.2000000E-04
 -0.2426427E+00  0.2000000E-04
 -0.2961105E+00  0.2000000E-04
 -0.3060629E+00  0.2000000E-04
 -0.3105134E+00  0.2000000E-04
 -0.3563823E+00  0.2000000E-04
  0.6274498E+00  0.2000000E-04
 -0.3145705E+00  0.2000000E-04
 -0.7331059E-01  0.2000000E-04
 -0.1376260E+00  0.2000000E-04
  0.4315534E+00  0.2000000E-04
  0.3137254E+00  0.2000000E-04
 -0.3270968E+00  0.2000000E-04
  0.6157684E+00  0.2000000E-04
 -0.2754134E+00  0.2000000E-04
 -0.3037890E+00  0.2000000E-04
  0.1873027E+00  0.2000000E-04
  0.6495453E+00  0.2000000E-04
  0.3543963E+00  0.2000000E-04
 -0.3572697E+00  0.2000000E-04
 -0.2665519E+00  0.2000000E-04
  0.3301470E+00  0.2000000E-04
  0.6582474E+00  0.2000000E-04
 -0.3248507E+00  0.2000000E-04
  0.6784189E+00  0.2000000E-04
 -0.3227304E+00  0.2000000E-04
 -0.3509493E+00  0.2000000E-04
 -0.3685301E+00  0.2000000E-04
 -0.3123408E+00  0.2000000E-04
 -0.3420123E+00  0.2000000E-04
  0.5068492E+00  0.2000000E-04
 -0.2080012E+00  0.2000000E-04
  0.3123761E+00  0.2000000E-04
  0.5126915E+00  0.2000000E-04
 -0.3087959E+00  0.2000000E-04
  0.2433865E+00  0.2000000E-04
  0.5744941E+00  0.2000000E-04
 -0.2891458E+00  0.2000000E-04
 -0.3286473E+00  0.2000000E-04
 -0.2979342E+00  0.2000000E-04
  0.5922128E+00  0.2000000E-04
 -0.3074389E+00  0.2000000E-04
 -0.7839373E-01  0.2000000E-04
  0.4837363E+00  0.2000000E-04
  0.7250804E-01  0.2000000E-04
 -0.1776554E+00  0.2000000E-04
  0.2468941E+00  0.2000000E-04
 -0.2496194E+00  0.2000000E-04
  0.8765810E-01  0.2000000E-04
 -0.3265966E+00  0.2000000E-04
  0.5605724E+00  0.2000000E-04
  0.3323902E+00  0.2000000E-04
  0.6431842E+00  0.2000000E-04
 -0.3422441E+00  0.2000000E-04
 -0.3090858E+00  0.2000000E-04
 -0.6273111E-01  0.2000000E-04
 -0.1372395E+00  0.2000000E-04
 -0.1323040E+00  0.2000000E-04
  0.3240308E+00  0.2000000E-04
 -0.1644930E+00  0.2000000E-04
 -0.2915353E-01  0.2000000E-04
  0.6527248E+00  0.2000000E-04
 -0.3162977E+00  0.2000000E-04
  0.3247396E-01  0.2000000E-04
 -0.2838117E+00  0.2000000E-04
 -0.8445350E-01  0.2000000E-04
 -0.5150644E-01  0.2000000E-04
 -0.3418323E+00  0.2000000E-04
 -0.3279106E+00  0.2000000E-04
 -0.3303738E+00  0.2000000E-04
 -0.1523119E+00  0.2000000E-04
  0.1221091E+00  0.2000000E-04
  0.4836389E+00  0.2000000E-04
 -0.3285280E+00  0.2000000E-04
 -0.3709588E+00  0.2000000E-04
 -0.2976744E+00  0.2000000E-04
 -0.3531345E+00  0.2000000E-04
  0.6430975E+00  0.2000000E-04
  0.5148439E+00  0.2000000E-04
 -0.3353217E+00  0.2000000E-04
 -0.3038527E+00  0.2000000E-04
 -0.3066072E+00  0.2000000E-04
 -0.1978741E-01  0.2000000E-04
 -0.2696285E+00  0.2000000E-04
 -0.3303594E+00  0.2000000E-04
 -0.3832568E+00  0.2000000E-04
 -0.2911533E+00  0.2000000E-04
 -0.3222228E+00  0.2000000E-04
  0.2960668E+00  0.2000000E-04
  0.6996067E+00  0.2000000E-04
 -0.2175954E+00  0.2000000E-04
 -0.3432769E+00  0.2000000E-04
 -0.2546597E+00  0.2000000E-04
 -0.2871782E+00  0.2000000E-04
 -0.3409965E+00  0.2000000E-04
 -0.2844725E+00  0.2000000E-04
  0.7020349E-01  0.2000000E-04
 -0.3334710E+00  0.2000000E-04
  0.6383406E+00  0.2000000E-04
  0.7145910E+00  0.2000000E-04
  0.6389232E+00  0.2000000E-04
 -0.2865366E+00  0.2000000E-04
 -0.3173561E+00  0.2000000E-04
 -0.1285205E+00  0.2000000E-04
  0.6614418E+00  0.2000000E-04
 -0.3307152E+00  0.2000000E-04
 -0.1915947E+00  0.2000000E-04
  0.3790436E+00  0.2000000E-04
 -0.1230417E+00  0.2000000E-04
 -0.5407022E-01  0.2000000E-04
  0.4762148E+00  0.2000000E-04
 -0.3443654E+00  0.2000000E-04
 -0.2216822E+00  0.2000000E-04
 -0.2754632E+00  0.2000000E-04
 -0.2866189E+00  0.2000000E-04
  0.2378749E-01  0.2000000E-04
 -0.3177069E+00  0.2000000E-04
  0.5387173E+00  0.2000000E-04
 -0.3558125E+00  0.2000000E-04
  0.6583179E+00  0.2000000E-04
 -0.1122490E+00  0.2000000E-04
 -0.2374631E+00  0.2000000E-04
  0.1586708E+00  0.2000000E-04
 -0.2836017E+00  0.2000000E-04
 -0.3087604E+00  0.2000000E-04
 -0.3292791E+00  0.2000000E-04
 -0.3694509E+00  0.2000000E-04
  0.6057308E+00  0.2000000E-04
  0.3250580E+00  0.2000000E-04
 -0.3557713E+00  0.2000000E-04
  0.4650358E+00  0.2000000E-04
  0.6171065E+00  0.2000000E-04
  0.5236227E+00  0.2000000E-04
  0.6470283E+00  0.2000000E-04
 -0.2861738E+00  0.2000000E-04
 -0.2913245E+00  0.2000000E-04
 -0.3759328E+00  0.2000000E-04
 -0.6612881E-01  0.2000000E-04
  0.6787145E+00  0.2000000E-04
 -0.2334895E+00  0.2000000E-04
 -0.3318830E+00  0.2000000E-04
  0.4568611E+00  0.2000000E-04
 -0.1353996E+00  0.2000000E-04
 -0.3697952E+00  0.2000000E-04
  0.3738103E+00  0.2000000E-04
  0.5632429E+00  0.2000000E-04
  0.6397402E+00  0.2000000E-04
 -0.3369611E+00  0.2000000E-04
 -0.2848325E+00  0.2000000E-04
 -0.7234582E-01  0.2000000E-04
 -0.2071402E+00  0.2000000E-04
  0.6819078E+00  0.2000000E-04
  0.2457510E+00  0.2000000E-04
  0.1459343E+00  0.2000000E-04
 -0.1257603E+00  0.2000000E-04
  0.3976176E+00  0.2000000E-04
  0.6456498E+00  0.2000000E-04
  0.6752195E+00  0.2000000E-04
 -0.2015789E+00  0.2000000E-04
 -0.2722790E+00  0.2000000E-04
 -0.3549970E+00  0.2000000E-04
  0.3679096E+00  0.2000000E-04
 -0.2987193E+00  0.2000000E-04
 -0.2919280E+00  0.2000000E-04
  0.1162463E+00  0.2000000E-04
 -0.2022220E+00  0.2000000E-04
  0.6684741E+00  0.2000000E-04
 -0.2795630E+00  0.2000000E-04
 -0.3770397E-01  0.2000000E-04
 -0.3578039E+00  0.2000000E-04
 -0.2940517E+00  0.2000000E-04
 -0.5803628E-01  0.2000000E-04
 -0.3399324E+00  0.2000000E-04
 -0.4791402E-01  0.2000000E-04
  0.4000819E+00  0.2000000E-04
 -0.3318218E+00  0.2000000E-04
 -0.1381922E+00  0.2000000E-04
 -0.3000539E+00  0.2000000E-04
 -0.1959135E+00  0.2000000E-04
 -0.1583057E+00  0.2000000E-04
 -0.4038202E+00  0.2000000E-04
  0.5165792E+00  0.2000000E-04
  0.4973404E+00  0.2000000E-04
 -0.3011300E+00  0.2000000E-04
 -0.2963942E+00  0.2000000E-04
 -0.3528299E+00  0.2000000E-04
 -0.3194385E+00  0.2000000E-04
 -0.3096074E+00  0.2000000E-04
  0.6452907E+00  0.2000000E-04
  0.5481368E+00  0.2000000E-04
 -0.3362326E+00  0.2000000E-04
 -0.1003824E-02  0.2000000E-04
 -0.3607450E+00  0.2000000E-04
  0.5963525E+00  0.2000000E-04
 -0.2848196E+00  0.2000000E-04
 -0.3564346E+00  0.2000000E-04
  0.1998847E+00  0.2000000E-04
  0.9403038E-01  0.2000000E-04
 -0.2410524E+00  0.2000000E-04
 -0.3021658E+00  0.2000000E-04
  0.3053272E+00  0.2000000E-04
 -0.3566207E+00  0.2000000E-04
 -0.3299198E+00  0.2000000E-04
 -0.2864764E+00  0.2000000E-04
  0.5594334E+00  0.2000000E-04
  0.6921582E+00  0.2000000E-04
  0.3649789E+00  0.2000000E-04
 -0.1427575E+00  0.2000000E-04
 -0.3849552E+00  0.2000000E-04
  0.6626596E+00  0.2000000E-04
 -0.2850973E+00  0.2000000E-04
  0.6613888E+00  0.2000000E-04
 -0.3276641E+00  0.2000000E-04
 -0.3270426E+00  0.2000000E-04
 -0.2938044E+00  0.2000000E-04
  0.5809978E+00  0.2000000E-04
 -0.2765918E+00  0.2000000E-04
  0.5675139E-01  0.2000000E-04
 -0.3303326E+00  0.2000000E-04
 -0.3295130E+00  0.2000000E-04
 -0.1288894E+00  0.2000000E-04
 -0.3322016E+00  0.2000000E-04
 -0.2761556E+00  0.2000000E-04
 -0.3906300E+00  0.2000000E-04
 -0.1828526E+00  0.2000000E-04
  0.1430451E+00  0.2000000E-04
  0.4418496E+00  0.2000000E-04
  0.6483941E+00  0.2000000E-04
 -0.2888473E+00  0.2000000E-04
 -0.2672228E+00  0.2000000E-04
  0.6160831E+00  0.2000000E-04
  0.1992007E+00  0.2000000E-04
  0.3129240E+00  0.2000000E-04
  0.2763181E+00  0.2000000E-04
 -0.3488218E+00  0.2000000E-04
  0.3021350E+00  0.2000000E-04
 -0.2554591E+00  0.2000000E-04
 -0.3076111E+00  0.2000000E-04
 -0.3402304E+00  0.2000000E-04
  0.1359671E+00  0.2000000E-04
 -0.3026746E+00  0.2000000E-04
  0.4677883E+00  0.2000000E-04
  0.1224457E+00  0.2000000E-04
  0.6397702E+00  0.2000000E-04
 -0.2964601E+00  0.2000000E-04
  0.6207188E+00  0.2000000E-04
 -0.2529494E-01  0.2000000E-04
 -0.3393371E+00  0.2000000E-04
 -0.3368097E+00  0.2000000E-04
 -0.3027491E+00  0.2000000E-04
 -0.3116765E+00  0.2000000E-04
  0.6584627E+00  0.2000000E-04
 -0.3624529E+00  0.2000000E-04
 -0.3081099E+00  0.2000000E-04
 -0.3062539E+00  0.2000000E-04
 -0.3268855E+00  0.2000000E-04
 -0.3791809E-01  0.2000000E-04
  0.5911406E+00  0.2000000E-04
 -0.3433219E+00  0.2000000E-04
 -0.1788160E+00  0.2000000E-04
  0.5960571E+00  0.2000000E-04
  0.4185772E-01  0.2000000E-04
 -0.1482342E-01  0.2000000E-04
 -0.3345659E+00  0.2000000E-04
 -0.3048899E+00  0.2000000E-04
 -0.3690021E+00  0.2000000E-04
  0.6535767E+00  0.2000000E-04
 -0.2498609E+00  0.2000000E-04
 -0.2078970E+00  0.2000000E-04
  0.3492588E+00  0.2000000E-04
  0.4222085E+00  0.2000000E-04
 -0.2532124E+00  0.2000000E-04
 -0.3250736E+00  0.2000000E-04
 -0.3235149E+00  0.2000000E-04
 -0.2537824E+00  0.2000000E-04
  0.5561317E+00  0.2000000E-04
  0.3767765E+00  0.2000000E-04
 -0.3485067E+00  0.2000000E-04
  0.5661715E+00  0.2000000E-04
 -0.3351737E+00  0.2000000E-04
  0.5151036E+00  0.2000000E-04
  0.5296735E+00  0.2000000E-04
 -0.2518424E+00  0.2000000E-04
 -0.2847653E+00  0.2000000E-04
 -0.3147690E+00  0.2000000E-04
 -0.3068836E-01  0.2000000E-04
 -0.3058510E+00  0.2000000E-04
  0.2529198E+00  0.2000000E-04
  0.5026231E+00  0.2000000E-04
 -0.3281205E+00  0.2000000E-04
  0.6835967E+00  0.2000000E-04
  0.6090113E+00  0.2000000E-04
  0.6851571E+00  0.2000000E-04
 -0.2360076E+00  0.2000000E-04
  0.6727861E+00  0.2000000E-04
  0.1927459E+00  0.2000000E-04
 -0.2430341E+00  0.2000000E-04
 -0.3679613E+00  0.2000000E-04
  0.3521061E+00  0.2000000E-04
 -0.5687391E-02  0.2000000E-04
  0.1059240E+00  0.2000000E-04
  0.8781288E-01  0.2000000E-04
 -0.2949108E+00  0.2000000E-04
  0.6203802E+00  0.2000000E-04
 -0.3188860E+00  0.2000000E-04
 -0.3733438E+00  0.2000000E-04
 -0.2815108E+00  0.2000000E-04
 -0.2146265E+00  0.2000000E-04
  0.7743628E-01  0.2000000E-04
 -0.3492640E+00  0.2000000E-04
 -0.3155595E+00  0.2000000E-04
 -0.1063903E+00  0.2000000E-04
 -0.1679540E+00  0.2000000E-04
  0.2781463E+00  0.2000000E-04
 -0.2551800E+00  0.2000000E-04
 -0.3739675E+00  0.2000000E-04
 -0.3833472E-01  0.2000000E-04
 -0.2963417E+00  0.2000000E-04
 -0.3391125E+00  0.2000000E-04
  0.6499121E+00  0.2000000E-04
  0.5511322E+00  0.2000000E-04
 -0.1078113E+00  0.2000000E-04
  0.5088329E+00  0.2000000E-04
 -0.1666168E+00  0.2000000E-04
  0.5631838E+00  0.2000000E-04
 -0.2725082E+00  0.2000000E-04
  0.2586754E+00  0.2000000E-04
 -0.3049347E+00  0.2000000E-04
  0.5833988E-01  0.2000000E-04
  0.1948921E-01  0.2000000E-04
 -0.2890923E+00  0.2000000E-04
 -0.2669610E+00  0.2000000E-04
  0.3630320E+00  0.2000000E-04
  0.7252479E-01  0.2000000E-04
 -0.1457289E-01  0.2000000E-04
 -0.2812122E+00  0.2000000E-04
  0.4224759E+00  0.2000000E-04
 -0.3148029E+00  0.2000000E-04
 -0.3304906E+00  0.2000000E-04
 -0.3006847E+00  0.2000000E-04
  0.6708343E+00  0.2000000E-04
 -0.2444090E+00  0.2000000E-04
  0.3229029E+00  0.2000000E-04
  0.4840551E+00  0.2000000E-04
 -0.3111026E+00  0.2000000E-04
  0.5280588E+00  0.2000000E-04
  0.3264112E+00  0.2000000E-04
 -0.3071216E+00  0.2000000E-04
 -0.1509808E+00  0.2000000E-04
 -0.2932031E+00  0.2000000E-04
  0.3380994E-01  0.2000000E-04
  0.6666568E+00  0.2000000E-04
  0.1850562E+00  0.2000000E-04
 -0.3167605E+00  0.2000000E-04
  0.7198828E+00  0.2000000E-04
  0.1662122E+00  0.2000000E-04
  0.3038586E+00  0.2000000E-04
 -0.3326349E+00  0.2000000E-04
 -0.3266655E+00  0.2000000E-04
  0.1610421E+00  0.2000000E-04
  0.2327226E+00  0.2000000E-04
 -0.2804881E+00  0.2000000E-04
 -0.3253199E+00  0.2000000E-04
  0.4753819E+00  0.2000000E-04
  0.6021909E+00  0.2000000E-04
 -0.3282003E+00  0.2000000E-04
  0.6552896E+00  0.2000000E-04
  0.6440088E+00  0.2000000E-04
 -0.3238698E+00  0.2000000E-04
 -0.3464225E+00  0.2000000E-04
  0.6811487E+00  0.2000000E-04
 -0.3064778E+00  0.2000000E-04
  0.2285350E+00  0.2000000E-04
  0.5460510E+00  0.2000000E-04
 -0.3213380E+00  0.2000000E-04
 -0.3428856E+00  0.2000000E-04
 -0.3845788E+00  0.2000000E-04
 -0.3209728E+00  0.2000000E-04
 -0.3509222E+00  0.2000000E-04
 -0.1952782E+00  0.2000000E-04
 -0.3350118E+00  0.2000000E-04
 -0.3213003E+00  0.2000000E-04
 -0.1838595E+00  0.2000000E-04
 -0.1583727E+00  0.2000000E-04
 -0.2158013E+00  0.2000000E-04
 -0.1887816E+00  0.2000000E-04
  0.5595744E+00  0.2000000E-04
  0.3101472E+00  0.2000000E-04
 -0.1538075E+00  0.2000000E-04
  0.3954656E+00  0.2000000E-04
 -0.1191223E+00  0.2000000E-04
 -0.3088439E+00  0.2000000E-04
  0.1654700E+00  0.2000000E-04
  0.6300186E+00  0.2000000E-04
  0.6169484E+00  0.2000000E-04
  0.2276091E+00  0.2000000E-04
 -0.3053207E+00  0.2000000E-04
 -0.3378568E+00  0.2000000E-04
 -0.3622671E+00  0.2000000E-04
  0.2787690E+00  0.2000000E-04
 -0.3378336E+00  0.2000000E-04
  0.5151610E+00  0.2000000E-04
  0.7083934E+00  0.2000000E-04
  0.5368100E+00  0.2000000E-04
 -0.3534491E+00  0.2000000E-04
  0.2506697E+00  0.2000000E-04
 -0.1626432E+00  0.2000000E-04
  0.6048678E+00  0.2000000E-04
 -0.2055849E+00  0.2000000E-04
  0.2266113E-01  0.2000000E-04
 -0.3510621E+00  0.2000000E-04
  0.6590920E+00  0.2000000E-04
 -0.3604181E+00  0.2000000E-04
  0.3257502E+00  0.2000000E-04
 -0.3817140E+00  0.2000000E-04
  0.6540465E+00  0.2000000E-04
  0.6530020E+00  0.2000000E-04
 -0.2526511E+00  0.2000000E-04
 -0.2980133E+00  0.2000000E-04
 -0.3364644E+00  0.2000000E-04
 -0.2671053E+00  0.2000000E-04
 -0.3684795E+00  0.2000000E-04
 -0.2656535E+00  0.2000000E-04
 -0.2897647E+00  0.2000000E-04
 -0.2057014E+00  0.2000000E-04
  0.1354144E+00  0.2000000E-04
 -0.2239332E+00  0.2000000E-04
  0.3198391E+00  0.2000000E-04
 -0.3141302E+00  0.2000000E-04
 -0.3673886E+00  0.2000000E-04
 -0.1655722E-01  0.2000000E-04
  0.3146795E+00  0.2000000E-04
 -0.2129162E+00  0.2000000E-04
 -0.2627477E+00  0.2000000E-04
  0.1866242E+00  0.2000000E-04
  0.3104737E+00  0.2000000E-04
 -0.3003295E+00  0.2000000E-04
 -0.2198494E+00  0.2000000E-04
  0.6471996E+00  0.2000000E-04
 -0.3361550E+00  0.2000000E-04
  0.5249563E+00  0.2000000E-04
 -0.2458334E+00  0.2000000E-04
  0.5022518E+00  0.2000000E-04
  0.6352464E+00  0.2000000E-04
  0.1421973E+00  0.2000000E-04
 -0.3463842E+00  0.2000000E-04
 -0.3402723E+00  0.2000000E-04
  0.4954207E+00  0.2000000E-04
 -0.8985942E-01  0.2000000E-04
 -0.2522352E+00  0.2000000E-04
 -0.2916191E+00  0.2000000E-04
  0.1275425E+00  0.2000000E-04
 -0.2457556E+00  0.2000000E-04
 -0.9776075E-01  0.2000000E-04
 -0.2487289E+00  0.2000000E-04
 -0.2979400E+00  0.2000000E-04
  0.6143151E+00  0.2000000E-04
  0.5511855E-01  0.2000000E-04
 -0.3806570E+00  0.2000000E-04
 -0.3129890E+00  0.2000000E-04
 -0.3339633E+00  0.2000000E-04
  0.6468927E+00  0.2000000E-04
  0.1928578E+00  0.2000000E-04
 -0.2392321E+00  0.2000000E-04
 -0.2178061E+00  0.2000000E-04
 -0.2500800E+00  0.2000000E-04
 -0.3619691E+00  0.2000000E-04
  0.5050559E+00  0.2000000E-04
  0.4666604E+00  0.2000000E-04
 -0.3394686E+00  0.2000000E-04
 -0.1306788E+00  0.2000000E-04
 -0.3333302E+00  0.2000000E-04
  0.2156526E+00  0.2000000E-04
 -0.2757116E+00  0.2000000E-04
  0.5712262E+00  0.2000000E-04
  0.1112778E+00  0.2000000E-04
 -0.2945334E+00  0.2000000E-04
 -0.3236040E+00  0.2000000E-04
 -0.3243374E+00  0.2000000E-04
 -0.3270971E+00  0.2000000E-04
  0.6069154E+00  0.2000000E-04
 -0.1720374E+00  0.2000000E-04
 -0.1234102E+00  0.2000000E-04
 -0.2895932E+00  0.2000000E-04
 -0.2985229E+00  0.2000000E-04
 -0.1787136E+00  0.2000000E-04
  0.3732155E+00  0.2000000E-04
  0.6216410E+00  0.2000000E-04
 -0.2953392E+00  0.2000000E-04
 -0.1225702E+00  0.2000000E-04
 -0.2666600E+00  0.2000000E-04
 -0.3181476E+00  0.2000000E-04
 -0.2723744E+00  0.2000000E-04
 -0.9916221E-01  0.2000000E-04
 -0.3337669E+00  0.2000000E-04
 -0.3557826E+00  0.2000000E-04
  0.6699007E+00  0.2000000E-04
  0.6833938E+00  0.2000000E-04
 -0.9878585E-01  0.2000000E-04
  0.3696084E+00  0.2000000E-04
  0.4517215E+00  0.2000000E-04
 -0.1540486E+00  0.2000000E-04
 -0.7208811E-01  0.2000000E-04
 -0.3685887E+00  0.2000000E-04
 -0.2892517E+00  0.2000000E-04
 -0.2925000E+00  0.2000000E-04
 -0.9284312E-01  0.2000000E-04
 -0.2081825E+00  0.2000000E-04
 -0.3148817E+00  0.2000000E-04
  0.6937987E+00  0.2000000E-04
  0.6348737E+00  0.2000000E-04
  0.7037548E+00  0.2000000E-04
 -0.2745550E+00  0.2000000E-04
 -0.3093553E+00  0.2000000E-04
 -0.2910571E+00  0.2000000E-04
  0.4935842E+00  0.2000000E-04
  0.4476655E+00  0.2000000E-04
  0.6286308E+00  0.2000000E-04
  0.1244957E+00  0.2000000E-04
 -0.2228770E+00  0.2000000E-04
  0.5324313E+00  0.2000000E-04
 -0.1333886E+00  0.2000000E-04
 -0.3114139E+00  0.2000000E-04
 -0.3781555E+00  0.2000000E-04
 -0.3245943E+00  0.2000000E-04
  0.5075114E+00  0.2000000E-04
 -0.3233345E+00  0.2000000E-04
  0.6094953E+00  0.2000000E-04
 -0.3496563E+00  0.2000000E-04
  0.7350103E-02  0.2000000E-04
 -0.2404167E+00  0.2000000E-04
 -0.2869771E+00  0.2000000E-04
  0.8209126E-01  0.2000000E-04
 -0.3304460E+00  0.2000000E-04
 -0.3292068E+00  0.2000000E-04
 -0.3211796E+00  0.2000000E-04
 -0.3378497E+00  0.2000000E-04
 -0.2972605E+00  0.2000000E-04
 -0.3278701E+00  0.2000000E-04
 -0.3584934E+00  0.2000000E-04
 -0.3257375E+00  0.2000000E-04
 -0.3106289E+00  0.2000000E-04
  0.1730350E-01  0.2000000E-04
 -0.2897134E+00  0.2000000E-04
  0.2206184E+00  0.2000000E-04
 -0.1224652E+00  0.2000000E-04
  0.6265373E+00  0.2000000E-04
  0.4279404E+00  0.2000000E-04
 -0.1635491E-01  0.2000000E-04
 -0.3023158E+00  0.2000000E-04
  0.5729709E+00  0.2000000E-04
 -0.1983409E+00  0.2000000E-04
 -0.3496971E+00  0.2000000E-04
 -0.3438148E+00  0.2000000E-04
 -0.3085231E+00  0.2000000E-04
 -0.3058693E+00  0.2000000E-04
  0.8467297E-01  0.2000000E-04
 -0.1020137E+00  0.2000000E-04
  0.4740881E+00  0.2000000E-04
 -0.3209198E+00  0.2000000E-04
 -0.3194780E+00  0.2000000E-04
 -0.3504974E+00  0.2000000E-04
 -0.3347745E+00  0.2000000E-04
 -0.7457303E-01  0.2000000E-04
  0.7210019E+00  0.2000000E-04
 -0.1518476E+00  0.2000000E-04
 -0.2882715E+00  0.2000000E-04
 -0.2531627E+00  0.2000000E-04
 -0.3288123E+00  0.2000000E-04
  0.5897443E+00  0.2000000E-04
 -0.3467548E+00  0.2000000E-04
 -0.2721905E+00  0.2000000E-04
  0.3076699E+00  0.2000000E-04
 -0.6663000E-01  0.2000000E-04
  0.3653007E+00  0.2000000E-04
  0.3065120E+00  0.2000000E-04
 -0.3231976E+00  0.2000000E-04
 -0.3939211E+00  0.2000000E-04
 -0.3868636E+00  0.2000000E-04
  0.5249451E+00  0.2000000E-04
  0.6054365E+00  0.2000000E-04
 -0.2793448E+00  0.2000000E-04
 -0.3178283E+00  0.2000000E-04
  0.6799684E+00  0.2000000E-04
  0.6835749E+00  0.2000000E-04
  0.4878159E+00  0.2000000E-04
 -0.3863093E+00  0.2000000E-04
 -0.2004373E+00  0.2000000E-04
  0.5798966E+00  0.2000000E-04
  0.6508968E+00  0.2000000E-04
 -0.2364372E+00  0.2000000E-04
 -0.2754706E+00  0.2000000E-04
  0.6218688E+00  0.2000000E-04
  0.1646038E-01  0.2000000E-04
  0.1462364E+00  0.2000000E-04
 -0.3907329E+00  0.2000000E-04
  0.1054292E+00  0.2000000E-04
 -0.3263448E+00  0.2000000E-04
 -0.3032582E+00  0.2000000E-04
 -0.3698963E+00  0.2000000E-04
  0.3646363E+00  0.2000000E-04
 -0.3583488E+00  0.2000000E-04
  0.3883993E+00  0.2000000E-04
 -0.2795303E+00  0.2000000E-04
 -0.3099382E+00  0.2000000E-04
 -0.3643526E+00  0.2000000E-04
  0.3140405E+00  0.2000000E-04
  0.3485194E+00  0.2000000E-04
 -0.3132640E+00  0.2000000E-04
 -0.2962545E+00  0.2000000E-04
 -0.2528328E+00  0.2000000E-04
 -0.3150263E+00  0.2000000E-04
 -0.3502645E+00  0.2000000E-04
  0.3372887E+00  0.2000000E-04
 -0.2896528E+00  0.2000000E-04
 -0.2846914E+00  0.2000000E-04
  0.6810951E+00  0.2000000E-04
  0.6247991E-01  0.2000000E-04
 -0.2223466E+00  0.2000000E-04
 -0.3333283E+00  0.2000000E-04
  0.6639487E+00  0.2000000E-04
 -0.3279819E+00  0.2000000E-04
 -0.3052029E+00  0.2000000E-04
 -0.2858214E+00  0.2000000E-04
 -0.3375054E+00  0.2000000E-04
 -0.9537128E-01  0.2000000E-04
 -0.2146769E+00  0.2000000E-04
 -0.3545667E+00  0.2000000E-04
 -0.3481252E+00  0.2000000E-04
  0.2012231E+00  0.2000000E-04
 -0.1378854E+00  0.2000000E-04
 -0.3296712E+00  0.2000000E-04
 -0.4119329E+00  0.2000000E-04
 -0.3511565E+00  0.2000000E-04
 -0.2909034E+00  0.2000000E-04
 -0.3464006E+00  0.2000000E-04
 -0.1154314E+00  0.2000000E-04
 -0.3402783E+00  0.2000000E-04
 -0.2217514E+00  0.2000000E-04
  0.6566721E-01  0.2000000E-04
 -0.3446480E+00  0.2000000E-04
  0.5900313E+00  0.2000000E-04
 -0.3377055E+00  0.2000000E-04
  0.4979828E-01  0.2000000E-04
 -0.2250568E+00  0.2000000E-04
 -0.2893103E+00  0.2000000E-04
 -0.2970251E+00  0.2000000E-04
  0.2642024E+00  0.2000000E-04
  0.6626263E-01  0.2000000E-04
  0.5074853E+00  0.2000000E-04
 -0.3208350E+00  0.2000000E-04
 -0.3778205E+00  0.2000000E-04
  0.3779164E+00  0.2000000E-04
 -0.1787614E+00  0.2000000E-04
  0.6168221E-01  0.2000000E-04
  0.6056120E+00  0.2000000E-04
 -0.2354220E-01  0.2000000E-04
 -0.1925238E+00  0.2000000E-04
 -0.2551409E+00  0.2000000E-04
  0.3382680E+00  0.2000000E-04
 -0.3219713E+00  0.2000000E-04
 -0.3071730E+00  0.2000000E-04
 -0.3300897E+00  0.2000000E-04
 -0.3273453E+00  0.2000000E-04
  0.4145434E+00  0.2000000E-04
  0.2223695E+00  0.2000000E-04
  0.6940832E+00  0.2000000E-04
  0.6541309E+00  0.2000000E-04
 -0.3559280E+00  0.2000000E-04
 -0.3592299E+00  0.2000000E-04
 -0.2229015E+00  0.2000000E-04
  0.5185166E+00  0.2000000E-04
  0.6119623E+00  0.2000000E-04
 -0.3049232E+00  0.2000000E-04
 -0.1350083E+00  0.2000000E-04
  0.5691707E-03  0.2000000E-04
 -0.3182268E+00  0.2000000E-04
 -0.8027948E-01  0.2000000E-04
  0.6930099E+00  0.2000000E-04
  0.2241901E+00  0.2000000E-04
 -0.2120522E+00  0.2000000E-04
 -0.3233443E+00  0.2000000E-04
  0.4752890E+00  0.2000000E-04
  0.6161788E+00  0.2000000E-04
 -0.3007069E+00  0.2000000E-04
  0.4867933E-01  0.2000000E-04
 -0.3254499E+00  0.2000000E-04
 -0.3276403E+00  0.2000000E-04
 -0.2777327E+00  0.2000000E-04
  0.6942967E+00  0.2000000E-04
 -0.3191223E+00  0.2000000E-04
 -0.3165238E+00  0.2000000E-04
  0.2680112E+00  0.2000000E-04
 -0.2564712E+00  0.2000000E-04
  0.5996709E+00  0.2000000E-04
 -0.4080261E+00  0.2000000E-04
  0.1780121E+00  0.2000000E-04
 -0.3491269E+00  0.2000000E-04
 -0.3133025E+00  0.2000000E-04
 -0.3401397E+00  0.2000000E-04
  0.1934012E+00  0.2000000E-04
  0.3852792E-01  0.2000000E-04
  0.5916036E+00  0.2000000E-04
 -0.3571139E+00  0.2000000E-04
 -0.2969248E+00  0.2000000E-04
 -0.2293096E-01  0.2000000E-04
  0.4546064E+00  0.2000000E-04
 -0.2992509E+00  0.2000000E-04
 -0.2594173E+00  0.2000000E-04
 -0.2732647E+00  0.2000000E-04
 -0.3559882E+00  0.2000000E-04
  0.1111515E+00  0.2000000E-04
  0.6765271E+00  0.2000000E-04
  0.5930891E+00  0.2000000E-04
  0.6273434E+00  0.2000000E-04
  0.4412130E+00  0.2000000E-04
 -0.2894275E+00  0.2000000E-04
 -0.3781581E+00  0.2000000E-04
 -0.3253965E+00  0.2000000E-04
  0.6325186E+00  0.2000000E-04
 -0.3158647E+00  0.2000000E-04
 -0.3194863E+00  0.2000000E-04
 -0.1742032E+00  0.2000000E-04
 -0.3263106E+00  0.2000000E-04
 -0.3317729E+00  0.2000000E-04
 -0.8391094E-01  0.2000000E-04
 -0.3501279E+00  0.2000000E-04
  0.5647589E-01  0.2000000E-04
  0.3997591E+00  0.2000000E-04
  0.6391362E+00  0.2000000E-04
 -0.3405301E+00  0.2000000E-04
  0.3107356E+00  0.2000000E-04
 -0.3225491E+00  0.2000000E-04
 -0.3587821E+00  0.2000000E-04
  0.6137191E+00  0.2000000E-04
 -0.3209313E+00  0.2000000E-04
 -0.3278143E+00  0.2000000E-04
  0.2921745E+00  0.2000000E-04
  0.5015111E+00  0.2000000E-04
 -0.1350806E-01  0.2000000E-04
  0.5776309E+00  0.2000000E-04
  0.4327026E+00  0.2000000E-04
 -0.1809454E+00  0.2000000E-04
  0.1093671E+00  0.2000000E-04
  0.1971121E-01  0.2000000E-04
 -0.1396643E-02  0.2000000E-04
  0.4281839E+00  0.2000000E-04
 -0.3105777E+00  0.2000000E-04
  0.2770450E+00  0.2000000E-04
 -0.2232859E+00  0.2000000E-04
 -0.3878551E+00  0.2000000E-04
 -0.3149427E+00  0.2000000E-04
 -0.3302910E+00  0.2000000E-04
  0.1221370E+00  0.2000000E-04
  0.4019448E+00  0.2000000E-04
 -0.1961697E+00  0.2000000E-04
  0.6540874E+00  0.2000000E-04
  0.4585187E+00  0.2000000E-04
  0.1030812E+00  0.2000000E-04
  0.6988926E+00  0.2000000E-04
  0.4505442E+00  0.2000000E-04
  0.5451825E+00  0.2000000E-04
 -0.3336811E+00  0.2000000E-04
  0.6254860E+00  0.2000000E-04
  0.5482928E+00  0.2000000E-04
  0.4450096E-01  0.2000000E-04
  0.4928274E+00  0.2000000E-04
 -0.3692397E+00  0.2000000E-04
 -0.3393176E+00  0.2000000E-04
  0.2139888E-01  0.2000000E-04
  0.6418466E+00  0.2000000E-04
 -0.3135779E+00  0.2000000E-04
 -0.3512107E+00  0.2000000E-04
  0.6563903E+00  0.2000000E-04
  0.2281874E-01  0.2000000E-04
 -0.3098993E+00  0.2000000E-04
 -0.3039509E+00  0.2000000E-04
  0.6526677E+00  0.2000000E-04
  0.6936930E+00  0.2000000E-04
  0.4815600E+00  0.2000000E-04
 -0.3018376E+00  0.2000000E-04
  0.4107178E+00  0.2000000E-04
  0.5835724E+00  0.2000000E-04
 -0.3379900E+00  0.2000000E-04
 -0.1831196E+00  0.2000000E-04
  0.5249245E+00  0.2000000E-04
 -0.1394176E+00  0.2000000E-04
  0.6316467E+00  0.2000000E-04
 -0.2242837E+00  0.2000000E-04
  0.7734924E-01  0.2000000E-04
 -0.3713293E+00  0.2000000E-04
  0.4144959E+00  0.2000000E-04
  0.6959936E+00  0.2000000E-04
  0.7050221E-01  0.2000000E-04
 -0.3145225E+00  0.2000000E-04
 -0.3325523E+00  0.2000000E-04
 -0.1749470E+00  0.2000000E-04
 -0.2348401E+00  0.2000000E-04
  0.3144200E+00  0.2000000E-04
  0.2418246E+00  0.2000000E-04
  0.6266438E+00  0.2000000E-04
  0.5693170E+00  0.2000000E-04
 -0.3367646E+00  0.2000000E-04
 -0.3435582E-01  0.2000000E-04
  0.4579498E+00  0.2000000E-04
 -0.3009562E+00  0.2000000E-04
 -0.1442813E+00  0.2000000E-04
