 -0.2165590E+00  0.2000000E-04
  0.2291416E-01  0.2000000E-04
 -0.2197113E+00  0.2000000E-04
 -0.1080445E-01  0.2000000E-04
  0.5247413E-01  0.2000000E-04
 -0.1879055E+00  0.2000000E-04
 -0.1857111E+00  0.2000000E-04
  0.2814542E+00  0.2000000E-04
 -0.2369993E+00  0.2000000E-04
 -0.3470765E-01  0.2000000E-04
  0.4305167E+00  0.2000000E-04
  0.4461083E+00  0.2000000E-04
 -0.3272665E-01  0.2000000E-04
 -0.2335200E+00  0.2000000E-04
 -0.2208502E+00  0.2000000E-04
 -0.2287093E+00  0.2000000E-04
  0.4153881E+00  0.2000000E-04
 -0.6650565E-02  0.2000000E-04
 -0.1727120E+00  0.2000000E-04
 -0.2212139E+00  0.2000000E-04
 -0.1958487E+00  0.2000000E-04
 -0.1867360E+00  0.2000000E-04
  0.3132306E+00  0.2000000E-04
 -0.1948435E+00  0.2000000E-04
  0.4723071E+00  0.2000000E-04
 -0.1537625E+00  0.2000000E-04
 -0.2283277E+00  0.2000000E-04
  0.3319111E+00  0.2000000E-04
  0.4290819E+00  0.2000000E-04
  0.1806603E+00  0.2000000E-04
  0.4281694E+00  0.2000000E-04
 -0.1992600E+00  0.2000000E-04
 -0.2249019E+00  0.2000000E-04
 -0.2043822E+00  0.2000000E-04
 -0.2057883E+00  0.2000000E-04
 -0.1997239E+00  0.2000000E-04
 -0.2005009E-01  0.2000000E-04
 -0.2090194E+00  0.2000000E-04
 -0.2086307E+00  0.2000000E-04
  0.2629506E+00  0.2000000E-04
 -0.1166604E+00  0.2000000E-04
  0.3489614E+00  0.2000000E-04
 -0.1506967E+00  0.2000000E-04
 -0.2249419E+00  0.2000000E-04
 -0.2082310E+00  0.2000000E-04
  0.3608359E+00  0.2000000E-04
 -0.1674415E+00  0.2000000E-04
 -0.1824742E+00  0.2000000E-04
  0.6579562E-01  0.2000000E-04
  0.4143985E+00  0.2000000E-04
 -0.1958402E+00  0.2000000E-04
 -0.2155068E+00  0.2000000E-04
 -0.2213837E+00  0.2000000E-04
  0.1604616E+00  0.2000000E-04
 -0.2667252E+00  0.2000000E-04
  0.1806146E+00  0.2000000E-04
  0.4285543E+00  0.2000000E-04
 -0.2529410E+00  0.2000000E-04
  0.4104226E+00  0.2000000E-04
  0.4230638E+00  0.2000000E-04
 -0.2066496E+00  0.2000000E-04
  0.4306237E+00  0.2000000E-04
  0.1011874E+00  0.2000000E-04
  0.3666950E+00  0.2000000E-04
 -0.2020348E+00  0.2000000E-04
 -0.2360284E+00  0.2000000E-04
 -0.2278095E+00  0.2000000E-04
 -0.5595792E-01  0.2000000E-04
  0.4215050E+00  0.2000000E-04
 -0.1192906E+00  0.2000000E-04
  0.2090719E+00  0.2000000E-04
 -0.2103062E+00  0.2000000E-04
  0.4340450E+00  0.2000000E-04
 -0.2071711E+00  0.2000000E-04
 -0.1220795E+00  0.2000000E-04
 -0.2461197E+00  0.2000000E-04
 -0.2236841E+00  0.2000000E-04
 -0.1955094E+00  0.2000000E-04
 -0.2019891E+00  0.2000000E-04
 -0.1409526E+00  0.2000000E-04
  0.2198286E+00  0.2000000E-04
  0.2566764E-01  0.2000000E-04
  0.3178048E+00  0.2000000E-04
  0.4150158E+00  0.2000000E-04
  0.4744204E-01  0.2000000E-04
 -0.6052479E-02  0.2000000E-04
 -0.5200117E-01  0.2000000E-04
  0.1521558E+00  0.2000000E-04
  0.2765656E+00  0.2000000E-04
 -0.1768122E+00  0.2000000E-04
 -0.2263523E+00  0.2000000E-04
  0.1680774E+00  0.2000000E-04
  0.2006884E+00  0.2000000E-04
 -0.9562983E-01  0.2000000E-04
  0.3205860E+00  0.2000000E-04
 -0.1575027E+00  0.2000000E-04
 -0.2192108E+00  0.2000000E-04
 -0.8605912E-01  0.2000000E-04
 -0.2066055E+00  0.2000000E-04
 -0.1961772E+00  0.2000000E-04
  0.2714004E+00  0.2000000E-04
 -0.1814459E-01  0.2000000E-04
 -0.2025554E+00  0.2000000E-04
  0.1605120E+00  0.2000000E-04
  0.4166120E+00  0.2000000E-04
 -0.1242973E+00  0.2000000E-04
  0.4107508E+00  0.2000000E-04
 -0.2546871E+00  0.2000000E-04
  0.3758959E+00  0.2000000E-04
 -0.1943414E+00  0.2000000E-04
  0.1296823E-01  0.2000000E-04
 -0.2120408E+00  0.2000000E-04
 -0.1246426E+00  0.2000000E-04
 -0.1601596E+00  0.2000000E-04
 -0.1644088E+00  0.2000000E-04
 -0.1804410E+00  0.2000000E-04
 -0.2304161E+00  0.2000000E-04
 -0.1952575E+00  0.2000000E-04
 -0.2162699E+00  0.2000000E-04
 -0.7952071E-01  0.2000000E-04
 -0.2292776E-01  0.2000000E-04
 -0.2862320E-01  0.2000000E-04
 -0.2221913E+00  0.2000000E-04
 -0.2016710E+00  0.2000000E-04
 -0.2146122E+00  0.2000000E-04
 -0.2035401E+00  0.2000000E-04
 -0.1595054E+00  0.2000000E-04
 -0.2310351E+00  0.2000000E-04
  0.2107799E+00  0.2000000E-04
  0.1476069E+00  0.2000000E-04
 -0.2278465E+00  0.2000000E-04
 -0.1710489E+00  0.2000000E-04
 -0.1484654E+00  0.2000000E-04
 -0.2243041E+00  0.2000000E-04
  0.2928432E-01  0.2000000E-04
 -0.2331332E+00  0.2000000E-04
 -0.7192665E-01  0.2000000E-04
 -0.1111974E+00  0.2000000E-04
 -0.2268277E+00  0.2000000E-04
  0.2302204E+00  0.2000000E-04
 -0.1921736E+00  0.2000000E-04
 -0.1198144E+00  0.2000000E-04
 -0.1780753E+00  0.2000000E-04
 -0.1477737E+00  0.2000000E-04
 -0.6579955E-01  0.2000000E-04
 -0.2062044E+00  0.2000000E-04
  0.3539459E+00  0.2000000E-04
 -0.2429757E+00  0.2000000E-04
  0.4221784E+00  0.2000000E-04
 -0.1936167E+00  0.2000000E-04
 -0.1307867E+00  0.2000000E-04
 -0.1902280E+00  0.2000000E-04
  0.4885057E-01  0.2000000E-04
 -0.1618275E+00  0.2000000E-04
 -0.7154139E-01  0.2000000E-04
  0.8707934E-01  0.2000000E-04
 -0.1692586E+00  0.2000000E-04
 -0.1203970E+00  0.2000000E-04
 -0.4061385E-01  0.2000000E-04
 -0.2191697E+00  0.2000000E-04
 -0.2054895E+00  0.2000000E-04
 -0.1989863E+00  0.2000000E-04
  0.8562560E-01  0.2000000E-04
 -0.2177673E+00  0.2000000E-04
 -0.2237195E+00  0.2000000E-04
  0.3226516E+00  0.2000000E-04
  0.9733335E-01  0.2000000E-04
 -0.1765229E+00  0.2000000E-04
 -0.1717068E+00  0.2000000E-04
 -0.1488022E+00  0.2000000E-04
  0.2659614E+00  0.2000000E-04
 -0.1573555E+00  0.2000000E-04
 -0.1020240E+00  0.2000000E-04
 -0.1930631E+00  0.2000000E-04
 -0.1401298E+00  0.2000000E-04
 -0.2378558E+00  0.2000000E-04
 -0.2358578E+00  0.2000000E-04
 -0.1993586E+00  0.2000000E-04
 -0.2344808E+00  0.2000000E-04
 -0.9442579E-01  0.2000000E-04
 -0.2099236E+00  0.2000000E-04
  0.4824269E+00  0.2000000E-04
 -0.2193104E+00  0.2000000E-04
 -0.1809724E+00  0.2000000E-04
 -0.1548318E-01  0.2000000E-04
 -0.2140534E+00  0.2000000E-04
 -0.2256828E+00  0.2000000E-04
 -0.1972364E+00  0.2000000E-04
 -0.2021103E+00  0.2000000E-04
 -0.2363070E+00  0.2000000E-04
  0.3773962E+00  0.2000000E-04
 -0.2442137E+00  0.2000000E-04
 -0.2127471E+00  0.2000000E-04
 -0.2042151E+00  0.2000000E-04
 -0.1647960E+00  0.2000000E-04
 -0.2004645E+00  0.2000000E-04
 -0.2071038E+00  0.2000000E-04
 -0.2100726E+00  0.2000000E-04
 -0.2406720E+00  0.2000000E-04
  0.4156459E+00  0.2000000E-04
 -0.2127793E+00  0.2000000E-04
 -0.5183385E-01  0.2000000E-04
 -0.9473883E-01  0.2000000E-04
  0.2849627E+00  0.2000000E-04
  0.2063592E+00  0.2000000E-04
 -0.2211355E+00  0.2000000E-04
  0.4078532E+00  0.2000000E-04
 -0.1866573E+00  0.2000000E-04
 -0.2055869E+00  0.2000000E-04
  0.1220222E+00  0.2000000E-04
  0.4303859E+00  0.2000000E-04
  0.2334907E+00  0.2000000E-04
 -0.2412640E+00  0.2000000E-04
 -0.1807458E+00  0.2000000E-04
  0.2173140E+00  0.2000000E-04
  0.4361909E+00  0.2000000E-04
 -0.2196371E+00  0.2000000E-04
  0.4496475E+00  0.2000000E-04
 -0.2182227E+00  0.2000000E-04
 -0.2370475E+00  0.2000000E-04
 -0.2487757E+00  0.2000000E-04
 -0.2112917E+00  0.2000000E-04
 -0.2310858E+00  0.2000000E-04
  0.3351927E+00  0.2000000E-04
 -0.1416864E+00  0.2000000E-04
  0.2054590E+00  0.2000000E-04
  0.3390902E+00  0.2000000E-04
 -0.2089269E+00  0.2000000E-04
  0.1594359E+00  0.2000000E-04
  0.3803190E+00  0.2000000E-04
 -0.1958183E+00  0.2000000E-04
 -0.2221698E+00  0.2000000E-04
 -0.2016811E+00  0.2000000E-04
  0.3921391E+00  0.2000000E-04
 -0.2080217E+00  0.2000000E-04
 -0.5522485E-01  0.2000000E-04
  0.3197741E+00  0.2000000E-04
  0.4544224E-01  0.2000000E-04
 -0.1214426E+00  0.2000000E-04
  0.1617759E+00  0.2000000E-04
 -0.1694501E+00  0.2000000E-04
  0.5554889E-01  0.2000000E-04
 -0.2208018E+00  0.2000000E-04
  0.3710317E+00  0.2000000E-04
  0.2188105E+00  0.2000000E-04
  0.4261422E+00  0.2000000E-04
 -0.2312403E+00  0.2000000E-04
 -0.2091202E+00  0.2000000E-04
 -0.4477625E-01  0.2000000E-04
 -0.9448107E-01  0.2000000E-04
 -0.9118856E-01  0.2000000E-04
  0.2132340E+00  0.2000000E-04
 -0.1126619E+00  0.2000000E-04
 -0.2237653E-01  0.2000000E-04
  0.4325069E+00  0.2000000E-04
 -0.2139313E+00  0.2000000E-04
  0.1873538E-01  0.2000000E-04
 -0.1922599E+00  0.2000000E-04
 -0.5926735E-01  0.2000000E-04
 -0.3728822E-01  0.2000000E-04
 -0.2309655E+00  0.2000000E-04
 -0.2216784E+00  0.2000000E-04
 -0.2233216E+00  0.2000000E-04
 -0.1045359E+00  0.2000000E-04
  0.7853132E-01  0.2000000E-04
  0.3197090E+00  0.2000000E-04
 -0.2220903E+00  0.2000000E-04
 -0.2503960E+00  0.2000000E-04
 -0.2015077E+00  0.2000000E-04
 -0.2385053E+00  0.2000000E-04
  0.4260845E+00  0.2000000E-04
  0.3405260E+00  0.2000000E-04
 -0.2266223E+00  0.2000000E-04
 -0.2056293E+00  0.2000000E-04
 -0.2074668E+00  0.2000000E-04
 -0.1612836E-01  0.2000000E-04
 -0.1827981E+00  0.2000000E-04
 -0.2233120E+00  0.2000000E-04
 -0.2586002E+00  0.2000000E-04
 -0.1971575E+00  0.2000000E-04
 -0.2178840E+00  0.2000000E-04
  0.1945792E+00  0.2000000E-04
  0.4637819E+00  0.2000000E-04
 -0.1480868E+00  0.2000000E-04
 -0.2319293E+00  0.2000000E-04
 -0.1728125E+00  0.2000000E-04
 -0.1945057E+00  0.2000000E-04
 -0.2304080E+00  0.2000000E-04
 -0.1927006E+00  0.2000000E-04
  0.4390488E-01  0.2000000E-04
 -0.2253877E+00  0.2000000E-04
  0.4229112E+00  0.2000000E-04
  0.4737780E+00  0.2000000E-04
  0.4232997E+00  0.2000000E-04
 -0.1940777E+00  0.2000000E-04
 -0.2146374E+00  0.2000000E-04
 -0.8866459E-01  0.2000000E-04
  0.4383219E+00  0.2000000E-04
 -0.2235493E+00  0.2000000E-04
 -0.1307416E+00  0.2000000E-04
  0.2499331E+00  0.2000000E-04
 -0.8500973E-01  0.2000000E-04
 -0.3899855E-01  0.2000000E-04
  0.3147564E+00  0.2000000E-04
 -0.2326555E+00  0.2000000E-04
 -0.1508131E+00  0.2000000E-04
 -0.1866906E+00  0.2000000E-04
 -0.1941326E+00  0.2000000E-04
  0.1294061E-01  0.2000000E-04
 -0.2148715E+00  0.2000000E-04
  0.3564520E+00  0.2000000E-04
 -0.2402918E+00  0.2000000E-04
  0.4362381E+00  0.2000000E-04
 -0.7780983E-01  0.2000000E-04
 -0.1613405E+00  0.2000000E-04
  0.1029217E+00  0.2000000E-04
 -0.1921197E+00  0.2000000E-04
 -0.2089032E+00  0.2000000E-04
 -0.2225914E+00  0.2000000E-04
 -0.2493899E+00  0.2000000E-04
  0.4011571E+00  0.2000000E-04
  0.2139192E+00  0.2000000E-04
 -0.2402643E+00  0.2000000E-04
  0.3072988E+00  0.2000000E-04
  0.4087456E+00  0.2000000E-04
  0.3463823E+00  0.2000000E-04
  0.4287068E+00  0.2000000E-04
 -0.1938355E+00  0.2000000E-04
 -0.1972717E+00  0.2000000E-04
 -0.2537142E+00  0.2000000E-04
 -0.4704285E-01  0.2000000E-04
  0.4498448E+00  0.2000000E-04
 -0.1586898E+00  0.2000000E-04
 -0.2243282E+00  0.2000000E-04
  0.3018456E+00  0.2000000E-04
 -0.9325367E-01  0.2000000E-04
 -0.2496196E+00  0.2000000E-04
  0.2464420E+00  0.2000000E-04
  0.3728133E+00  0.2000000E-04
  0.4238448E+00  0.2000000E-04
 -0.2277159E+00  0.2000000E-04
 -0.1929408E+00  0.2000000E-04
 -0.5119026E-01  0.2000000E-04
 -0.1411120E+00  0.2000000E-04
  0.4519750E+00  0.2000000E-04
  0.1610132E+00  0.2000000E-04
  0.9442516E-01  0.2000000E-04
 -0.8682325E-01  0.2000000E-04
  0.2623241E+00  0.2000000E-04
  0.4277872E+00  0.2000000E-04
  0.4475130E+00  0.2000000E-04
 -0.1374021E+00  0.2000000E-04
 -0.1845663E+00  0.2000000E-04
 -0.2397478E+00  0.2000000E-04
  0.2425058E+00  0.2000000E-04
 -0.2022047E+00  0.2000000E-04
 -0.1976744E+00  0.2000000E-04
  0.7462017E-01  0.2000000E-04
 -0.1378311E+00  0.2000000E-04
  0.4430133E+00  0.2000000E-04
 -0.1894256E+00  0.2000000E-04
 -0.2808057E-01  0.2000000E-04
 -0.2416203E+00  0.2000000E-04
 -0.1990910E+00  0.2000000E-04
 -0.4164432E-01  0.2000000E-04
 -0.2296982E+00  0.2000000E-04
 -0.3489173E-01  0.2000000E-04
  0.2639678E+00  0.2000000E-04
 -0.2242876E+00  0.2000000E-04
 -0.9511659E-01  0.2000000E-04
 -0.2030952E+00  0.2000000E-04
 -0.1336227E+00  0.2000000E-04
 -0.1085345E+00  0.2000000E-04
 -0.2723180E+00  0.2000000E-04
  0.3416836E+00  0.2000000E-04
  0.3288494E+00  0.2000000E-04
 -0.2038131E+00  0.2000000E-04
 -0.2006537E+00  0.2000000E-04
 -0.2383022E+00  0.2000000E-04
 -0.2160265E+00  0.2000000E-04
 -0.2094683E+00  0.2000000E-04
  0.4275478E+00  0.2000000E-04
  0.3627358E+00  0.2000000E-04
 -0.2272300E+00  0.2000000E-04
 -0.3597763E-02  0.2000000E-04
 -0.2435822E+00  0.2000000E-04
  0.3949006E+00  0.2000000E-04
 -0.1929322E+00  0.2000000E-04
 -0.2407069E+00  0.2000000E-04
  0.1304156E+00  0.2000000E-04
  0.5979986E-01  0.2000000E-04
 -0.1637350E+00  0.2000000E-04
 -0.2045040E+00  0.2000000E-04
  0.2007567E+00  0.2000000E-04
 -0.2408310E+00  0.2000000E-04
 -0.2230188E+00  0.2000000E-04
 -0.1940375E+00  0.2000000E-04
  0.3702719E+00  0.2000000E-04
  0.4588130E+00  0.2000000E-04
  0.2405506E+00  0.2000000E-04
 -0.9816216E-01  0.2000000E-04
 -0.2597330E+00  0.2000000E-04
  0.4391345E+00  0.2000000E-04
 -0.1931175E+00  0.2000000E-04
  0.4382866E+00  0.2000000E-04
 -0.2215139E+00  0.2000000E-04
 -0.2210994E+00  0.2000000E-04
 -0.1989261E+00  0.2000000E-04
  0.3846577E+00  0.2000000E-04
 -0.1874434E+00  0.2000000E-04
  0.3493094E-01  0.2000000E-04
 -0.2232942E+00  0.2000000E-04
 -0.2227473E+00  0.2000000E-04
 -0.8891066E-01  0.2000000E-04
 -0.2245410E+00  0.2000000E-04
 -0.1871524E+00  0.2000000E-04
 -0.2635187E+00  0.2000000E-04
 -0.1249097E+00  0.2000000E-04
  0.9249776E-01  0.2000000E-04
  0.2918310E+00  0.2000000E-04
  0.4296179E+00  0.2000000E-04
 -0.1956191E+00  0.2000000E-04
 -0.1811933E+00  0.2000000E-04
  0.4080631E+00  0.2000000E-04
  0.1299593E+00  0.2000000E-04
  0.2058245E+00  0.2000000E-04
  0.1814046E+00  0.2000000E-04
 -0.2356283E+00  0.2000000E-04
  0.1986272E+00  0.2000000E-04
 -0.1733458E+00  0.2000000E-04
 -0.2081365E+00  0.2000000E-04
 -0.2298970E+00  0.2000000E-04
  0.8777602E-01  0.2000000E-04
 -0.2048434E+00  0.2000000E-04
  0.3091352E+00  0.2000000E-04
  0.7875585E-01  0.2000000E-04
  0.4238648E+00  0.2000000E-04
 -0.2006976E+00  0.2000000E-04
  0.4111555E+00  0.2000000E-04
 -0.1980245E-01  0.2000000E-04
 -0.2293010E+00  0.2000000E-04
 -0.2276151E+00  0.2000000E-04
 -0.2048930E+00  0.2000000E-04
 -0.2108487E+00  0.2000000E-04
  0.4363346E+00  0.2000000E-04
 -0.2447218E+00  0.2000000E-04
 -0.2084693E+00  0.2000000E-04
 -0.2072312E+00  0.2000000E-04
 -0.2209945E+00  0.2000000E-04
 -0.2822340E-01  0.2000000E-04
  0.3914238E+00  0.2000000E-04
 -0.2319593E+00  0.2000000E-04
 -0.1222170E+00  0.2000000E-04
  0.3947037E+00  0.2000000E-04
  0.2499533E-01  0.2000000E-04
 -0.1281686E-01  0.2000000E-04
 -0.2261182E+00  0.2000000E-04
 -0.2063212E+00  0.2000000E-04
 -0.2490906E+00  0.2000000E-04
  0.4330754E+00  0.2000000E-04
 -0.1696112E+00  0.2000000E-04
 -0.1416169E+00  0.2000000E-04
  0.2300637E+00  0.2000000E-04
  0.2787288E+00  0.2000000E-04
 -0.1718469E+00  0.2000000E-04
 -0.2197858E+00  0.2000000E-04
 -0.2187460E+00  0.2000000E-04
 -0.1722272E+00  0.2000000E-04
  0.3680692E+00  0.2000000E-04
  0.2484208E+00  0.2000000E-04
 -0.2354181E+00  0.2000000E-04
  0.3747668E+00  0.2000000E-04
 -0.2265236E+00  0.2000000E-04
  0.3406993E+00  0.2000000E-04
  0.3504189E+00  0.2000000E-04
 -0.1709331E+00  0.2000000E-04
 -0.1928961E+00  0.2000000E-04
 -0.2129115E+00  0.2000000E-04
 -0.2340042E-01  0.2000000E-04
 -0.2069623E+00  0.2000000E-04
  0.1657955E+00  0.2000000E-04
  0.3323735E+00  0.2000000E-04
 -0.2218185E+00  0.2000000E-04
  0.4531015E+00  0.2000000E-04
  0.4033455E+00  0.2000000E-04
  0.4541424E+00  0.2000000E-04
 -0.1603695E+00  0.2000000E-04
  0.4458899E+00  0.2000000E-04
  0.1256533E+00  0.2000000E-04
 -0.1650570E+00  0.2000000E-04
 -0.2483963E+00  0.2000000E-04
  0.2319632E+00  0.2000000E-04
 -0.6722186E-02  0.2000000E-04
  0.6773413E-01  0.2000000E-04
  0.5565215E-01  0.2000000E-04
 -0.1996641E+00  0.2000000E-04
  0.4109295E+00  0.2000000E-04
 -0.2156581E+00  0.2000000E-04
 -0.2519871E+00  0.2000000E-04
 -0.1907250E+00  0.2000000E-04
 -0.1461062E+00  0.2000000E-04
  0.4872989E-01  0.2000000E-04
 -0.2359233E+00  0.2000000E-04
 -0.2134390E+00  0.2000000E-04
 -0.7390144E-01  0.2000000E-04
 -0.1149708E+00  0.2000000E-04
  0.1826243E+00  0.2000000E-04
 -0.1731596E+00  0.2000000E-04
 -0.2524031E+00  0.2000000E-04
 -0.2850133E-01  0.2000000E-04
 -0.2006188E+00  0.2000000E-04
 -0.2291513E+00  0.2000000E-04
  0.4306306E+00  0.2000000E-04
  0.3647338E+00  0.2000000E-04
 -0.7484939E-01  0.2000000E-04
  0.3365161E+00  0.2000000E-04
 -0.1140787E+00  0.2000000E-04
  0.3727737E+00  0.2000000E-04
 -0.1847193E+00  0.2000000E-04
  0.1696352E+00  0.2000000E-04
 -0.2063510E+00  0.2000000E-04
  0.3599063E-01  0.2000000E-04
  0.1007321E-01  0.2000000E-04
 -0.1957825E+00  0.2000000E-04
 -0.1810187E+00  0.2000000E-04
  0.2392519E+00  0.2000000E-04
  0.4545341E-01  0.2000000E-04
 -0.1264973E-01  0.2000000E-04
 -0.1905257E+00  0.2000000E-04
  0.2789069E+00  0.2000000E-04
 -0.2129342E+00  0.2000000E-04
 -0.2233996E+00  0.2000000E-04
 -0.2035159E+00  0.2000000E-04
  0.4445877E+00  0.2000000E-04
 -0.1659742E+00  0.2000000E-04
  0.2124816E+00  0.2000000E-04
  0.3199866E+00  0.2000000E-04
 -0.2104657E+00  0.2000000E-04
  0.3493419E+00  0.2000000E-04
  0.2148218E+00  0.2000000E-04
 -0.2078100E+00  0.2000000E-04
 -0.1036479E+00  0.2000000E-04
 -0.1985249E+00  0.2000000E-04
  0.1962662E-01  0.2000000E-04
  0.4418009E+00  0.2000000E-04
  0.1205235E+00  0.2000000E-04
 -0.2142402E+00  0.2000000E-04
  0.4773082E+00  0.2000000E-04
  0.1079527E+00  0.2000000E-04
  0.1997771E+00  0.2000000E-04
 -0.2248299E+00  0.2000000E-04
 -0.2208478E+00  0.2000000E-04
  0.1045036E+00  0.2000000E-04
  0.1523219E+00  0.2000000E-04
 -0.1900427E+00  0.2000000E-04
 -0.2199502E+00  0.2000000E-04
  0.3142008E+00  0.2000000E-04
  0.3987955E+00  0.2000000E-04
 -0.2218717E+00  0.2000000E-04
  0.4342178E+00  0.2000000E-04
  0.4266923E+00  0.2000000E-04
 -0.2189827E+00  0.2000000E-04
 -0.2340277E+00  0.2000000E-04
  0.4514686E+00  0.2000000E-04
 -0.2073805E+00  0.2000000E-04
  0.1495283E+00  0.2000000E-04
  0.3613443E+00  0.2000000E-04
 -0.2172937E+00  0.2000000E-04
 -0.2316682E+00  0.2000000E-04
 -0.2594819E+00  0.2000000E-04
 -0.2170502E+00  0.2000000E-04
 -0.2370295E+00  0.2000000E-04
 -0.1331989E+00  0.2000000E-04
 -0.2264157E+00  0.2000000E-04
 -0.2172685E+00  0.2000000E-04
 -0.1255814E+00  0.2000000E-04
 -0.1085791E+00  0.2000000E-04
 -0.1468900E+00  0.2000000E-04
 -0.1288649E+00  0.2000000E-04
  0.3703661E+00  0.2000000E-04
  0.2039721E+00  0.2000000E-04
 -0.1055337E+00  0.2000000E-04
  0.2608883E+00  0.2000000E-04
 -0.8239503E-01  0.2000000E-04
 -0.2089589E+00  0.2000000E-04
  0.1074575E+00  0.2000000E-04
  0.4173593E+00  0.2000000E-04
  0.4086402E+00  0.2000000E-04
  0.1489107E+00  0.2000000E-04
 -0.2066086E+00  0.2000000E-04
 -0.2283136E+00  0.2000000E-04
 -0.2445978E+00  0.2000000E-04
  0.1830398E+00  0.2000000E-04
 -0.2282980E+00  0.2000000E-04
  0.3407376E+00  0.2000000E-04
  0.4696436E+00  0.2000000E-04
  0.3551796E+00  0.2000000E-04
 -0.2387152E+00  0.2000000E-04
  0.1642945E+00  0.2000000E-04
 -0.1114279E+00  0.2000000E-04
  0.4005813E+00  0.2000000E-04
 -0.1400745E+00  0.2000000E-04
  0.1218921E-01  0.2000000E-04
 -0.2371228E+00  0.2000000E-04
  0.4367547E+00  0.2000000E-04
 -0.2433644E+00  0.2000000E-04
  0.2143810E+00  0.2000000E-04
 -0.2575710E+00  0.2000000E-04
  0.4333884E+00  0.2000000E-04
  0.4326917E+00  0.2000000E-04
 -0.1714725E+00  0.2000000E-04
 -0.2017338E+00  0.2000000E-04
 -0.2273847E+00  0.2000000E-04
 -0.1811149E+00  0.2000000E-04
 -0.2487420E+00  0.2000000E-04
 -0.1801465E+00  0.2000000E-04
 -0.1962311E+00  0.2000000E-04
 -0.1401522E+00  0.2000000E-04
  0.8740731E-01  0.2000000E-04
 -0.1523147E+00  0.2000000E-04
  0.2104376E+00  0.2000000E-04
 -0.2124855E+00  0.2000000E-04
 -0.2480142E+00  0.2000000E-04
 -0.1397349E-01  0.2000000E-04
  0.2069956E+00  0.2000000E-04
 -0.1449653E+00  0.2000000E-04
 -0.1782080E+00  0.2000000E-04
  0.1215696E+00  0.2000000E-04
  0.2041899E+00  0.2000000E-04
 -0.2032790E+00  0.2000000E-04
 -0.1495904E+00  0.2000000E-04
  0.4288207E+00  0.2000000E-04
 -0.2271781E+00  0.2000000E-04
  0.3472721E+00  0.2000000E-04
 -0.1669244E+00  0.2000000E-04
  0.3321259E+00  0.2000000E-04
  0.4208468E+00  0.2000000E-04
  0.9193220E-01  0.2000000E-04
 -0.2340021E+00  0.2000000E-04
 -0.2299250E+00  0.2000000E-04
  0.3275687E+00  0.2000000E-04
 -0.6287366E-01  0.2000000E-04
 -0.1711951E+00  0.2000000E-04
 -0.1974682E+00  0.2000000E-04
  0.8215597E-01  0.2000000E-04
 -0.1668725E+00  0.2000000E-04
 -0.6814462E-01  0.2000000E-04
 -0.1688560E+00  0.2000000E-04
 -0.2016848E+00  0.2000000E-04
  0.4068836E+00  0.2000000E-04
  0.3384166E-01  0.2000000E-04
 -0.2568657E+00  0.2000000E-04
 -0.2117241E+00  0.2000000E-04
 -0.2257161E+00  0.2000000E-04
  0.4286164E+00  0.2000000E-04
  0.1257280E+00  0.2000000E-04
 -0.1625206E+00  0.2000000E-04
 -0.1482273E+00  0.2000000E-04
 -0.1697574E+00  0.2000000E-04
 -0.2443990E+00  0.2000000E-04
  0.3339963E+00  0.2000000E-04
  0.3083826E+00  0.2000000E-04
 -0.2293888E+00  0.2000000E-04
 -0.9010435E-01  0.2000000E-04
 -0.2252939E+00  0.2000000E-04
  0.1409345E+00  0.2000000E-04
 -0.1868563E+00  0.2000000E-04
  0.3781388E+00  0.2000000E-04
  0.7130567E-01  0.2000000E-04
 -0.1994124E+00  0.2000000E-04
 -0.2188054E+00  0.2000000E-04
 -0.2192946E+00  0.2000000E-04
 -0.2211356E+00  0.2000000E-04
  0.4019471E+00  0.2000000E-04
 -0.1176949E+00  0.2000000E-04
 -0.8525545E-01  0.2000000E-04
 -0.1961168E+00  0.2000000E-04
 -0.2020738E+00  0.2000000E-04
 -0.1221486E+00  0.2000000E-04
  0.2460452E+00  0.2000000E-04
  0.4117708E+00  0.2000000E-04
 -0.1999499E+00  0.2000000E-04
 -0.8469507E-01  0.2000000E-04
 -0.1808179E+00  0.2000000E-04
 -0.2151655E+00  0.2000000E-04
 -0.1846300E+00  0.2000000E-04
 -0.6907957E-01  0.2000000E-04
 -0.2255851E+00  0.2000000E-04
 -0.2402720E+00  0.2000000E-04
  0.4439649E+00  0.2000000E-04
  0.4529664E+00  0.2000000E-04
 -0.6882848E-01  0.2000000E-04
  0.2436390E+00  0.2000000E-04
  0.2984169E+00  0.2000000E-04
 -0.1056945E+00  0.2000000E-04
 -0.5101832E-01  0.2000000E-04
 -0.2488149E+00  0.2000000E-04
 -0.1958889E+00  0.2000000E-04
 -0.1980558E+00  0.2000000E-04
 -0.6486405E-01  0.2000000E-04
 -0.1418074E+00  0.2000000E-04
 -0.2129868E+00  0.2000000E-04
  0.4599074E+00  0.2000000E-04
  0.4205984E+00  0.2000000E-04
  0.4665494E+00  0.2000000E-04
 -0.1860847E+00  0.2000000E-04
 -0.2093001E+00  0.2000000E-04
 -0.1970933E+00  0.2000000E-04
  0.3263436E+00  0.2000000E-04
  0.2957111E+00  0.2000000E-04
  0.4164336E+00  0.2000000E-04
  0.8012338E-01  0.2000000E-04
 -0.1516101E+00  0.2000000E-04
  0.3522587E+00  0.2000000E-04
 -0.9191205E-01  0.2000000E-04
 -0.2106733E+00  0.2000000E-04
 -0.2551968E+00  0.2000000E-04
 -0.2194660E+00  0.2000000E-04
  0.3356346E+00  0.2000000E-04
 -0.2186257E+00  0.2000000E-04
  0.4036683E+00  0.2000000E-04
 -0.2361849E+00  0.2000000E-04
  0.1975170E-02  0.2000000E-04
 -0.1633109E+00  0.2000000E-04
 -0.1943715E+00  0.2000000E-04
  0.5183524E-01  0.2000000E-04
 -0.2233698E+00  0.2000000E-04
 -0.2225430E+00  0.2000000E-04
 -0.2171880E+00  0.2000000E-04
 -0.2283088E+00  0.2000000E-04
 -0.2012316E+00  0.2000000E-04
 -0.2216514E+00  0.2000000E-04
 -0.2420803E+00  0.2000000E-04
 -0.2202287E+00  0.2000000E-04
 -0.2101496E+00  0.2000000E-04
  0.8615114E-02  0.2000000E-04
 -0.1961969E+00  0.2000000E-04
  0.1442472E+00  0.2000000E-04
 -0.8462509E-01  0.2000000E-04
  0.4150371E+00  0.2000000E-04
  0.2825523E+00  0.2000000E-04
 -0.1383852E-01  0.2000000E-04
 -0.2046040E+00  0.2000000E-04
  0.3793026E+00  0.2000000E-04
 -0.1352420E+00  0.2000000E-04
 -0.2362124E+00  0.2000000E-04
 -0.2322880E+00  0.2000000E-04
 -0.2087449E+00  0.2000000E-04
 -0.2069746E+00  0.2000000E-04
  0.5355750E-01  0.2000000E-04
 -0.7098178E-01  0.2000000E-04
  0.3133377E+00  0.2000000E-04
 -0.2170148E+00  0.2000000E-04
 -0.2160529E+00  0.2000000E-04
 -0.2367461E+00  0.2000000E-04
 -0.2262573E+00  0.2000000E-04
 -0.5267603E-01  0.2000000E-04
  0.4780548E+00  0.2000000E-04
 -0.1042261E+00  0.2000000E-04
 -0.1952350E+00  0.2000000E-04
 -0.1718138E+00  0.2000000E-04
 -0.2222800E+00  0.2000000E-04
  0.3904923E+00  0.2000000E-04
 -0.2342494E+00  0.2000000E-04
 -0.1845073E+00  0.2000000E-04
  0.2023195E+00  0.2000000E-04
 -0.4737722E-01  0.2000000E-04
  0.2407652E+00  0.2000000E-04
  0.2015471E+00  0.2000000E-04
 -0.2185344E+00  0.2000000E-04
 -0.2657143E+00  0.2000000E-04
 -0.2610061E+00  0.2000000E-04
  0.3472645E+00  0.2000000E-04
  0.4009608E+00  0.2000000E-04
 -0.1892800E+00  0.2000000E-04
 -0.2149523E+00  0.2000000E-04
  0.4506810E+00  0.2000000E-04
  0.4530873E+00  0.2000000E-04
  0.3224955E+00  0.2000000E-04
 -0.2606363E+00  0.2000000E-04
 -0.1366405E+00  0.2000000E-04
  0.3839229E+00  0.2000000E-04
  0.4312875E+00  0.2000000E-04
 -0.1606562E+00  0.2000000E-04
 -0.1866956E+00  0.2000000E-04
  0.4119227E+00  0.2000000E-04
  0.8052668E-02  0.2000000E-04
  0.9462674E-01  0.2000000E-04
 -0.2635872E+00  0.2000000E-04
  0.6740406E-01  0.2000000E-04
 -0.2206339E+00  0.2000000E-04
 -0.2052327E+00  0.2000000E-04
 -0.2496873E+00  0.2000000E-04
  0.2403221E+00  0.2000000E-04
 -0.2419838E+00  0.2000000E-04
  0.2561744E+00  0.2000000E-04
 -0.1894038E+00  0.2000000E-04
 -0.2096890E+00  0.2000000E-04
 -0.2459892E+00  0.2000000E-04
  0.2065693E+00  0.2000000E-04
  0.2295703E+00  0.2000000E-04
 -0.2119076E+00  0.2000000E-04
 -0.2005605E+00  0.2000000E-04
 -0.1715938E+00  0.2000000E-04
 -0.2130832E+00  0.2000000E-04
 -0.2365908E+00  0.2000000E-04
  0.2220784E+00  0.2000000E-04
 -0.1961566E+00  0.2000000E-04
 -0.1928468E+00  0.2000000E-04
  0.4514328E+00  0.2000000E-04
  0.3875246E-01  0.2000000E-04
 -0.1512563E+00  0.2000000E-04
 -0.2252926E+00  0.2000000E-04
  0.4399942E+00  0.2000000E-04
 -0.2217260E+00  0.2000000E-04
 -0.2065300E+00  0.2000000E-04
 -0.1936006E+00  0.2000000E-04
 -0.2280792E+00  0.2000000E-04
 -0.6655061E-01  0.2000000E-04
 -0.1461398E+00  0.2000000E-04
 -0.2394609E+00  0.2000000E-04
 -0.2351636E+00  0.2000000E-04
  0.1313085E+00  0.2000000E-04
 -0.9491193E-01  0.2000000E-04
 -0.2228529E+00  0.2000000E-04
 -0.2777300E+00  0.2000000E-04
 -0.2371857E+00  0.2000000E-04
 -0.1969908E+00  0.2000000E-04
 -0.2340132E+00  0.2000000E-04
 -0.7993279E-01  0.2000000E-04
 -0.2299288E+00  0.2000000E-04
 -0.1508592E+00  0.2000000E-04
  0.4087871E-01  0.2000000E-04
 -0.2328441E+00  0.2000000E-04
  0.3906836E+00  0.2000000E-04
 -0.2282126E+00  0.2000000E-04
  0.3029249E-01  0.2000000E-04
 -0.1530643E+00  0.2000000E-04
 -0.1959280E+00  0.2000000E-04
 -0.2010745E+00  0.2000000E-04
  0.1733222E+00  0.2000000E-04
  0.4127590E-01  0.2000000E-04
  0.3356171E+00  0.2000000E-04
 -0.2169583E+00  0.2000000E-04
 -0.2549734E+00  0.2000000E-04
  0.2491813E+00  0.2000000E-04
 -0.1221805E+00  0.2000000E-04
  0.3822029E-01  0.2000000E-04
  0.4010779E+00  0.2000000E-04
 -0.1863318E-01  0.2000000E-04
 -0.1313614E+00  0.2000000E-04
 -0.1731335E+00  0.2000000E-04
  0.2227317E+00  0.2000000E-04
 -0.2177163E+00  0.2000000E-04
 -0.2078442E+00  0.2000000E-04
 -0.2231321E+00  0.2000000E-04
 -0.2213014E+00  0.2000000E-04
  0.2736151E+00  0.2000000E-04
  0.1454153E+00  0.2000000E-04
  0.4600971E+00  0.2000000E-04
  0.4334449E+00  0.2000000E-04
 -0.2403689E+00  0.2000000E-04
 -0.2425717E+00  0.2000000E-04
 -0.1516265E+00  0.2000000E-04
  0.3429762E+00  0.2000000E-04
  0.4053140E+00  0.2000000E-04
 -0.2063434E+00  0.2000000E-04
 -0.9299259E-01  0.2000000E-04
 -0.2548414E-02  0.2000000E-04
 -0.2152182E+00  0.2000000E-04
 -0.5648284E-01  0.2000000E-04
  0.4593813E+00  0.2000000E-04
  0.1466300E+00  0.2000000E-04
 -0.1443889E+00  0.2000000E-04
 -0.2186323E+00  0.2000000E-04
  0.3141389E+00  0.2000000E-04
  0.4081267E+00  0.2000000E-04
 -0.2035307E+00  0.2000000E-04
  0.2954604E-01  0.2000000E-04
 -0.2200368E+00  0.2000000E-04
 -0.2214981E+00  0.2000000E-04
 -0.1882046E+00  0.2000000E-04
  0.4602395E+00  0.2000000E-04
 -0.2158156E+00  0.2000000E-04
 -0.2140821E+00  0.2000000E-04
  0.1758631E+00  0.2000000E-04
 -0.1740209E+00  0.2000000E-04
  0.3971145E+00  0.2000000E-04
 -0.2751237E+00  0.2000000E-04
  0.1158244E+00  0.2000000E-04
 -0.2358320E+00  0.2000000E-04
 -0.2119334E+00  0.2000000E-04
 -0.2298365E+00  0.2000000E-04
  0.1260905E+00  0.2000000E-04
  0.2277399E-01  0.2000000E-04
  0.3917327E+00  0.2000000E-04
 -0.2411601E+00  0.2000000E-04
 -0.2010076E+00  0.2000000E-04
 -0.1822543E-01  0.2000000E-04
  0.3003413E+00  0.2000000E-04
 -0.2025594E+00  0.2000000E-04
 -0.1759864E+00  0.2000000E-04
 -0.1852240E+00  0.2000000E-04
 -0.2404091E+00  0.2000000E-04
  0.7122143E-01  0.2000000E-04
  0.4483852E+00  0.2000000E-04
  0.3927236E+00  0.2000000E-04
  0.4155749E+00  0.2000000E-04
  0.2914066E+00  0.2000000E-04
 -0.1960063E+00  0.2000000E-04
 -0.2551988E+00  0.2000000E-04
 -0.2200012E+00  0.2000000E-04
  0.4190273E+00  0.2000000E-04
 -0.2136425E+00  0.2000000E-04
 -0.2160585E+00  0.2000000E-04
 -0.1191396E+00  0.2000000E-04
 -0.2206111E+00  0.2000000E-04
 -0.2242550E+00  0.2000000E-04
 -0.5890538E-01  0.2000000E-04
 -0.2364996E+00  0.2000000E-04
  0.3474714E-01  0.2000000E-04
  0.2637525E+00  0.2000000E-04
  0.4234419E+00  0.2000000E-04
 -0.2300970E+00  0.2000000E-04
  0.2043647E+00  0.2000000E-04
 -0.2181018E+00  0.2000000E-04
 -0.2422729E+00  0.2000000E-04
  0.4064861E+00  0.2000000E-04
 -0.2170225E+00  0.2000000E-04
 -0.2216142E+00  0.2000000E-04
  0.1919825E+00  0.2000000E-04
  0.3316316E+00  0.2000000E-04
 -0.1193938E-01  0.2000000E-04
  0.3824115E+00  0.2000000E-04
  0.2857293E+00  0.2000000E-04
 -0.1236374E+00  0.2000000E-04
  0.7003103E-01  0.2000000E-04
  0.1022131E-01  0.2000000E-04
 -0.3859814E-02  0.2000000E-04
  0.2827149E+00  0.2000000E-04
 -0.2101156E+00  0.2000000E-04
  0.1818896E+00  0.2000000E-04
 -0.1518829E+00  0.2000000E-04
 -0.2616677E+00  0.2000000E-04
 -0.2130275E+00  0.2000000E-04
 -0.2232664E+00  0.2000000E-04
  0.7854991E-01  0.2000000E-04
  0.2652106E+00  0.2000000E-04
 -0.1337935E+00  0.2000000E-04
  0.4334156E+00  0.2000000E-04
  0.3029513E+00  0.2000000E-04
  0.6583770E-01  0.2000000E-04
  0.4633054E+00  0.2000000E-04
  0.2976315E+00  0.2000000E-04
  0.3607650E+00  0.2000000E-04
 -0.2255281E+00  0.2000000E-04
  0.4143358E+00  0.2000000E-04
  0.3628398E+00  0.2000000E-04
  0.2675862E-01  0.2000000E-04
  0.3258387E+00  0.2000000E-04
 -0.2492492E+00  0.2000000E-04
 -0.2292879E+00  0.2000000E-04
  0.1134716E-01  0.2000000E-04
  0.4252500E+00  0.2000000E-04
 -0.2121169E+00  0.2000000E-04
 -0.2372221E+00  0.2000000E-04
  0.4349523E+00  0.2000000E-04
  0.1229434E-01  0.2000000E-04
 -0.2096630E+00  0.2000000E-04
 -0.2056948E+00  0.2000000E-04
  0.4324685E+00  0.2000000E-04
  0.4598368E+00  0.2000000E-04
  0.3183221E+00  0.2000000E-04
 -0.2042851E+00  0.2000000E-04
  0.2710630E+00  0.2000000E-04
  0.3863750E+00  0.2000000E-04
 -0.2284025E+00  0.2000000E-04
 -0.1250879E+00  0.2000000E-04
  0.3472509E+00  0.2000000E-04
 -0.9593408E-01  0.2000000E-04
  0.4184453E+00  0.2000000E-04
 -0.1525486E+00  0.2000000E-04
  0.4867184E-01  0.2000000E-04
 -0.2506431E+00  0.2000000E-04
  0.2735835E+00  0.2000000E-04
  0.4613716E+00  0.2000000E-04
  0.4410416E-01  0.2000000E-04
 -0.2127470E+00  0.2000000E-04
 -0.2247748E+00  0.2000000E-04
 -0.1196359E+00  0.2000000E-04
 -0.1595908E+00  0.2000000E-04
  0.2068226E+00  0.2000000E-04
  0.1583939E+00  0.2000000E-04
  0.4151079E+00  0.2000000E-04
  0.3768655E+00  0.2000000E-04
 -0.2275849E+00  0.2000000E-04
 -0.2584700E-01  0.2000000E-04
  0.3025719E+00  0.2000000E-04
 -0.2036971E+00  0.2000000E-04
 -0.9917860E-01  0.2000000E-04
