-3.13662353e-01  1.00000000e-03
 6.07200428e-01  1.00000000e-03
-2.88440282e-01  1.00000000e-03
 6.84485939e-01  1.00000000e-03
-3.02544864e-01  1.00000000e-03
 1.33945818e-01  1.00000000e-03
-3.36231669e-01  1.00000000e-03
 6.38552308e-01  1.00000000e-03
 6.49965925e-01  1.00000000e-03
 6.77731226e-01  1.00000000e-03
 6.98893250e-01  1.00000000e-03
-2.88114083e-01  1.00000000e-03
-2.65246384e-01  1.00000000e-03
-3.15286901e-01  1.00000000e-03
-2.86928174e-01  1.00000000e-03
-8.70806637e-02  1.00000000e-03
-3.52141603e-01  1.00000000e-03
 2.48301087e-01  1.00000000e-03
 2.76899133e-02  1.00000000e-03
-3.24576927e-01  1.00000000e-03
-4.80444259e-02  1.00000000e-03
-3.99306305e-01  1.00000000e-03
-2.55090610e-01  1.00000000e-03
-3.11301592e-01  1.00000000e-03
-3.09937355e-01  1.00000000e-03
 5.81949167e-01  1.00000000e-03
-2.79964896e-01  1.00000000e-03
-2.97070726e-01  1.00000000e-03
 2.76244562e-01  1.00000000e-03
-2.58935019e-01  1.00000000e-03
-1.92877637e-01  1.00000000e-03
 6.99400327e-01  1.00000000e-03
 6.77514741e-01  1.00000000e-03
-3.27890583e-01  1.00000000e-03
-1.62689896e-02  1.00000000e-03
 1.05924674e-01  1.00000000e-03
-6.55028271e-04  1.00000000e-03
 5.80010741e-01  1.00000000e-03
 7.58740662e-01  1.00000000e-03
-2.82294113e-01  1.00000000e-03
-3.04855639e-01  1.00000000e-03
-3.42170020e-01  1.00000000e-03
 7.81008494e-02  1.00000000e-03
 1.58982567e-01  1.00000000e-03
 6.90902626e-01  1.00000000e-03
-2.98867870e-01  1.00000000e-03
-3.05575828e-01  1.00000000e-03
-2.59232163e-01  1.00000000e-03
-2.78984583e-01  1.00000000e-03
-2.99274389e-01  1.00000000e-03
-3.54876896e-01  1.00000000e-03
-3.55211593e-01  1.00000000e-03
-3.17870865e-01  1.00000000e-03
 3.66365383e-02  1.00000000e-03
-2.87393062e-01  1.00000000e-03
 3.57871920e-01  1.00000000e-03
-3.04875783e-01  1.00000000e-03
 6.38624425e-02  1.00000000e-03
 6.40574613e-01  1.00000000e-03
 6.62085911e-02  1.00000000e-03
 1.26209106e-01  1.00000000e-03
-3.37065858e-01  1.00000000e-03
-2.87945751e-01  1.00000000e-03
 7.08343260e-01  1.00000000e-03
-3.27481830e-01  1.00000000e-03
-2.61629633e-01  1.00000000e-03
-1.55670900e-01  1.00000000e-03
-3.54635126e-01  1.00000000e-03
-1.93640215e-01  1.00000000e-03
-1.36068957e-01  1.00000000e-03
-1.44718200e-01  1.00000000e-03
-3.11988887e-01  1.00000000e-03
 6.86249527e-01  1.00000000e-03
-3.32764239e-01  1.00000000e-03
-3.25326768e-01  1.00000000e-03
-3.12206910e-02  1.00000000e-03
-2.86320554e-01  1.00000000e-03
-2.68631296e-01  1.00000000e-03
-1.50719416e-01  1.00000000e-03
 4.25233339e-01  1.00000000e-03
-2.76398687e-01  1.00000000e-03
 5.38113635e-02  1.00000000e-03
-3.01768162e-01  1.00000000e-03
-2.51497012e-01  1.00000000e-03
 5.53466544e-01  1.00000000e-03
-2.90903275e-01  1.00000000e-03
-2.26904658e-01  1.00000000e-03
 1.22717767e-01  1.00000000e-03
 3.55471982e-01  1.00000000e-03
-3.69143412e-01  1.00000000e-03
 7.35911720e-01  1.00000000e-03
-2.97450971e-01  1.00000000e-03
-3.19791036e-01  1.00000000e-03
-3.00999932e-01  1.00000000e-03
-3.33720498e-01  1.00000000e-03
 1.60808305e-01  1.00000000e-03
-1.21719203e-01  1.00000000e-03
-2.66999622e-01  1.00000000e-03
 3.11667701e-01  1.00000000e-03
-3.20431554e-01  1.00000000e-03
 4.73241912e-01  1.00000000e-03
-1.56051000e-01  1.00000000e-03
-2.96476012e-01  1.00000000e-03
-2.71597165e-01  1.00000000e-03
-3.59876351e-01  1.00000000e-03
 8.10949774e-02  1.00000000e-03
-3.28333767e-01  1.00000000e-03
-1.63488150e-01  1.00000000e-03
 5.67922777e-02  1.00000000e-03
 5.78520066e-01  1.00000000e-03
-2.61455810e-01  1.00000000e-03
-3.08146744e-01  1.00000000e-03
 3.97585980e-01  1.00000000e-03
 4.45498461e-01  1.00000000e-03
 6.09612241e-01  1.00000000e-03
 7.10619403e-02  1.00000000e-03
 6.62807956e-01  1.00000000e-03
-2.88661351e-01  1.00000000e-03
-2.30223935e-01  1.00000000e-03
-9.77126838e-02  1.00000000e-03
 5.60811707e-01  1.00000000e-03
-1.07847721e-01  1.00000000e-03
 6.60672391e-01  1.00000000e-03
-3.32922488e-01  1.00000000e-03
 6.94804174e-01  1.00000000e-03
-2.68257638e-01  1.00000000e-03
-3.39018735e-01  1.00000000e-03
 6.90384315e-01  1.00000000e-03
 6.31584729e-01  1.00000000e-03
 7.00866688e-01  1.00000000e-03
-1.74955456e-01  1.00000000e-03
 5.91378381e-01  1.00000000e-03
-3.07608693e-01  1.00000000e-03
-1.50018613e-01  1.00000000e-03
 5.49298809e-01  1.00000000e-03
-3.11166977e-01  1.00000000e-03
-2.90896210e-01  1.00000000e-03
-3.66620137e-01  1.00000000e-03
 5.65713113e-01  1.00000000e-03
 4.88163705e-03  1.00000000e-03
 6.64906429e-01  1.00000000e-03
 5.09615140e-01  1.00000000e-03
-1.05782513e-01  1.00000000e-03
-3.30995888e-01  1.00000000e-03
 5.07080153e-01  1.00000000e-03
 6.19463199e-01  1.00000000e-03
-3.03941133e-01  1.00000000e-03
-3.63818201e-01  1.00000000e-03
 5.50049992e-01  1.00000000e-03
 7.69890473e-02  1.00000000e-03
-3.22889317e-01  1.00000000e-03
-3.09494430e-01  1.00000000e-03
 7.18827308e-01  1.00000000e-03
-3.36047468e-01  1.00000000e-03
-3.11351748e-01  1.00000000e-03
 7.02662531e-01  1.00000000e-03
-3.07159834e-01  1.00000000e-03
-2.04208728e-01  1.00000000e-03
 6.49604133e-01  1.00000000e-03
 7.38211380e-01  1.00000000e-03
-3.36308327e-01  1.00000000e-03
 6.21946139e-01  1.00000000e-03
 6.04126664e-01  1.00000000e-03
-4.65934771e-02  1.00000000e-03
-2.93714717e-01  1.00000000e-03
 2.90964912e-01  1.00000000e-03
 5.48984783e-01  1.00000000e-03
-3.41515234e-01  1.00000000e-03
 6.42835371e-02  1.00000000e-03
-2.09115182e-01  1.00000000e-03
 4.84529692e-01  1.00000000e-03
 4.13807038e-01  1.00000000e-03
 5.87111841e-02  1.00000000e-03
 6.72841860e-01  1.00000000e-03
-3.68282279e-01  1.00000000e-03
-3.71806005e-01  1.00000000e-03
-3.24064757e-01  1.00000000e-03
 6.58715505e-01  1.00000000e-03
 2.57829484e-01  1.00000000e-03
-2.85768944e-01  1.00000000e-03
 6.49268436e-01  1.00000000e-03
-1.53504267e-01  1.00000000e-03
-4.64822008e-02  1.00000000e-03
 6.00423314e-01  1.00000000e-03
 6.06759205e-01  1.00000000e-03
 4.46926550e-02  1.00000000e-03
-3.26631027e-01  1.00000000e-03
-3.05946739e-01  1.00000000e-03
 6.86964874e-01  1.00000000e-03
-1.59772218e-01  1.00000000e-03
-3.06240966e-01  1.00000000e-03
-2.77253858e-01  1.00000000e-03
-3.54743801e-01  1.00000000e-03
-1.08684653e-01  1.00000000e-03
-2.78285658e-01  1.00000000e-03
 9.27094679e-02  1.00000000e-03
 6.45209993e-01  1.00000000e-03
 2.86729034e-01  1.00000000e-03
-2.49467697e-01  1.00000000e-03
 1.91959179e-01  1.00000000e-03
-3.58334395e-01  1.00000000e-03
-2.95030094e-01  1.00000000e-03
-1.63346299e-01  1.00000000e-03
-3.20811371e-01  1.00000000e-03
 4.34591765e-01  1.00000000e-03
-2.97047874e-01  1.00000000e-03
 2.26639683e-01  1.00000000e-03
-3.46020685e-01  1.00000000e-03
-2.95263500e-01  1.00000000e-03
-3.05798996e-01  1.00000000e-03
-3.07204138e-01  1.00000000e-03
-2.98627661e-01  1.00000000e-03
-3.30353056e-01  1.00000000e-03
-2.42472786e-01  1.00000000e-03
-2.95298293e-01  1.00000000e-03
-3.09072118e-01  1.00000000e-03
 6.93086498e-01  1.00000000e-03
 1.83354734e-01  1.00000000e-03
-2.52041855e-01  1.00000000e-03
-1.23549381e-01  1.00000000e-03
-3.28232598e-01  1.00000000e-03
-2.89943521e-01  1.00000000e-03
-3.12037014e-01  1.00000000e-03
 4.27285339e-01  1.00000000e-03
-1.02744387e-01  1.00000000e-03
-2.93345578e-01  1.00000000e-03
-2.84337450e-01  1.00000000e-03
-1.78939779e-02  1.00000000e-03
 6.57985585e-01  1.00000000e-03
 2.27229794e-01  1.00000000e-03
-3.51129218e-01  1.00000000e-03
-2.98143757e-01  1.00000000e-03
 6.68039971e-01  1.00000000e-03
-1.97360738e-01  1.00000000e-03
-2.98315386e-01  1.00000000e-03
-3.71634440e-01  1.00000000e-03
-3.71398007e-01  1.00000000e-03
 3.11717123e-01  1.00000000e-03
 4.32767587e-01  1.00000000e-03
 3.40871685e-01  1.00000000e-03
-3.08553363e-01  1.00000000e-03
-1.94256814e-01  1.00000000e-03
-3.44991653e-01  1.00000000e-03
 5.80432403e-01  1.00000000e-03
-2.68412008e-01  1.00000000e-03
-9.56646441e-02  1.00000000e-03
-3.27461912e-01  1.00000000e-03
-3.57182442e-02  1.00000000e-03
 1.38100729e-01  1.00000000e-03
 2.16980295e-01  1.00000000e-03
-3.28087070e-01  1.00000000e-03
-3.31448972e-01  1.00000000e-03
 3.15336935e-01  1.00000000e-03
 4.67534242e-02  1.00000000e-03
-2.23795083e-01  1.00000000e-03
-2.78179819e-01  1.00000000e-03
 5.96896151e-01  1.00000000e-03
-1.47742980e-01  1.00000000e-03
 4.94621644e-01  1.00000000e-03
-2.80977077e-01  1.00000000e-03
-2.96376999e-01  1.00000000e-03
-3.87569058e-01  1.00000000e-03
 6.61626948e-01  1.00000000e-03
 6.82827660e-01  1.00000000e-03
-3.50281931e-01  1.00000000e-03
-1.12945217e-01  1.00000000e-03
 3.75159472e-01  1.00000000e-03
 2.04645966e-01  1.00000000e-03
 6.90860877e-01  1.00000000e-03
 2.72320358e-02  1.00000000e-03
-3.30423447e-01  1.00000000e-03
 3.56848119e-01  1.00000000e-03
-2.59494943e-01  1.00000000e-03
-8.17774054e-02  1.00000000e-03
 6.40188931e-01  1.00000000e-03
 1.97150005e-01  1.00000000e-03
-2.17208679e-01  1.00000000e-03
-7.06844682e-02  1.00000000e-03
-3.05038932e-01  1.00000000e-03
 4.26373478e-01  1.00000000e-03
-3.06365288e-01  1.00000000e-03
-2.53111685e-01  1.00000000e-03
 5.96092889e-01  1.00000000e-03
-3.25663400e-01  1.00000000e-03
-2.16307157e-01  1.00000000e-03
-3.23345318e-01  1.00000000e-03
-1.96305429e-01  1.00000000e-03
-2.51530763e-01  1.00000000e-03
-3.46961154e-01  1.00000000e-03
-9.00583809e-02  1.00000000e-03
-2.88319563e-01  1.00000000e-03
 6.95244119e-02  1.00000000e-03
 7.29836062e-01  1.00000000e-03
-1.56958765e-02  1.00000000e-03
 7.92403237e-02  1.00000000e-03
-2.52463180e-01  1.00000000e-03
 6.45663906e-01  1.00000000e-03
-3.49868289e-01  1.00000000e-03
 2.75723819e-01  1.00000000e-03
-3.19637382e-01  1.00000000e-03
 2.32930672e-01  1.00000000e-03
 7.25863813e-01  1.00000000e-03
 7.08458565e-01  1.00000000e-03
-3.39177663e-01  1.00000000e-03
-4.00755252e-01  1.00000000e-03
 1.75914633e-01  1.00000000e-03
-2.45764912e-01  1.00000000e-03
-3.61551461e-01  1.00000000e-03
-3.17231430e-01  1.00000000e-03
-2.66530951e-01  1.00000000e-03
-3.11378387e-01  1.00000000e-03
 2.73032049e-01  1.00000000e-03
-1.54197458e-01  1.00000000e-03
-3.37104415e-01  1.00000000e-03
 2.92738265e-01  1.00000000e-03
 6.63743440e-01  1.00000000e-03
-2.98423266e-01  1.00000000e-03
 4.46044184e-01  1.00000000e-03
 5.74035121e-01  1.00000000e-03
 6.65648061e-01  1.00000000e-03
 2.99073269e-01  1.00000000e-03
 3.71523494e-01  1.00000000e-03
-1.03462488e-01  1.00000000e-03
 4.76694074e-01  1.00000000e-03
 2.27656753e-03  1.00000000e-03
-6.80327880e-02  1.00000000e-03
 3.83428116e-01  1.00000000e-03
-4.73546184e-02  1.00000000e-03
-3.22528943e-01  1.00000000e-03
-2.87297698e-01  1.00000000e-03
-2.08663466e-02  1.00000000e-03
-2.96571232e-01  1.00000000e-03
-1.17200166e-01  1.00000000e-03
-1.53957303e-01  1.00000000e-03
 6.93847105e-01  1.00000000e-03
 5.18119678e-01  1.00000000e-03
-3.46223728e-01  1.00000000e-03
-3.17047961e-01  1.00000000e-03
-1.32108632e-01  1.00000000e-03
 5.55479315e-01  1.00000000e-03
-1.41702699e-01  1.00000000e-03
-3.36483509e-01  1.00000000e-03
-2.26235071e-01  1.00000000e-03
 5.05222388e-01  1.00000000e-03
 6.13002340e-04  1.00000000e-03
-3.26450291e-01  1.00000000e-03
-1.84052832e-01  1.00000000e-03
-3.10931300e-01  1.00000000e-03
-2.96375724e-01  1.00000000e-03
 4.84984999e-01  1.00000000e-03
-1.55185602e-01  1.00000000e-03
 5.25818679e-01  1.00000000e-03
 5.13581029e-01  1.00000000e-03
 8.61889864e-02  1.00000000e-03
-2.73441489e-01  1.00000000e-03
 6.93069675e-01  1.00000000e-03
 1.05781903e-01  1.00000000e-03
 6.06112061e-01  1.00000000e-03
-2.15528387e-01  1.00000000e-03
 2.32146747e-01  1.00000000e-03
-3.05430769e-01  1.00000000e-03
 1.77491406e-01  1.00000000e-03
-2.93644304e-01  1.00000000e-03
 4.73895350e-01  1.00000000e-03
 5.16008235e-01  1.00000000e-03
 3.92049926e-02  1.00000000e-03
 3.68913954e-01  1.00000000e-03
 4.56445560e-01  1.00000000e-03
-3.45170329e-01  1.00000000e-03
-3.32686355e-01  1.00000000e-03
 2.49072896e-01  1.00000000e-03
 6.21476629e-01  1.00000000e-03
-1.61668738e-01  1.00000000e-03
-2.82132018e-01  1.00000000e-03
 5.34082199e-01  1.00000000e-03
 6.52577171e-01  1.00000000e-03
-3.11359217e-01  1.00000000e-03
-3.53662649e-01  1.00000000e-03
 1.82645719e-01  1.00000000e-03
 5.46916181e-03  1.00000000e-03
-2.91017615e-01  1.00000000e-03
 7.05900702e-01  1.00000000e-03
-2.79445677e-01  1.00000000e-03
-2.20660494e-01  1.00000000e-03
 6.33041302e-01  1.00000000e-03
-3.22358672e-01  1.00000000e-03
-1.16914759e-01  1.00000000e-03
-2.27304378e-01  1.00000000e-03
-3.17849283e-01  1.00000000e-03
-3.16458331e-01  1.00000000e-03
-3.36997413e-01  1.00000000e-03
-9.51856079e-02  1.00000000e-03
-3.19348987e-01  1.00000000e-03
-3.32176371e-01  1.00000000e-03
-2.94508801e-01  1.00000000e-03
-2.80123389e-01  1.00000000e-03
 5.79986531e-01  1.00000000e-03
 1.03813537e-01  1.00000000e-03
 5.74934030e-01  1.00000000e-03
-3.56446587e-01  1.00000000e-03
-3.48853735e-01  1.00000000e-03
-1.78975563e-01  1.00000000e-03
 4.74656854e-02  1.00000000e-03
 6.57417323e-01  1.00000000e-03
-2.93346823e-01  1.00000000e-03
-3.51520120e-01  1.00000000e-03
-1.90891760e-01  1.00000000e-03
 6.43569957e-01  1.00000000e-03
 3.93863943e-01  1.00000000e-03
-3.03631118e-01  1.00000000e-03
 1.30158434e-01  1.00000000e-03
 6.26370145e-01  1.00000000e-03
-3.02708324e-01  1.00000000e-03
-1.63905073e-01  1.00000000e-03
 4.03096688e-01  1.00000000e-03
 5.34014138e-01  1.00000000e-03
-2.99472405e-01  1.00000000e-03
-2.50472946e-01  1.00000000e-03
 3.80336070e-01  1.00000000e-03
 6.98398556e-02  1.00000000e-03
-3.01943735e-01  1.00000000e-03
 3.85487177e-01  1.00000000e-03
-2.39549821e-01  1.00000000e-03
 1.44157944e-01  1.00000000e-03
 4.31432772e-01  1.00000000e-03
-3.36620394e-01  1.00000000e-03
 1.18419891e-01  1.00000000e-03
 1.00976346e-02  1.00000000e-03
-3.73149731e-01  1.00000000e-03
-2.77214895e-01  1.00000000e-03
-2.51280379e-01  1.00000000e-03
-2.47914955e-01  1.00000000e-03
-2.56414906e-01  1.00000000e-03
-3.20429628e-01  1.00000000e-03
-3.49786965e-01  1.00000000e-03
-7.43288045e-02  1.00000000e-03
 3.26596598e-01  1.00000000e-03
-3.16651149e-01  1.00000000e-03
 2.49693973e-01  1.00000000e-03
-3.60516697e-01  1.00000000e-03
 4.81716173e-01  1.00000000e-03
-2.43481276e-01  1.00000000e-03
-3.32562603e-01  1.00000000e-03
-2.62040838e-01  1.00000000e-03
-1.16690087e-01  1.00000000e-03
-2.89505754e-01  1.00000000e-03
-3.34652070e-01  1.00000000e-03
-2.71759919e-01  1.00000000e-03
 6.31122947e-01  1.00000000e-03
 2.60951035e-01  1.00000000e-03
-8.40625147e-02  1.00000000e-03
-3.38528392e-01  1.00000000e-03
 6.52592579e-01  1.00000000e-03
-1.89241427e-01  1.00000000e-03
 1.02084430e-01  1.00000000e-03
-1.91758114e-01  1.00000000e-03
-3.03549885e-01  1.00000000e-03
 6.82777623e-01  1.00000000e-03
-2.02818345e-01  1.00000000e-03
 6.50046717e-01  1.00000000e-03
-2.84623535e-01  1.00000000e-03
-2.74147552e-01  1.00000000e-03
 2.44970237e-01  1.00000000e-03
-3.82921737e-02  1.00000000e-03
-2.52461172e-01  1.00000000e-03
-1.59284215e-01  1.00000000e-03
-1.36679539e-01  1.00000000e-03
 2.02545715e-01  1.00000000e-03
-3.61606667e-01  1.00000000e-03
 6.91235706e-01  1.00000000e-03
-5.79853546e-02  1.00000000e-03
-5.44048481e-02  1.00000000e-03
 5.96422705e-01  1.00000000e-03
 4.60240352e-01  1.00000000e-03
 8.02693734e-02  1.00000000e-03
 5.88456824e-02  1.00000000e-03
-3.39789238e-01  1.00000000e-03
-2.26050710e-01  1.00000000e-03
 6.51675925e-01  1.00000000e-03
-3.06475807e-01  1.00000000e-03
-3.48303677e-01  1.00000000e-03
-3.68851686e-01  1.00000000e-03
-3.42095174e-01  1.00000000e-03
-2.85668137e-01  1.00000000e-03
 5.75593770e-01  1.00000000e-03
-1.85843829e-01  1.00000000e-03
 8.65602432e-02  1.00000000e-03
-1.70950532e-01  1.00000000e-03
 5.85480617e-01  1.00000000e-03
-3.68161198e-01  1.00000000e-03
 2.33317802e-02  1.00000000e-03
-2.50583137e-01  1.00000000e-03
-1.93641931e-01  1.00000000e-03
-3.11082931e-01  1.00000000e-03
-2.14575003e-01  1.00000000e-03
 6.21407580e-01  1.00000000e-03
 5.83337651e-01  1.00000000e-03
 7.10484506e-01  1.00000000e-03
 6.02342053e-01  1.00000000e-03
-3.31216107e-01  1.00000000e-03
 7.09920644e-01  1.00000000e-03
 4.90258952e-01  1.00000000e-03
 4.94196993e-01  1.00000000e-03
 3.16535310e-01  1.00000000e-03
 3.63821002e-01  1.00000000e-03
 5.72400977e-02  1.00000000e-03
-3.51053912e-01  1.00000000e-03
-3.50232632e-01  1.00000000e-03
-2.77657937e-01  1.00000000e-03
 4.05324379e-01  1.00000000e-03
 5.26275437e-01  1.00000000e-03
-3.10544148e-01  1.00000000e-03
-2.56570430e-01  1.00000000e-03
-2.45546010e-01  1.00000000e-03
-2.87422702e-01  1.00000000e-03
-3.62934159e-01  1.00000000e-03
-2.39890808e-01  1.00000000e-03
-3.01462857e-01  1.00000000e-03
-3.22391490e-01  1.00000000e-03
-2.47015153e-01  1.00000000e-03
-3.11428013e-01  1.00000000e-03
 6.91426285e-01  1.00000000e-03
 3.75077375e-01  1.00000000e-03
 9.74117392e-02  1.00000000e-03
-1.80635752e-01  1.00000000e-03
-2.10903332e-01  1.00000000e-03
 5.96151705e-01  1.00000000e-03
 6.74358671e-01  1.00000000e-03
 3.40950153e-01  1.00000000e-03
-3.19093246e-01  1.00000000e-03
-2.48906574e-01  1.00000000e-03
 5.93693015e-01  1.00000000e-03
 3.73421300e-01  1.00000000e-03
 3.44324478e-01  1.00000000e-03
 6.56501770e-01  1.00000000e-03
-3.44275248e-01  1.00000000e-03
 3.26414199e-02  1.00000000e-03
-2.43047835e-01  1.00000000e-03
-3.05649436e-01  1.00000000e-03
-3.45931222e-01  1.00000000e-03
 9.77622854e-02  1.00000000e-03
 2.18473064e-01  1.00000000e-03
-1.89407027e-01  1.00000000e-03
-3.38596699e-01  1.00000000e-03
-3.74496946e-01  1.00000000e-03
-3.42556876e-01  1.00000000e-03
-2.13896299e-01  1.00000000e-03
-2.46440955e-01  1.00000000e-03
-4.03818544e-01  1.00000000e-03
-3.53902729e-01  1.00000000e-03
 5.16675704e-01  1.00000000e-03
-1.36032721e-01  1.00000000e-03
-3.31034157e-01  1.00000000e-03
-8.84433902e-03  1.00000000e-03
-3.05875805e-01  1.00000000e-03
-3.48231428e-01  1.00000000e-03
 4.05009528e-01  1.00000000e-03
 5.78163703e-01  1.00000000e-03
-3.37890528e-01  1.00000000e-03
 6.38490025e-01  1.00000000e-03
 4.38841101e-01  1.00000000e-03
-3.10142380e-01  1.00000000e-03
-3.51421151e-01  1.00000000e-03
-2.83267390e-01  1.00000000e-03
-2.61209355e-01  1.00000000e-03
-3.36062623e-01  1.00000000e-03
 1.77499249e-01  1.00000000e-03
-2.46392436e-01  1.00000000e-03
 6.60020759e-01  1.00000000e-03
-2.84415853e-01  1.00000000e-03
-3.44536849e-01  1.00000000e-03
-3.02708262e-01  1.00000000e-03
-1.12957036e-01  1.00000000e-03
-3.25378508e-01  1.00000000e-03
 6.01272931e-01  1.00000000e-03
-2.58070020e-01  1.00000000e-03
-2.74643873e-02  1.00000000e-03
-3.27252446e-01  1.00000000e-03
-3.57349585e-01  1.00000000e-03
-4.30392260e-02  1.00000000e-03
-3.27098487e-01  1.00000000e-03
-2.84749790e-01  1.00000000e-03
-1.63323743e-01  1.00000000e-03
-3.31328740e-01  1.00000000e-03
-2.25865798e-01  1.00000000e-03
 2.61419756e-01  1.00000000e-03
 6.68622857e-01  1.00000000e-03
 3.91835689e-01  1.00000000e-03
-2.34979268e-01  1.00000000e-03
-2.59356419e-01  1.00000000e-03
 4.64169012e-01  1.00000000e-03
-2.75390543e-01  1.00000000e-03
 4.75525630e-01  1.00000000e-03
 6.25016978e-01  1.00000000e-03
-4.48431582e-05  1.00000000e-03
-3.27424501e-01  1.00000000e-03
-2.62846858e-01  1.00000000e-03
-3.36608242e-01  1.00000000e-03
-3.84508769e-01  1.00000000e-03
-3.72017410e-01  1.00000000e-03
-1.20657879e-02  1.00000000e-03
-2.73208225e-01  1.00000000e-03
-3.27029876e-01  1.00000000e-03
-3.10803152e-01  1.00000000e-03
-3.02267800e-01  1.00000000e-03
-2.94351901e-01  1.00000000e-03
-2.77668360e-01  1.00000000e-03
 2.54649718e-01  1.00000000e-03
-3.10208707e-01  1.00000000e-03
-3.08660562e-01  1.00000000e-03
 7.10395825e-01  1.00000000e-03
 3.34787588e-01  1.00000000e-03
-1.46082671e-01  1.00000000e-03
 6.55231512e-01  1.00000000e-03
-3.21376578e-01  1.00000000e-03
 6.44881427e-01  1.00000000e-03
 7.45509826e-01  1.00000000e-03
-2.89270227e-01  1.00000000e-03
-3.00577820e-01  1.00000000e-03
 7.31301646e-02  1.00000000e-03
-3.55271290e-01  1.00000000e-03
 5.66455594e-01  1.00000000e-03
-3.36857674e-01  1.00000000e-03
 5.43921259e-01  1.00000000e-03
 1.61119111e-01  1.00000000e-03
-2.95560986e-01  1.00000000e-03
 7.02383790e-01  1.00000000e-03
-3.29478932e-01  1.00000000e-03
-6.87084214e-02  1.00000000e-03
-2.48064022e-02  1.00000000e-03
 4.22765181e-01  1.00000000e-03
-3.61224298e-01  1.00000000e-03
-3.48419998e-01  1.00000000e-03
-2.71765418e-01  1.00000000e-03
-2.62604178e-01  1.00000000e-03
-3.53879543e-01  1.00000000e-03
 1.84530026e-02  1.00000000e-03
-2.64235192e-01  1.00000000e-03
-3.00197584e-01  1.00000000e-03
-1.73913709e-02  1.00000000e-03
 6.70661106e-01  1.00000000e-03
-6.79524738e-03  1.00000000e-03
-3.20011021e-01  1.00000000e-03
-2.74024335e-01  1.00000000e-03
 6.96428212e-01  1.00000000e-03
 4.40331431e-01  1.00000000e-03
 8.87595572e-02  1.00000000e-03
-3.32723238e-01  1.00000000e-03
 6.56644937e-01  1.00000000e-03
-1.41294198e-01  1.00000000e-03
 6.07315106e-01  1.00000000e-03
-2.55820559e-01  1.00000000e-03
 7.08044139e-01  1.00000000e-03
-3.44195671e-01  1.00000000e-03
 5.89985340e-01  1.00000000e-03
-3.33965357e-01  1.00000000e-03
-3.20749339e-01  1.00000000e-03
-2.96204119e-01  1.00000000e-03
-3.89163369e-01  1.00000000e-03
-2.57867743e-01  1.00000000e-03
-3.57684103e-01  1.00000000e-03
 4.31049637e-01  1.00000000e-03
 1.03865990e-01  1.00000000e-03
 3.05108781e-01  1.00000000e-03
-3.50989908e-01  1.00000000e-03
 6.97595676e-01  1.00000000e-03
 2.60182527e-01  1.00000000e-03
-6.04552479e-02  1.00000000e-03
 1.59248519e-01  1.00000000e-03
 4.88741054e-01  1.00000000e-03
 6.49572834e-01  1.00000000e-03
-3.51624702e-01  1.00000000e-03
-4.53117204e-02  1.00000000e-03
-2.78062982e-01  1.00000000e-03
-3.14326143e-01  1.00000000e-03
 2.21237658e-01  1.00000000e-03
-3.42265595e-01  1.00000000e-03
-2.17813588e-01  1.00000000e-03
 5.29778717e-01  1.00000000e-03
-1.91997450e-01  1.00000000e-03
-1.33787712e-01  1.00000000e-03
-3.18547952e-01  1.00000000e-03
-2.12861054e-01  1.00000000e-03
 2.19562819e-01  1.00000000e-03
-3.14436083e-01  1.00000000e-03
-2.15306532e-01  1.00000000e-03
 5.96683393e-01  1.00000000e-03
-3.69502681e-01  1.00000000e-03
-3.38977876e-01  1.00000000e-03
-2.90594846e-01  1.00000000e-03
 3.03866553e-01  1.00000000e-03
 4.28686883e-01  1.00000000e-03
 2.02675035e-01  1.00000000e-03
 5.93779327e-01  1.00000000e-03
-2.65986584e-01  1.00000000e-03
-2.89504226e-01  1.00000000e-03
-3.08720246e-01  1.00000000e-03
-1.19610022e-01  1.00000000e-03
-3.67405222e-01  1.00000000e-03
-9.53628552e-02  1.00000000e-03
-3.08859961e-02  1.00000000e-03
 4.62005190e-01  1.00000000e-03
 4.95267950e-01  1.00000000e-03
 6.42718991e-01  1.00000000e-03
-2.98887707e-01  1.00000000e-03
 5.53699015e-02  1.00000000e-03
-3.56830612e-01  1.00000000e-03
-1.88953263e-01  1.00000000e-03
-2.49973764e-01  1.00000000e-03
 8.48313937e-02  1.00000000e-03
 5.07322514e-01  1.00000000e-03
-3.26312883e-01  1.00000000e-03
-2.55559149e-01  1.00000000e-03
-2.86693909e-01  1.00000000e-03
-3.17538665e-02  1.00000000e-03
-3.57581760e-01  1.00000000e-03
-1.27861468e-01  1.00000000e-03
-2.69668173e-01  1.00000000e-03
 4.13588177e-01  1.00000000e-03
-2.69465358e-01  1.00000000e-03
-3.07078088e-01  1.00000000e-03
 4.64071643e-01  1.00000000e-03
 3.64135040e-01  1.00000000e-03
-2.44167222e-01  1.00000000e-03
-2.59542974e-01  1.00000000e-03
-3.63922830e-01  1.00000000e-03
-2.98998543e-01  1.00000000e-03
 7.36938748e-01  1.00000000e-03
 1.74183180e-01  1.00000000e-03
-3.97547794e-02  1.00000000e-03
-1.60537186e-01  1.00000000e-03
-2.68439544e-01  1.00000000e-03
-2.85298931e-01  1.00000000e-03
-2.60369336e-01  1.00000000e-03
-3.17617344e-01  1.00000000e-03
 3.35306318e-01  1.00000000e-03
 6.46609426e-02  1.00000000e-03
-3.40542016e-01  1.00000000e-03
 6.02450459e-01  1.00000000e-03
-2.60616871e-01  1.00000000e-03
-3.12755740e-01  1.00000000e-03
-2.59193063e-01  1.00000000e-03
 6.42035731e-01  1.00000000e-03
 2.13931506e-01  1.00000000e-03
-1.22383807e-01  1.00000000e-03
-3.13072237e-01  1.00000000e-03
-1.48665209e-01  1.00000000e-03
 7.41233280e-01  1.00000000e-03
 7.53608019e-01  1.00000000e-03
 6.41415391e-01  1.00000000e-03
-2.69523966e-01  1.00000000e-03
-1.09016012e-01  1.00000000e-03
 3.66098299e-01  1.00000000e-03
-3.20205581e-01  1.00000000e-03
-2.78601428e-01  1.00000000e-03
-3.16150350e-01  1.00000000e-03
-3.51176509e-01  1.00000000e-03
-2.42837582e-01  1.00000000e-03
-2.96037689e-01  1.00000000e-03
-3.80712985e-01  1.00000000e-03
 7.48992320e-01  1.00000000e-03
-2.83853178e-01  1.00000000e-03
 2.65212387e-01  1.00000000e-03
-3.35165014e-01  1.00000000e-03
 6.53417549e-01  1.00000000e-03
-4.77681641e-02  1.00000000e-03
-3.23982408e-01  1.00000000e-03
-2.99897290e-01  1.00000000e-03
-3.16619764e-01  1.00000000e-03
 5.14955859e-01  1.00000000e-03
 6.00700858e-01  1.00000000e-03
-3.26701634e-01  1.00000000e-03
 9.52210079e-02  1.00000000e-03
-2.73453374e-01  1.00000000e-03
 6.22903606e-01  1.00000000e-03
 6.03813122e-01  1.00000000e-03
 6.72173153e-01  1.00000000e-03
-1.95424746e-01  1.00000000e-03
 6.96947232e-01  1.00000000e-03
 6.74803515e-01  1.00000000e-03
 1.31319315e-01  1.00000000e-03
-1.81585582e-01  1.00000000e-03
 5.25923616e-01  1.00000000e-03
-2.42231623e-01  1.00000000e-03
-3.33212542e-01  1.00000000e-03
-3.15437962e-01  1.00000000e-03
-2.91803411e-02  1.00000000e-03
-1.60196124e-01  1.00000000e-03
-2.43793607e-01  1.00000000e-03
-3.15558496e-01  1.00000000e-03
 5.75527841e-01  1.00000000e-03
 5.04088758e-01  1.00000000e-03
-2.10740126e-01  1.00000000e-03
-2.83734897e-01  1.00000000e-03
 4.07328469e-02  1.00000000e-03
-2.99473273e-01  1.00000000e-03
-2.60564266e-01  1.00000000e-03
-1.37429850e-01  1.00000000e-03
-3.42312007e-01  1.00000000e-03
-3.43033518e-01  1.00000000e-03
-3.32532861e-01  1.00000000e-03
-3.77469089e-01  1.00000000e-03
 6.05115264e-01  1.00000000e-03
 3.61322711e-01  1.00000000e-03
-2.12141007e-01  1.00000000e-03
 1.20816906e-01  1.00000000e-03
-3.03958852e-01  1.00000000e-03
 4.34669763e-02  1.00000000e-03
-2.95234271e-01  1.00000000e-03
-2.84974518e-01  1.00000000e-03
-3.05483512e-01  1.00000000e-03
 6.90441476e-01  1.00000000e-03
-2.25339533e-01  1.00000000e-03
 6.25985513e-01  1.00000000e-03
 5.60600835e-01  1.00000000e-03
-3.03388748e-01  1.00000000e-03
 2.31731748e-01  1.00000000e-03
-3.16858517e-01  1.00000000e-03
-3.41998495e-01  1.00000000e-03
-3.39188610e-01  1.00000000e-03
-2.40314200e-01  1.00000000e-03
-9.38822938e-02  1.00000000e-03
-9.70069487e-02  1.00000000e-03
 6.28162645e-01  1.00000000e-03
 7.57049074e-01  1.00000000e-03
 6.45766068e-01  1.00000000e-03
 2.39726268e-01  1.00000000e-03
 5.31232740e-01  1.00000000e-03
 6.69742928e-01  1.00000000e-03
 5.47729059e-01  1.00000000e-03
-2.57576320e-01  1.00000000e-03
 7.09617230e-01  1.00000000e-03
-3.28202059e-01  1.00000000e-03
 1.67300570e-01  1.00000000e-03
-1.82885085e-01  1.00000000e-03
-3.28434725e-01  1.00000000e-03
 4.98306692e-01  1.00000000e-03
-3.04854703e-01  1.00000000e-03
-3.22689787e-01  1.00000000e-03
-2.78793740e-01  1.00000000e-03
 5.79815372e-01  1.00000000e-03
 3.78179147e-01  1.00000000e-03
-3.65945331e-01  1.00000000e-03
 7.08432607e-01  1.00000000e-03
-3.44978631e-01  1.00000000e-03
 2.86821020e-01  1.00000000e-03
-2.40938178e-01  1.00000000e-03
 6.40645491e-01  1.00000000e-03
-1.17879438e-01  1.00000000e-03
-1.19475074e-01  1.00000000e-03
-3.44452919e-01  1.00000000e-03
-3.00136508e-01  1.00000000e-03
-3.63708708e-01  1.00000000e-03
-9.53068342e-02  1.00000000e-03
-2.90591068e-01  1.00000000e-03
-2.94328140e-01  1.00000000e-03
-2.70696534e-01  1.00000000e-03
-2.55716689e-01  1.00000000e-03
 6.08910541e-01  1.00000000e-03
-2.83686482e-01  1.00000000e-03
-2.88457120e-01  1.00000000e-03
 3.18930878e-01  1.00000000e-03
-3.20344079e-01  1.00000000e-03
 6.02695403e-01  1.00000000e-03
 6.50336155e-01  1.00000000e-03
-3.04920799e-01  1.00000000e-03
-2.80534824e-01  1.00000000e-03
 2.49501852e-01  1.00000000e-03
-3.11675963e-01  1.00000000e-03
-1.90733754e-01  1.00000000e-03
 5.17678485e-01  1.00000000e-03
 5.46823915e-01  1.00000000e-03
-1.16258947e-01  1.00000000e-03
 3.14688691e-01  1.00000000e-03
-1.96423208e-01  1.00000000e-03
-2.72134761e-01  1.00000000e-03
 1.71328923e-03  1.00000000e-03
 5.26039717e-01  1.00000000e-03
 6.28032963e-01  1.00000000e-03
 3.79907907e-01  1.00000000e-03
 6.80211578e-02  1.00000000e-03
-2.98622576e-01  1.00000000e-03
-3.72723786e-02  1.00000000e-03
-3.01156747e-01  1.00000000e-03
 5.78499752e-01  1.00000000e-03
-2.93005474e-01  1.00000000e-03
 5.75927143e-01  1.00000000e-03
-2.96634705e-01  1.00000000e-03
-2.15718743e-01  1.00000000e-03
 9.22896408e-02  1.00000000e-03
 4.61247921e-01  1.00000000e-03
 6.58980642e-01  1.00000000e-03
-2.64056076e-01  1.00000000e-03
 5.79235832e-01  1.00000000e-03
-3.02023679e-01  1.00000000e-03
-3.40562125e-01  1.00000000e-03
-3.46473393e-01  1.00000000e-03
-3.26011076e-01  1.00000000e-03
-3.37522439e-01  1.00000000e-03
 9.46631664e-02  1.00000000e-03
 6.72110821e-01  1.00000000e-03
 6.80462541e-01  1.00000000e-03
 6.19660590e-01  1.00000000e-03
 3.74877920e-01  1.00000000e-03
 3.00303416e-01  1.00000000e-03
 4.00668476e-01  1.00000000e-03
-3.30991431e-01  1.00000000e-03
-8.29944131e-02  1.00000000e-03
-1.84062702e-01  1.00000000e-03
-2.68299203e-01  1.00000000e-03
-3.44524955e-01  1.00000000e-03
 6.35836455e-01  1.00000000e-03
-3.31558147e-01  1.00000000e-03
-3.34114458e-01  1.00000000e-03
-2.84483773e-01  1.00000000e-03
-9.48691725e-02  1.00000000e-03
-3.36060464e-01  1.00000000e-03
-1.49838541e-01  1.00000000e-03
-3.09251219e-01  1.00000000e-03
-4.27812040e-02  1.00000000e-03
 2.80059680e-01  1.00000000e-03
-3.01108310e-01  1.00000000e-03
-3.65879013e-01  1.00000000e-03
-3.43660960e-01  1.00000000e-03
-2.58517633e-01  1.00000000e-03
 3.97961587e-01  1.00000000e-03
-3.26662721e-01  1.00000000e-03
-1.56502782e-01  1.00000000e-03
-3.15358555e-01  1.00000000e-03
 1.34277938e-01  1.00000000e-03
-3.06330173e-01  1.00000000e-03
-3.28044964e-01  1.00000000e-03
-2.89306111e-01  1.00000000e-03
 6.46763136e-01  1.00000000e-03
 3.47788183e-01  1.00000000e-03
-3.37697361e-01  1.00000000e-03
 5.95916672e-01  1.00000000e-03
-3.32613422e-01  1.00000000e-03
 7.47068623e-01  1.00000000e-03
-2.68704565e-01  1.00000000e-03
 2.48425099e-01  1.00000000e-03
-3.35378466e-01  1.00000000e-03
 1.29135326e-01  1.00000000e-03
 1.61747748e-01  1.00000000e-03
 3.00162989e-01  1.00000000e-03
 5.89886711e-01  1.00000000e-03
-3.35446331e-01  1.00000000e-03
-3.40244945e-01  1.00000000e-03
-1.80219047e-01  1.00000000e-03
 6.23966033e-01  1.00000000e-03
 6.61780676e-01  1.00000000e-03
-3.16154540e-01  1.00000000e-03
-2.14514221e-01  1.00000000e-03
 6.97961765e-01  1.00000000e-03
-2.48483392e-01  1.00000000e-03
-2.32791745e-01  1.00000000e-03
-2.73876253e-01  1.00000000e-03
-2.62246042e-01  1.00000000e-03
 3.75456831e-01  1.00000000e-03
 6.88925405e-01  1.00000000e-03
-1.67317928e-01  1.00000000e-03
 6.84397930e-01  1.00000000e-03
-2.93687374e-01  1.00000000e-03
-3.18250127e-01  1.00000000e-03
-3.13006225e-01  1.00000000e-03
-3.01842717e-01  1.00000000e-03
-2.28479246e-01  1.00000000e-03
-6.10375167e-03  1.00000000e-03
 6.29432096e-01  1.00000000e-03
 6.37540674e-01  1.00000000e-03
-3.48329272e-01  1.00000000e-03
 6.08020175e-01  1.00000000e-03
 6.46259781e-01  1.00000000e-03
 7.54912776e-01  1.00000000e-03
 4.62049584e-01  1.00000000e-03
-3.51212986e-01  1.00000000e-03
-3.15230604e-01  1.00000000e-03
-3.69982255e-01  1.00000000e-03
-3.47372157e-01  1.00000000e-03
-3.84991920e-02  1.00000000e-03
 4.79473785e-01  1.00000000e-03
-2.52215855e-01  1.00000000e-03
-3.08092218e-01  1.00000000e-03
 2.35289049e-01  1.00000000e-03
-2.99273072e-01  1.00000000e-03
-3.50974332e-01  1.00000000e-03
 6.55059534e-01  1.00000000e-03
-3.10716600e-01  1.00000000e-03
-1.67418514e-01  1.00000000e-03
-1.42045556e-01  1.00000000e-03
-2.30539661e-01  1.00000000e-03
 6.57987578e-02  1.00000000e-03
-3.14424070e-01  1.00000000e-03
 5.94598293e-01  1.00000000e-03
 5.99381294e-01  1.00000000e-03
-1.55189374e-01  1.00000000e-03
 5.02436381e-02  1.00000000e-03
-2.95295391e-01  1.00000000e-03
-2.24975998e-02  1.00000000e-03
 6.58502101e-01  1.00000000e-03
