-4.23018674e-01  1.00000000e-03
 8.05898331e-01  1.00000000e-03
-3.89359118e-01  1.00000000e-03
 9.09037996e-01  1.00000000e-03
-4.08182076e-01  1.00000000e-03
 1.74326885e-01  1.00000000e-03
-4.53138054e-01  1.00000000e-03
 8.47738288e-01  1.00000000e-03
 8.62970077e-01  1.00000000e-03
 9.00023644e-01  1.00000000e-03
 9.28264953e-01  1.00000000e-03
-3.88923797e-01  1.00000000e-03
-3.58406216e-01  1.00000000e-03
-4.25186679e-01  1.00000000e-03
-3.87341168e-01  1.00000000e-03
-1.20639105e-01  1.00000000e-03
-4.74370303e-01  1.00000000e-03
 3.26937174e-01  1.00000000e-03
 3.25254241e-02  1.00000000e-03
-4.37584476e-01  1.00000000e-03
-6.85441590e-02  1.00000000e-03
-5.37312910e-01  1.00000000e-03
-3.44853052e-01  1.00000000e-03
-4.19868172e-01  1.00000000e-03
-4.18047560e-01  1.00000000e-03
 7.72199820e-01  1.00000000e-03
-3.78048480e-01  1.00000000e-03
-4.00876686e-01  1.00000000e-03
 3.64228519e-01  1.00000000e-03
-3.49983524e-01  1.00000000e-03
-2.61828109e-01  1.00000000e-03
 9.28941662e-01  1.00000000e-03
 8.99734738e-01  1.00000000e-03
-4.42006642e-01  1.00000000e-03
-2.61389551e-02  1.00000000e-03
 1.36931890e-01  1.00000000e-03
-5.30168920e-03  1.00000000e-03
 7.69612937e-01  1.00000000e-03
 1.00813299e+00  1.00000000e-03
-3.81156884e-01  1.00000000e-03
-4.11265869e-01  1.00000000e-03
-4.61062949e-01  1.00000000e-03
 9.98002211e-02  1.00000000e-03
 2.07739123e-01  1.00000000e-03
 9.17601244e-01  1.00000000e-03
-4.03275024e-01  1.00000000e-03
-4.12226982e-01  1.00000000e-03
-3.50380071e-01  1.00000000e-03
-3.76740224e-01  1.00000000e-03
-4.03817535e-01  1.00000000e-03
-4.78020628e-01  1.00000000e-03
-4.78467291e-01  1.00000000e-03
-4.28635050e-01  1.00000000e-03
 4.44649440e-02  1.00000000e-03
-3.87961574e-01  1.00000000e-03
 4.73162500e-01  1.00000000e-03
-4.11292751e-01  1.00000000e-03
 8.07986708e-02  1.00000000e-03
 8.50437109e-01  1.00000000e-03
 8.39296714e-02  1.00000000e-03
 1.64002028e-01  1.00000000e-03
-4.54251302e-01  1.00000000e-03
-3.88699153e-01  1.00000000e-03
 9.40876255e-01  1.00000000e-03
-4.41461150e-01  1.00000000e-03
-3.53579561e-01  1.00000000e-03
-2.12174684e-01  1.00000000e-03
-4.77697980e-01  1.00000000e-03
-2.62845790e-01  1.00000000e-03
-1.86015344e-01  1.00000000e-03
-1.97558001e-01  1.00000000e-03
-4.20785386e-01  1.00000000e-03
 9.11391554e-01  1.00000000e-03
-4.48510673e-01  1.00000000e-03
-4.38585160e-01  1.00000000e-03
-4.60924166e-02  1.00000000e-03
-3.86530283e-01  1.00000000e-03
-3.62923475e-01  1.00000000e-03
-2.05566791e-01  1.00000000e-03
 5.63058187e-01  1.00000000e-03
-3.73289275e-01  1.00000000e-03
 6.73852262e-02  1.00000000e-03
-4.07145545e-01  1.00000000e-03
-3.40057296e-01  1.00000000e-03
 7.34188967e-01  1.00000000e-03
-3.92646051e-01  1.00000000e-03
-3.07238116e-01  1.00000000e-03
 1.59342739e-01  1.00000000e-03
 4.69959716e-01  1.00000000e-03
-4.97059691e-01  1.00000000e-03
 9.77667132e-01  1.00000000e-03
-4.01384133e-01  1.00000000e-03
-4.31197572e-01  1.00000000e-03
-4.06120321e-01  1.00000000e-03
-4.49786826e-01  1.00000000e-03
 2.10175622e-01  1.00000000e-03
-1.66865198e-01  1.00000000e-03
-3.60745961e-01  1.00000000e-03
 4.11501683e-01  1.00000000e-03
-4.32052360e-01  1.00000000e-03
 6.27126964e-01  1.00000000e-03
-2.12681938e-01  1.00000000e-03
-4.00083023e-01  1.00000000e-03
-3.66881510e-01  1.00000000e-03
-4.84692540e-01  1.00000000e-03
 1.03795968e-01  1.00000000e-03
-4.42598084e-01  1.00000000e-03
-2.22607021e-01  1.00000000e-03
 7.13633391e-02  1.00000000e-03
 7.67623590e-01  1.00000000e-03
-3.53347589e-01  1.00000000e-03
-4.15657940e-01  1.00000000e-03
 5.26162017e-01  1.00000000e-03
 5.90102556e-01  1.00000000e-03
 8.09116963e-01  1.00000000e-03
 9.04066009e-02  1.00000000e-03
 8.80108125e-01  1.00000000e-03
-3.89654141e-01  1.00000000e-03
-3.11667783e-01  1.00000000e-03
-1.34827831e-01  1.00000000e-03
 7.43991293e-01  1.00000000e-03
-1.48353320e-01  1.00000000e-03
 8.77258154e-01  1.00000000e-03
-4.48721860e-01  1.00000000e-03
 9.22807968e-01  1.00000000e-03
-3.62424819e-01  1.00000000e-03
-4.56857471e-01  1.00000000e-03
 9.16909543e-01  1.00000000e-03
 8.38439859e-01  1.00000000e-03
 9.30898561e-01  1.00000000e-03
-2.37910460e-01  1.00000000e-03
 7.84783369e-01  1.00000000e-03
-4.14939895e-01  1.00000000e-03
-2.04631549e-01  1.00000000e-03
 7.28627009e-01  1.00000000e-03
-4.19688525e-01  1.00000000e-03
-3.92636622e-01  1.00000000e-03
-4.93692310e-01  1.00000000e-03
 7.50532356e-01  1.00000000e-03
 2.08714473e-03  1.00000000e-03
 8.82908596e-01  1.00000000e-03
 6.75668049e-01  1.00000000e-03
-1.45597243e-01  1.00000000e-03
-4.46150758e-01  1.00000000e-03
 6.72285038e-01  1.00000000e-03
 8.22263340e-01  1.00000000e-03
-4.10045435e-01  1.00000000e-03
-4.89953048e-01  1.00000000e-03
 7.29629484e-01  1.00000000e-03
 9.83164901e-02  1.00000000e-03
-4.35332315e-01  1.00000000e-03
-4.17456464e-01  1.00000000e-03
 9.54867509e-01  1.00000000e-03
-4.52892233e-01  1.00000000e-03
-4.19935107e-01  1.00000000e-03
 9.33295164e-01  1.00000000e-03
-4.14340881e-01  1.00000000e-03
-2.76949765e-01  1.00000000e-03
 8.62487255e-01  1.00000000e-03
 9.80736093e-01  1.00000000e-03
-4.53240356e-01  1.00000000e-03
 8.25576892e-01  1.00000000e-03
 8.01796308e-01  1.00000000e-03
-6.66078274e-02  1.00000000e-03
-3.96397999e-01  1.00000000e-03
 3.83873235e-01  1.00000000e-03
 7.28207933e-01  1.00000000e-03
-4.60189118e-01  1.00000000e-03
 8.13606333e-02  1.00000000e-03
-2.83497565e-01  1.00000000e-03
 6.42190820e-01  1.00000000e-03
 5.47809470e-01  1.00000000e-03
 7.39241731e-02  1.00000000e-03
 8.93498649e-01  1.00000000e-03
-4.95910485e-01  1.00000000e-03
-5.00612995e-01  1.00000000e-03
-4.36900971e-01  1.00000000e-03
 8.74646635e-01  1.00000000e-03
 3.39653085e-01  1.00000000e-03
-3.85794143e-01  1.00000000e-03
 8.62039258e-01  1.00000000e-03
-2.09283251e-01  1.00000000e-03
-6.64593261e-02  1.00000000e-03
 7.96854084e-01  1.00000000e-03
 8.05309507e-01  1.00000000e-03
 5.52160559e-02  1.00000000e-03
-4.40325731e-01  1.00000000e-03
-4.12721972e-01  1.00000000e-03
 9.12346204e-01  1.00000000e-03
-2.17648006e-01  1.00000000e-03
-4.13114626e-01  1.00000000e-03
-3.74430524e-01  1.00000000e-03
-4.77843009e-01  1.00000000e-03
-1.49470229e-01  1.00000000e-03
-3.75807490e-01  1.00000000e-03
 1.19295829e-01  1.00000000e-03
 8.56623153e-01  1.00000000e-03
 3.78220339e-01  1.00000000e-03
-3.37349119e-01  1.00000000e-03
 2.51747330e-01  1.00000000e-03
-4.82634756e-01  1.00000000e-03
-3.98153406e-01  1.00000000e-03
-2.22417718e-01  1.00000000e-03
-4.32559237e-01  1.00000000e-03
 5.75547267e-01  1.00000000e-03
-4.00846190e-01  1.00000000e-03
 2.98029427e-01  1.00000000e-03
-4.66201767e-01  1.00000000e-03
-3.98464893e-01  1.00000000e-03
-4.12524806e-01  1.00000000e-03
-4.14400005e-01  1.00000000e-03
-4.02954458e-01  1.00000000e-03
-4.45292881e-01  1.00000000e-03
-3.28014216e-01  1.00000000e-03
-3.98511325e-01  1.00000000e-03
-4.16892877e-01  1.00000000e-03
 9.20515681e-01  1.00000000e-03
 2.40264459e-01  1.00000000e-03
-3.40784405e-01  1.00000000e-03
-1.69307623e-01  1.00000000e-03
-4.42463071e-01  1.00000000e-03
-3.91365232e-01  1.00000000e-03
-4.20849614e-01  1.00000000e-03
 5.65796638e-01  1.00000000e-03
-1.41542779e-01  1.00000000e-03
-3.95905373e-01  1.00000000e-03
-3.83883774e-01  1.00000000e-03
-2.83075471e-02  1.00000000e-03
 8.73672536e-01  1.00000000e-03
 2.98816947e-01  1.00000000e-03
-4.73019247e-01  1.00000000e-03
-4.02308676e-01  1.00000000e-03
 8.87090394e-01  1.00000000e-03
-2.67810932e-01  1.00000000e-03
-4.02537720e-01  1.00000000e-03
-5.00384037e-01  1.00000000e-03
-5.00068510e-01  1.00000000e-03
 4.11567638e-01  1.00000000e-03
 5.73112852e-01  1.00000000e-03
 4.50475213e-01  1.00000000e-03
-4.16200584e-01  1.00000000e-03
-2.63668659e-01  1.00000000e-03
-4.64828496e-01  1.00000000e-03
 7.70175657e-01  1.00000000e-03
-3.62630829e-01  1.00000000e-03
-1.32094665e-01  1.00000000e-03
-4.41434570e-01  1.00000000e-03
-5.20945265e-02  1.00000000e-03
 1.79871730e-01  1.00000000e-03
 2.85138706e-01  1.00000000e-03
-4.42268860e-01  1.00000000e-03
-4.46755412e-01  1.00000000e-03
 4.16398378e-01  1.00000000e-03
 5.79662098e-02  1.00000000e-03
-3.03088301e-01  1.00000000e-03
-3.75666245e-01  1.00000000e-03
 7.92146987e-01  1.00000000e-03
-2.01594654e-01  1.00000000e-03
 6.55658811e-01  1.00000000e-03
-3.79399263e-01  1.00000000e-03
-3.99950888e-01  1.00000000e-03
-5.21649228e-01  1.00000000e-03
 8.78532037e-01  1.00000000e-03
 9.06824977e-01  1.00000000e-03
-4.71888520e-01  1.00000000e-03
-1.55156071e-01  1.00000000e-03
 4.96233218e-01  1.00000000e-03
 2.68678200e-01  1.00000000e-03
 9.17545529e-01  1.00000000e-03
 3.19143737e-02  1.00000000e-03
-4.45386819e-01  1.00000000e-03
 4.71796209e-01  1.00000000e-03
-3.50730757e-01  1.00000000e-03
-1.13561759e-01  1.00000000e-03
 8.49922406e-01  1.00000000e-03
 2.58674631e-01  1.00000000e-03
-2.94298562e-01  1.00000000e-03
-9.87579254e-02  1.00000000e-03
-4.11510479e-01  1.00000000e-03
 5.64579735e-01  1.00000000e-03
-4.13280538e-01  1.00000000e-03
-3.42212122e-01  1.00000000e-03
 7.91075011e-01  1.00000000e-03
-4.39034405e-01  1.00000000e-03
-2.93095455e-01  1.00000000e-03
-4.35940859e-01  1.00000000e-03
-2.66402594e-01  1.00000000e-03
-3.40102338e-01  1.00000000e-03
-4.67456851e-01  1.00000000e-03
-1.24612951e-01  1.00000000e-03
-3.89198015e-01  1.00000000e-03
 8.83547265e-02  1.00000000e-03
 9.69558996e-01  1.00000000e-03
-2.53741197e-02  1.00000000e-03
 1.01320881e-01  1.00000000e-03
-3.41346675e-01  1.00000000e-03
 8.57228912e-01  1.00000000e-03
-4.71336502e-01  1.00000000e-03
 3.63533572e-01  1.00000000e-03
-4.30992517e-01  1.00000000e-03
 3.06424928e-01  1.00000000e-03
 9.64257920e-01  1.00000000e-03
 9.41030132e-01  1.00000000e-03
-4.57069565e-01  1.00000000e-03
-5.39246571e-01  1.00000000e-03
 2.30335437e-01  1.00000000e-03
-3.32407650e-01  1.00000000e-03
-4.86928020e-01  1.00000000e-03
-4.27781706e-01  1.00000000e-03
-3.60120507e-01  1.00000000e-03
-4.19970658e-01  1.00000000e-03
 3.59941331e-01  1.00000000e-03
-2.10208334e-01  1.00000000e-03
-4.54302758e-01  1.00000000e-03
 3.86239825e-01  1.00000000e-03
 8.81356554e-01  1.00000000e-03
-4.02681688e-01  1.00000000e-03
 5.90830839e-01  1.00000000e-03
 7.61638306e-01  1.00000000e-03
 8.83898323e-01  1.00000000e-03
 3.94694064e-01  1.00000000e-03
 4.91380905e-01  1.00000000e-03
-1.42501104e-01  1.00000000e-03
 6.31733970e-01  1.00000000e-03
-1.38939302e-03  1.00000000e-03
-9.52191844e-02  1.00000000e-03
 5.07267955e-01  1.00000000e-03
-6.76235916e-02  1.00000000e-03
-4.34851385e-01  1.00000000e-03
-3.87834307e-01  1.00000000e-03
-3.22742559e-02  1.00000000e-03
-4.00210097e-01  1.00000000e-03
-1.60834418e-01  1.00000000e-03
-2.09887841e-01  1.00000000e-03
 9.21530733e-01  1.00000000e-03
 6.87017592e-01  1.00000000e-03
-4.66472735e-01  1.00000000e-03
-4.27536862e-01  1.00000000e-03
-1.80730182e-01  1.00000000e-03
 7.36875066e-01  1.00000000e-03
-1.93533731e-01  1.00000000e-03
-4.53474141e-01  1.00000000e-03
-3.06344533e-01  1.00000000e-03
 6.69805799e-01  1.00000000e-03
-3.60946706e-03  1.00000000e-03
-4.40084533e-01  1.00000000e-03
-2.50051161e-01  1.00000000e-03
-4.19374007e-01  1.00000000e-03
-3.99949187e-01  1.00000000e-03
 6.42798441e-01  1.00000000e-03
-2.11527040e-01  1.00000000e-03
 6.97292123e-01  1.00000000e-03
 6.80960638e-01  1.00000000e-03
 1.10594065e-01  1.00000000e-03
-3.69342812e-01  1.00000000e-03
 9.20493231e-01  1.00000000e-03
 1.36741358e-01  1.00000000e-03
 8.04445875e-01  1.00000000e-03
-2.92056166e-01  1.00000000e-03
 3.05378758e-01  1.00000000e-03
-4.12033395e-01  1.00000000e-03
 2.32439685e-01  1.00000000e-03
-3.96304031e-01  1.00000000e-03
 6.27998996e-01  1.00000000e-03
 6.84199812e-01  1.00000000e-03
 4.78926178e-02  1.00000000e-03
 4.87898401e-01  1.00000000e-03
 6.04711765e-01  1.00000000e-03
-4.65066945e-01  1.00000000e-03
-4.48406733e-01  1.00000000e-03
 3.27967175e-01  1.00000000e-03
 8.24950319e-01  1.00000000e-03
-2.20178965e-01  1.00000000e-03
-3.80940565e-01  1.00000000e-03
 7.08320021e-01  1.00000000e-03
 8.66454857e-01  1.00000000e-03
-4.19945074e-01  1.00000000e-03
-4.76400182e-01  1.00000000e-03
 2.39318258e-01  1.00000000e-03
 2.87121288e-03  1.00000000e-03
-3.92798641e-01  1.00000000e-03
 9.37616593e-01  1.00000000e-03
-3.77355568e-01  1.00000000e-03
-2.98905105e-01  1.00000000e-03
 8.40383696e-01  1.00000000e-03
-4.34624153e-01  1.00000000e-03
-1.60453534e-01  1.00000000e-03
-3.07771553e-01  1.00000000e-03
-4.28606249e-01  1.00000000e-03
-4.26749983e-01  1.00000000e-03
-4.54159961e-01  1.00000000e-03
-1.31455378e-01  1.00000000e-03
-4.30607645e-01  1.00000000e-03
-4.47726146e-01  1.00000000e-03
-3.97457725e-01  1.00000000e-03
-3.78259992e-01  1.00000000e-03
 7.69580628e-01  1.00000000e-03
 1.34114518e-01  1.00000000e-03
 7.62837926e-01  1.00000000e-03
-4.80115425e-01  1.00000000e-03
-4.69982552e-01  1.00000000e-03
-2.43275405e-01  1.00000000e-03
 5.89167422e-02  1.00000000e-03
 8.72914175e-01  1.00000000e-03
-3.95907034e-01  1.00000000e-03
-4.73540917e-01  1.00000000e-03
-2.59177901e-01  1.00000000e-03
 8.54434479e-01  1.00000000e-03
 5.21194855e-01  1.00000000e-03
-4.09631711e-01  1.00000000e-03
 1.69272516e-01  1.00000000e-03
 8.31480852e-01  1.00000000e-03
-4.08400217e-01  1.00000000e-03
-2.23163416e-01  1.00000000e-03
 5.33516211e-01  1.00000000e-03
 7.08229191e-01  1.00000000e-03
-4.04081794e-01  1.00000000e-03
-3.38690652e-01  1.00000000e-03
 5.03141533e-01  1.00000000e-03
 8.87756949e-02  1.00000000e-03
-4.07379852e-01  1.00000000e-03
 5.10015829e-01  1.00000000e-03
-3.24113438e-01  1.00000000e-03
 1.87955252e-01  1.00000000e-03
 5.71331503e-01  1.00000000e-03
-4.53656818e-01  1.00000000e-03
 1.53607104e-01  1.00000000e-03
 9.04803863e-03  1.00000000e-03
-5.02406235e-01  1.00000000e-03
-3.74378526e-01  1.00000000e-03
-3.39768193e-01  1.00000000e-03
-3.35276942e-01  1.00000000e-03
-3.46620362e-01  1.00000000e-03
-4.32049791e-01  1.00000000e-03
-4.71227973e-01  1.00000000e-03
-1.03621394e-01  1.00000000e-03
 4.31424712e-01  1.00000000e-03
-4.27007305e-01  1.00000000e-03
 3.28796019e-01  1.00000000e-03
-4.85547100e-01  1.00000000e-03
 6.38436101e-01  1.00000000e-03
-3.29360073e-01  1.00000000e-03
-4.48241583e-01  1.00000000e-03
-3.54128325e-01  1.00000000e-03
-1.60153704e-01  1.00000000e-03
-3.90781020e-01  1.00000000e-03
-4.51030035e-01  1.00000000e-03
-3.67098709e-01  1.00000000e-03
 8.37823598e-01  1.00000000e-03
 3.43818882e-01  1.00000000e-03
-1.16611301e-01  1.00000000e-03
-4.56203095e-01  1.00000000e-03
 8.66475420e-01  1.00000000e-03
-2.56975486e-01  1.00000000e-03
 1.31806977e-01  1.00000000e-03
-2.60334075e-01  1.00000000e-03
-4.09523304e-01  1.00000000e-03
 9.06758200e-01  1.00000000e-03
-2.75094261e-01  1.00000000e-03
 8.63077896e-01  1.00000000e-03
-3.84265563e-01  1.00000000e-03
-3.70285072e-01  1.00000000e-03
 3.22492062e-01  1.00000000e-03
-5.55295071e-02  1.00000000e-03
-3.41343994e-01  1.00000000e-03
-2.16996752e-01  1.00000000e-03
-1.86830183e-01  1.00000000e-03
 2.65875357e-01  1.00000000e-03
-4.87001694e-01  1.00000000e-03
 9.18045748e-01  1.00000000e-03
-8.18106049e-02  1.00000000e-03
-7.70323194e-02  1.00000000e-03
 7.91515160e-01  1.00000000e-03
 6.09776020e-01  1.00000000e-03
 1.02694177e-01  1.00000000e-03
 7.41036648e-02  1.00000000e-03
-4.57885729e-01  1.00000000e-03
-3.06098499e-01  1.00000000e-03
 8.65252120e-01  1.00000000e-03
-4.13428028e-01  1.00000000e-03
-4.69248484e-01  1.00000000e-03
-4.96670374e-01  1.00000000e-03
-4.60963065e-01  1.00000000e-03
-3.85659614e-01  1.00000000e-03
 7.63718366e-01  1.00000000e-03
-2.52441297e-01  1.00000000e-03
 1.11089517e-01  1.00000000e-03
-2.32565778e-01  1.00000000e-03
 7.76912639e-01  1.00000000e-03
-4.95748899e-01  1.00000000e-03
 2.67093741e-02  1.00000000e-03
-3.38837704e-01  1.00000000e-03
-2.62848080e-01  1.00000000e-03
-4.19576363e-01  1.00000000e-03
-2.90783848e-01  1.00000000e-03
 8.24858170e-01  1.00000000e-03
 7.74052791e-01  1.00000000e-03
 9.43733807e-01  1.00000000e-03
 7.99414694e-01  1.00000000e-03
-4.46444647e-01  1.00000000e-03
 9.42981318e-01  1.00000000e-03
 6.49836678e-01  1.00000000e-03
 6.55092102e-01  1.00000000e-03
 4.17997644e-01  1.00000000e-03
 4.81101715e-01  1.00000000e-03
 7.19609674e-02  1.00000000e-03
-4.72918750e-01  1.00000000e-03
-4.71822728e-01  1.00000000e-03
-3.74969778e-01  1.00000000e-03
 5.36489126e-01  1.00000000e-03
 6.97901678e-01  1.00000000e-03
-4.18857342e-01  1.00000000e-03
-3.46827914e-01  1.00000000e-03
-3.32115518e-01  1.00000000e-03
-3.88001130e-01  1.00000000e-03
-4.88773270e-01  1.00000000e-03
-3.24568494e-01  1.00000000e-03
-4.06738107e-01  1.00000000e-03
-4.34667949e-01  1.00000000e-03
-3.34076131e-01  1.00000000e-03
-4.20036885e-01  1.00000000e-03
 9.18300081e-01  1.00000000e-03
 4.96123658e-01  1.00000000e-03
 1.25571141e-01  1.00000000e-03
-2.45490973e-01  1.00000000e-03
-2.85883900e-01  1.00000000e-03
 7.91153502e-01  1.00000000e-03
 8.95522875e-01  1.00000000e-03
 4.50579931e-01  1.00000000e-03
-4.30266351e-01  1.00000000e-03
-3.36600285e-01  1.00000000e-03
 7.87872313e-01  1.00000000e-03
 4.93913580e-01  1.00000000e-03
 4.55083061e-01  1.00000000e-03
 8.71692344e-01  1.00000000e-03
-4.63872434e-01  1.00000000e-03
 3.91333474e-02  1.00000000e-03
-3.28781634e-01  1.00000000e-03
-4.12325213e-01  1.00000000e-03
-4.66082378e-01  1.00000000e-03
 1.26038954e-01  1.00000000e-03
 2.87130847e-01  1.00000000e-03
-2.57196484e-01  1.00000000e-03
-4.56294252e-01  1.00000000e-03
-5.04204131e-01  1.00000000e-03
-4.61579219e-01  1.00000000e-03
-2.89878098e-01  1.00000000e-03
-3.33309847e-01  1.00000000e-03
-5.43334620e-01  1.00000000e-03
-4.76720576e-01  1.00000000e-03
 6.85090568e-01  1.00000000e-03
-1.85966988e-01  1.00000000e-03
-4.46201830e-01  1.00000000e-03
-1.62305523e-02  1.00000000e-03
-4.12627309e-01  1.00000000e-03
-4.69152066e-01  1.00000000e-03
 5.36068949e-01  1.00000000e-03
 7.67148014e-01  1.00000000e-03
-4.55351847e-01  1.00000000e-03
 8.47655170e-01  1.00000000e-03
 5.81218124e-01  1.00000000e-03
-4.18321172e-01  1.00000000e-03
-4.73408840e-01  1.00000000e-03
-3.82455750e-01  1.00000000e-03
-3.53018688e-01  1.00000000e-03
-4.52912458e-01  1.00000000e-03
 2.32450151e-01  1.00000000e-03
-3.33245098e-01  1.00000000e-03
 8.76388533e-01  1.00000000e-03
-3.83988406e-01  1.00000000e-03
-4.64221548e-01  1.00000000e-03
-4.08400135e-01  1.00000000e-03
-1.55171844e-01  1.00000000e-03
-4.38654209e-01  1.00000000e-03
 7.97987922e-01  1.00000000e-03
-3.48829158e-01  1.00000000e-03
-4.10795248e-02  1.00000000e-03
-4.41155032e-01  1.00000000e-03
-4.81320500e-01  1.00000000e-03
-6.18645805e-02  1.00000000e-03
-4.40949569e-01  1.00000000e-03
-3.84434054e-01  1.00000000e-03
-2.22387616e-01  1.00000000e-03
-4.46594959e-01  1.00000000e-03
-3.05851728e-01  1.00000000e-03
 3.44444403e-01  1.00000000e-03
 8.87868271e-01  1.00000000e-03
 5.18488094e-01  1.00000000e-03
-3.18013908e-01  1.00000000e-03
-3.50545894e-01  1.00000000e-03
 6.15018927e-01  1.00000000e-03
-3.71943878e-01  1.00000000e-03
 6.30174649e-01  1.00000000e-03
 8.29675014e-01  1.00000000e-03
-4.48738019e-03  1.00000000e-03
-4.41384643e-01  1.00000000e-03
-3.55203982e-01  1.00000000e-03
-4.53640601e-01  1.00000000e-03
-5.17565187e-01  1.00000000e-03
-5.00895122e-01  1.00000000e-03
-2.05296654e-02  1.00000000e-03
-3.69031515e-01  1.00000000e-03
-4.40858005e-01  1.00000000e-03
-4.19202990e-01  1.00000000e-03
-4.07812326e-01  1.00000000e-03
-3.97248339e-01  1.00000000e-03
-3.74983688e-01  1.00000000e-03
 3.35409599e-01  1.00000000e-03
-4.18409687e-01  1.00000000e-03
-4.16343645e-01  1.00000000e-03
 9.43615459e-01  1.00000000e-03
 4.42355816e-01  1.00000000e-03
-1.99378925e-01  1.00000000e-03
 8.69997149e-01  1.00000000e-03
-4.33313521e-01  1.00000000e-03
 8.56184673e-01  1.00000000e-03
 9.90476072e-01  1.00000000e-03
-3.90466702e-01  1.00000000e-03
-4.05557000e-01  1.00000000e-03
 9.31667039e-02  1.00000000e-03
-4.78546958e-01  1.00000000e-03
 7.51523217e-01  1.00000000e-03
-4.53973475e-01  1.00000000e-03
 7.21450520e-01  1.00000000e-03
 2.10590401e-01  1.00000000e-03
-3.98861896e-01  1.00000000e-03
 9.32923177e-01  1.00000000e-03
-4.44126338e-01  1.00000000e-03
-9.61208360e-02  1.00000000e-03
-3.75323697e-02  1.00000000e-03
 5.59764362e-01  1.00000000e-03
-4.86491412e-01  1.00000000e-03
-4.69403718e-01  1.00000000e-03
-3.67106048e-01  1.00000000e-03
-3.54880118e-01  1.00000000e-03
-4.76689633e-01  1.00000000e-03
 2.01985097e-02  1.00000000e-03
-3.57056752e-01  1.00000000e-03
-4.05049564e-01  1.00000000e-03
-2.76368041e-02  1.00000000e-03
 8.90588372e-01  1.00000000e-03
-1.34959825e-02  1.00000000e-03
-4.31491147e-01  1.00000000e-03
-3.70120636e-01  1.00000000e-03
 9.24975292e-01  1.00000000e-03
 5.83207011e-01  1.00000000e-03
 1.14024563e-01  1.00000000e-03
-4.48455956e-01  1.00000000e-03
 8.71883404e-01  1.00000000e-03
-1.92988575e-01  1.00000000e-03
 8.06051372e-01  1.00000000e-03
-3.45827190e-01  1.00000000e-03
 9.40477069e-01  1.00000000e-03
-4.63766237e-01  1.00000000e-03
 7.82924317e-01  1.00000000e-03
-4.50113597e-01  1.00000000e-03
-4.32476453e-01  1.00000000e-03
-3.99720175e-01  1.00000000e-03
-5.23776880e-01  1.00000000e-03
-3.48559215e-01  1.00000000e-03
-4.81766924e-01  1.00000000e-03
 5.70820199e-01  1.00000000e-03
 1.34184518e-01  1.00000000e-03
 4.02748622e-01  1.00000000e-03
-4.72833334e-01  1.00000000e-03
 9.26533305e-01  1.00000000e-03
 3.42793287e-01  1.00000000e-03
-8.51067463e-02  1.00000000e-03
 2.08094044e-01  1.00000000e-03
 6.47811001e-01  1.00000000e-03
 8.62445487e-01  1.00000000e-03
-4.73680485e-01  1.00000000e-03
-6.48972874e-02  1.00000000e-03
-3.75510322e-01  1.00000000e-03
-4.23904519e-01  1.00000000e-03
 2.90820275e-01  1.00000000e-03
-4.61190495e-01  1.00000000e-03
-2.95105830e-01  1.00000000e-03
 7.02576903e-01  1.00000000e-03
-2.60653476e-01  1.00000000e-03
-1.82970960e-01  1.00000000e-03
-4.29538641e-01  1.00000000e-03
-2.88496535e-01  1.00000000e-03
 2.88585156e-01  1.00000000e-03
-4.24051238e-01  1.00000000e-03
-2.91760094e-01  1.00000000e-03
 7.91863055e-01  1.00000000e-03
-4.97539145e-01  1.00000000e-03
-4.56802944e-01  1.00000000e-03
-3.92234444e-01  1.00000000e-03
 4.01090834e-01  1.00000000e-03
 5.67667038e-01  1.00000000e-03
 2.66047938e-01  1.00000000e-03
 7.87987499e-01  1.00000000e-03
-3.59394033e-01  1.00000000e-03
-3.90778982e-01  1.00000000e-03
-4.16423294e-01  1.00000000e-03
-1.64050438e-01  1.00000000e-03
-4.94740028e-01  1.00000000e-03
-1.31691919e-01  1.00000000e-03
-4.56457569e-02  1.00000000e-03
 6.12131246e-01  1.00000000e-03
 6.56521325e-01  1.00000000e-03
 8.53298842e-01  1.00000000e-03
-4.03301498e-01  1.00000000e-03
 6.94651385e-02  1.00000000e-03
-4.80627916e-01  1.00000000e-03
-2.56590922e-01  1.00000000e-03
-3.38024479e-01  1.00000000e-03
 1.08782320e-01  1.00000000e-03
 6.72608475e-01  1.00000000e-03
-4.39901157e-01  1.00000000e-03
-3.45478331e-01  1.00000000e-03
-3.87028535e-01  1.00000000e-03
-4.68039541e-02  1.00000000e-03
-4.81630344e-01  1.00000000e-03
-1.75062223e-01  1.00000000e-03
-3.64307216e-01  1.00000000e-03
 5.47517395e-01  1.00000000e-03
-3.64036554e-01  1.00000000e-03
-4.14231788e-01  1.00000000e-03
 6.14888985e-01  1.00000000e-03
 4.81520807e-01  1.00000000e-03
-3.30275488e-01  1.00000000e-03
-3.50794857e-01  1.00000000e-03
-4.90092679e-01  1.00000000e-03
-4.03449412e-01  1.00000000e-03
 9.79037729e-01  1.00000000e-03
 2.28024765e-01  1.00000000e-03
-5.74813950e-02  1.00000000e-03
-2.18668877e-01  1.00000000e-03
-3.62667576e-01  1.00000000e-03
-3.85166897e-01  1.00000000e-03
-3.51897659e-01  1.00000000e-03
-4.28296720e-01  1.00000000e-03
 4.43048076e-01  1.00000000e-03
 8.18642914e-02  1.00000000e-03
-4.58890332e-01  1.00000000e-03
 7.99559366e-01  1.00000000e-03
-3.52228002e-01  1.00000000e-03
-4.21808773e-01  1.00000000e-03
-3.50327890e-01  1.00000000e-03
 8.52387012e-01  1.00000000e-03
 2.81070011e-01  1.00000000e-03
-1.67752132e-01  1.00000000e-03
-4.22231147e-01  1.00000000e-03
-2.02825393e-01  1.00000000e-03
 9.84768901e-01  1.00000000e-03
 1.00128333e+00  1.00000000e-03
 8.51559152e-01  1.00000000e-03
-3.64114767e-01  1.00000000e-03
-1.49912437e-01  1.00000000e-03
 4.84140831e-01  1.00000000e-03
-4.31750794e-01  1.00000000e-03
-3.76228894e-01  1.00000000e-03
-4.26338974e-01  1.00000000e-03
-4.73082358e-01  1.00000000e-03
-3.28501046e-01  1.00000000e-03
-3.99498069e-01  1.00000000e-03
-5.12499608e-01  1.00000000e-03
 9.95123556e-01  1.00000000e-03
-3.83237500e-01  1.00000000e-03
 3.49505775e-01  1.00000000e-03
-4.51714574e-01  1.00000000e-03
 8.67576365e-01  1.00000000e-03
-6.81754799e-02  1.00000000e-03
-4.36791074e-01  1.00000000e-03
-4.04648814e-01  1.00000000e-03
-4.26965421e-01  1.00000000e-03
 6.82795386e-01  1.00000000e-03
 7.97224474e-01  1.00000000e-03
-4.40419958e-01  1.00000000e-03
 1.22647549e-01  1.00000000e-03
-3.69358672e-01  1.00000000e-03
 8.26854659e-01  1.00000000e-03
 8.01377878e-01  1.00000000e-03
 8.92606241e-01  1.00000000e-03
-2.65227297e-01  1.00000000e-03
 9.25667938e-01  1.00000000e-03
 8.96116532e-01  1.00000000e-03
 1.70821744e-01  1.00000000e-03
-2.46758548e-01  1.00000000e-03
 6.97432164e-01  1.00000000e-03
-3.27692377e-01  1.00000000e-03
-4.49108945e-01  1.00000000e-03
-4.25388273e-01  1.00000000e-03
-4.33695129e-02  1.00000000e-03
-2.18213721e-01  1.00000000e-03
-3.29776889e-01  1.00000000e-03
-4.25549129e-01  1.00000000e-03
 7.63630383e-01  1.00000000e-03
 6.68292939e-01  1.00000000e-03
-2.85666098e-01  1.00000000e-03
-3.83079651e-01  1.00000000e-03
 4.99315819e-02  1.00000000e-03
-4.04082952e-01  1.00000000e-03
-3.52157799e-01  1.00000000e-03
-1.87831494e-01  1.00000000e-03
-4.61252434e-01  1.00000000e-03
-4.62215311e-01  1.00000000e-03
-4.48201892e-01  1.00000000e-03
-5.08170539e-01  1.00000000e-03
 8.03115622e-01  1.00000000e-03
 4.77767676e-01  1.00000000e-03
-2.87535612e-01  1.00000000e-03
 1.56805987e-01  1.00000000e-03
-4.10069082e-01  1.00000000e-03
 5.35803536e-02  1.00000000e-03
-3.98425886e-01  1.00000000e-03
-3.84733960e-01  1.00000000e-03
-4.12103783e-01  1.00000000e-03
 9.16985826e-01  1.00000000e-03
-3.05149413e-01  1.00000000e-03
 8.30967549e-01  1.00000000e-03
 7.43709878e-01  1.00000000e-03
-4.09308262e-01  1.00000000e-03
 3.04824930e-01  1.00000000e-03
-4.27284044e-01  1.00000000e-03
-4.60834043e-01  1.00000000e-03
-4.57084174e-01  1.00000000e-03
-3.25133523e-01  1.00000000e-03
-1.29716069e-01  1.00000000e-03
-1.33886008e-01  1.00000000e-03
 8.33872993e-01  1.00000000e-03
 1.00587552e+00  1.00000000e-03
 8.57365251e-01  1.00000000e-03
 3.15493840e-01  1.00000000e-03
 7.04517337e-01  1.00000000e-03
 8.89363038e-01  1.00000000e-03
 7.26532134e-01  1.00000000e-03
-3.48170302e-01  1.00000000e-03
 9.42576403e-01  1.00000000e-03
-4.42422316e-01  1.00000000e-03
 2.18839730e-01  1.00000000e-03
-2.48492771e-01  1.00000000e-03
-4.42732815e-01  1.00000000e-03
 6.60576611e-01  1.00000000e-03
-4.11264619e-01  1.00000000e-03
-4.35066036e-01  1.00000000e-03
-3.76485539e-01  1.00000000e-03
 7.69352212e-01  1.00000000e-03
 5.00263059e-01  1.00000000e-03
-4.92791762e-01  1.00000000e-03
 9.40995491e-01  1.00000000e-03
-4.64811117e-01  1.00000000e-03
 3.78343096e-01  1.00000000e-03
-3.25966239e-01  1.00000000e-03
 8.50531698e-01  1.00000000e-03
-1.61740926e-01  1.00000000e-03
-1.63870346e-01  1.00000000e-03
-4.64109541e-01  1.00000000e-03
-4.04968057e-01  1.00000000e-03
-4.89806927e-01  1.00000000e-03
-1.31617158e-01  1.00000000e-03
-3.92229402e-01  1.00000000e-03
-3.97216629e-01  1.00000000e-03
-3.65679593e-01  1.00000000e-03
-3.45688572e-01  1.00000000e-03
 8.08180524e-01  1.00000000e-03
-3.83015040e-01  1.00000000e-03
-3.89381588e-01  1.00000000e-03
 4.21194595e-01  1.00000000e-03
-4.31935623e-01  1.00000000e-03
 7.99886249e-01  1.00000000e-03
 8.63464159e-01  1.00000000e-03
-4.11352827e-01  1.00000000e-03
-3.78809064e-01  1.00000000e-03
 3.28539628e-01  1.00000000e-03
-4.20367781e-01  1.00000000e-03
-2.58967038e-01  1.00000000e-03
 6.86428807e-01  1.00000000e-03
 7.25324194e-01  1.00000000e-03
-1.59578336e-01  1.00000000e-03
 4.15533279e-01  1.00000000e-03
-2.66559772e-01  1.00000000e-03
-3.67598947e-01  1.00000000e-03
-2.14110359e-03  1.00000000e-03
 6.97587104e-01  1.00000000e-03
 8.33699929e-01  1.00000000e-03
 5.02570138e-01  1.00000000e-03
 8.63485921e-02  1.00000000e-03
-4.02947673e-01  1.00000000e-03
-5.41685621e-02  1.00000000e-03
-4.06329595e-01  1.00000000e-03
 7.67596481e-01  1.00000000e-03
-3.95451494e-01  1.00000000e-03
 7.64163262e-01  1.00000000e-03
-4.00294804e-01  1.00000000e-03
-2.92310201e-01  1.00000000e-03
 1.18735558e-01  1.00000000e-03
 6.11120650e-01  1.00000000e-03
 8.75000467e-01  1.00000000e-03
-3.56817717e-01  1.00000000e-03
 7.68578800e-01  1.00000000e-03
-4.07486539e-01  1.00000000e-03
-4.58917167e-01  1.00000000e-03
-4.66805919e-01  1.00000000e-03
-4.39498388e-01  1.00000000e-03
-4.54860622e-01  1.00000000e-03
 1.21903094e-01  1.00000000e-03
 8.92523057e-01  1.00000000e-03
 9.03668660e-01  1.00000000e-03
 8.22526764e-01  1.00000000e-03
 4.95857480e-01  1.00000000e-03
 3.96335729e-01  1.00000000e-03
 5.30275695e-01  1.00000000e-03
-4.46144811e-01  1.00000000e-03
-1.15185889e-01  1.00000000e-03
-2.50064333e-01  1.00000000e-03
-3.62480287e-01  1.00000000e-03
-4.64205675e-01  1.00000000e-03
 8.44113906e-01  1.00000000e-03
-4.46901108e-01  1.00000000e-03
-4.50312576e-01  1.00000000e-03
-3.84079047e-01  1.00000000e-03
-1.31033086e-01  1.00000000e-03
-4.52909575e-01  1.00000000e-03
-2.04391238e-01  1.00000000e-03
-4.17131892e-01  1.00000000e-03
-6.15202429e-02  1.00000000e-03
 3.69319900e-01  1.00000000e-03
-4.06264954e-01  1.00000000e-03
-4.92703259e-01  1.00000000e-03
-4.63052650e-01  1.00000000e-03
-3.49426511e-01  1.00000000e-03
 5.26663275e-01  1.00000000e-03
-4.40368027e-01  1.00000000e-03
-2.13284853e-01  1.00000000e-03
-4.25282303e-01  1.00000000e-03
 1.74770109e-01  1.00000000e-03
-4.13233676e-01  1.00000000e-03
-4.42212668e-01  1.00000000e-03
-3.90514591e-01  1.00000000e-03
 8.58695865e-01  1.00000000e-03
 4.59705472e-01  1.00000000e-03
-4.55094061e-01  1.00000000e-03
 7.90839845e-01  1.00000000e-03
-4.48309403e-01  1.00000000e-03
 9.92556329e-01  1.00000000e-03
-3.63021254e-01  1.00000000e-03
 3.27102672e-01  1.00000000e-03
-4.51999431e-01  1.00000000e-03
 1.67907150e-01  1.00000000e-03
 2.11429334e-01  1.00000000e-03
 3.96148325e-01  1.00000000e-03
 7.82792694e-01  1.00000000e-03
-4.52089999e-01  1.00000000e-03
-4.58493882e-01  1.00000000e-03
-2.44934869e-01  1.00000000e-03
 8.28272498e-01  1.00000000e-03
 8.78737191e-01  1.00000000e-03
-4.26344567e-01  1.00000000e-03
-2.90702732e-01  1.00000000e-03
 9.27021860e-01  1.00000000e-03
-3.36035536e-01  1.00000000e-03
-3.15094597e-01  1.00000000e-03
-3.69923017e-01  1.00000000e-03
-3.54402175e-01  1.00000000e-03
 4.96630052e-01  1.00000000e-03
 9.14962587e-01  1.00000000e-03
-2.27717966e-01  1.00000000e-03
 9.08920546e-01  1.00000000e-03
-3.96361509e-01  1.00000000e-03
-4.29141186e-01  1.00000000e-03
-4.22143052e-01  1.00000000e-03
-4.07245041e-01  1.00000000e-03
-3.09339447e-01  1.00000000e-03
-1.25731622e-02  1.00000000e-03
 8.35567110e-01  1.00000000e-03
 8.46388234e-01  1.00000000e-03
-4.69282642e-01  1.00000000e-03
 8.06992306e-01  1.00000000e-03
 8.58024124e-01  1.00000000e-03
 1.00302457e+00  1.00000000e-03
 6.12190491e-01  1.00000000e-03
-4.73131039e-01  1.00000000e-03
-4.25111548e-01  1.00000000e-03
-4.98179150e-01  1.00000000e-03
-4.68005345e-01  1.00000000e-03
-5.58057788e-02  1.00000000e-03
 6.35443572e-01  1.00000000e-03
-3.41016613e-01  1.00000000e-03
-4.15585174e-01  1.00000000e-03
 3.09572247e-01  1.00000000e-03
-4.03815778e-01  1.00000000e-03
-4.72812548e-01  1.00000000e-03
 8.69767640e-01  1.00000000e-03
-4.19087485e-01  1.00000000e-03
-2.27852201e-01  1.00000000e-03
-1.93991283e-01  1.00000000e-03
-3.12089128e-01  1.00000000e-03
 8.33827375e-02  1.00000000e-03
-4.24035206e-01  1.00000000e-03
 7.89080432e-01  1.00000000e-03
 7.95463479e-01  1.00000000e-03
-2.11532073e-01  1.00000000e-03
 6.26239974e-02  1.00000000e-03
-3.98507452e-01  1.00000000e-03
-3.44512087e-02  1.00000000e-03
 8.74361841e-01  1.00000000e-03
