 -0.2688390E+00  0.2000000E-04
  0.3089344E-01  0.2000000E-04
 -0.2727847E+00  0.2000000E-04
 -0.1130988E-01  0.2000000E-04
  0.6789171E-01  0.2000000E-04
 -0.2329754E+00  0.2000000E-04
 -0.2302289E+00  0.2000000E-04
  0.3544907E+00  0.2000000E-04
 -0.2944228E+00  0.2000000E-04
 -0.4122792E-01  0.2000000E-04
  0.5410622E+00  0.2000000E-04
  0.5605773E+00  0.2000000E-04
 -0.3874845E-01  0.2000000E-04
 -0.2900680E+00  0.2000000E-04
 -0.2742102E+00  0.2000000E-04
 -0.2840469E+00  0.2000000E-04
  0.5221268E+00  0.2000000E-04
 -0.6110739E-02  0.2000000E-04
 -0.2139588E+00  0.2000000E-04
 -0.2746653E+00  0.2000000E-04
 -0.2429173E+00  0.2000000E-04
 -0.2315117E+00  0.2000000E-04
  0.3942631E+00  0.2000000E-04
 -0.2416593E+00  0.2000000E-04
  0.5933685E+00  0.2000000E-04
 -0.1902409E+00  0.2000000E-04
 -0.2835692E+00  0.2000000E-04
  0.4176442E+00  0.2000000E-04
  0.5392665E+00  0.2000000E-04
  0.2283338E+00  0.2000000E-04
  0.5381243E+00  0.2000000E-04
 -0.2471871E+00  0.2000000E-04
 -0.2792813E+00  0.2000000E-04
 -0.2535982E+00  0.2000000E-04
 -0.2553581E+00  0.2000000E-04
 -0.2477676E+00  0.2000000E-04
 -0.2288202E-01  0.2000000E-04
 -0.2594022E+00  0.2000000E-04
 -0.2589158E+00  0.2000000E-04
  0.3313309E+00  0.2000000E-04
 -0.1438028E+00  0.2000000E-04
  0.4389850E+00  0.2000000E-04
 -0.1864036E+00  0.2000000E-04
 -0.2793314E+00  0.2000000E-04
 -0.2584155E+00  0.2000000E-04
  0.4538476E+00  0.2000000E-04
 -0.2073620E+00  0.2000000E-04
 -0.2261774E+00  0.2000000E-04
  0.8456530E-01  0.2000000E-04
  0.5208881E+00  0.2000000E-04
 -0.2429067E+00  0.2000000E-04
 -0.2675222E+00  0.2000000E-04
 -0.2748779E+00  0.2000000E-04
  0.2030523E+00  0.2000000E-04
 -0.3316288E+00  0.2000000E-04
  0.2282765E+00  0.2000000E-04
  0.5386060E+00  0.2000000E-04
 -0.3143760E+00  0.2000000E-04
  0.5159120E+00  0.2000000E-04
  0.5317340E+00  0.2000000E-04
 -0.2564362E+00  0.2000000E-04
  0.5411962E+00  0.2000000E-04
  0.1288628E+00  0.2000000E-04
  0.4611809E+00  0.2000000E-04
 -0.2506602E+00  0.2000000E-04
 -0.2932077E+00  0.2000000E-04
 -0.2829205E+00  0.2000000E-04
 -0.6782542E-01  0.2000000E-04
  0.5297829E+00  0.2000000E-04
 -0.1470948E+00  0.2000000E-04
  0.2638946E+00  0.2000000E-04
 -0.2610130E+00  0.2000000E-04
  0.5454785E+00  0.2000000E-04
 -0.2570889E+00  0.2000000E-04
 -0.1505854E+00  0.2000000E-04
 -0.3058382E+00  0.2000000E-04
 -0.2777571E+00  0.2000000E-04
 -0.2424928E+00  0.2000000E-04
 -0.2506030E+00  0.2000000E-04
 -0.1742076E+00  0.2000000E-04
  0.2773580E+00  0.2000000E-04
  0.3433980E-01  0.2000000E-04
  0.3999884E+00  0.2000000E-04
  0.5216607E+00  0.2000000E-04
  0.6159335E-01  0.2000000E-04
 -0.5362155E-02  0.2000000E-04
 -0.6287306E-01  0.2000000E-04
  0.1926566E+00  0.2000000E-04
  0.3483721E+00  0.2000000E-04
 -0.2190907E+00  0.2000000E-04
 -0.2810966E+00  0.2000000E-04
  0.2125846E+00  0.2000000E-04
  0.2534016E+00  0.2000000E-04
 -0.1174801E+00  0.2000000E-04
  0.4034693E+00  0.2000000E-04
 -0.1949223E+00  0.2000000E-04
 -0.2721583E+00  0.2000000E-04
 -0.1055011E+00  0.2000000E-04
 -0.2563809E+00  0.2000000E-04
 -0.2433285E+00  0.2000000E-04
  0.3419071E+00  0.2000000E-04
 -0.2049704E-01  0.2000000E-04
 -0.2513118E+00  0.2000000E-04
  0.2031155E+00  0.2000000E-04
  0.5236586E+00  0.2000000E-04
 -0.1533612E+00  0.2000000E-04
  0.5163226E+00  0.2000000E-04
 -0.3165615E+00  0.2000000E-04
  0.4726972E+00  0.2000000E-04
 -0.2410307E+00  0.2000000E-04
  0.1844479E-01  0.2000000E-04
 -0.2631839E+00  0.2000000E-04
 -0.1537935E+00  0.2000000E-04
 -0.1982478E+00  0.2000000E-04
 -0.2035661E+00  0.2000000E-04
 -0.2236326E+00  0.2000000E-04
 -0.2861831E+00  0.2000000E-04
 -0.2421773E+00  0.2000000E-04
 -0.2684773E+00  0.2000000E-04
 -0.9731746E-01  0.2000000E-04
 -0.2648381E-01  0.2000000E-04
 -0.3361242E-01  0.2000000E-04
 -0.2758887E+00  0.2000000E-04
 -0.2502048E+00  0.2000000E-04
 -0.2664024E+00  0.2000000E-04
 -0.2525442E+00  0.2000000E-04
 -0.1974289E+00  0.2000000E-04
 -0.2869578E+00  0.2000000E-04
  0.2660324E+00  0.2000000E-04
  0.1869631E+00  0.2000000E-04
 -0.2829668E+00  0.2000000E-04
 -0.2118772E+00  0.2000000E-04
 -0.1836109E+00  0.2000000E-04
 -0.2785331E+00  0.2000000E-04
  0.3886655E-01  0.2000000E-04
 -0.2895838E+00  0.2000000E-04
 -0.8781245E-01  0.2000000E-04
 -0.1369650E+00  0.2000000E-04
 -0.2816918E+00  0.2000000E-04
  0.2903648E+00  0.2000000E-04
 -0.2383176E+00  0.2000000E-04
 -0.1477503E+00  0.2000000E-04
 -0.2206716E+00  0.2000000E-04
 -0.1827452E+00  0.2000000E-04
 -0.8014357E-01  0.2000000E-04
 -0.2558789E+00  0.2000000E-04
  0.4452237E+00  0.2000000E-04
 -0.3019031E+00  0.2000000E-04
  0.5306258E+00  0.2000000E-04
 -0.2401238E+00  0.2000000E-04
 -0.1614837E+00  0.2000000E-04
 -0.2358824E+00  0.2000000E-04
  0.6335632E-01  0.2000000E-04
 -0.2003354E+00  0.2000000E-04
 -0.8733024E-01  0.2000000E-04
  0.1112047E+00  0.2000000E-04
 -0.2096363E+00  0.2000000E-04
 -0.1484796E+00  0.2000000E-04
 -0.4862031E-01  0.2000000E-04
 -0.2721068E+00  0.2000000E-04
 -0.2549842E+00  0.2000000E-04
 -0.2468445E+00  0.2000000E-04
  0.1093852E+00  0.2000000E-04
 -0.2703514E+00  0.2000000E-04
 -0.2778013E+00  0.2000000E-04
  0.4060548E+00  0.2000000E-04
  0.1240390E+00  0.2000000E-04
 -0.2187285E+00  0.2000000E-04
 -0.2127006E+00  0.2000000E-04
 -0.1840324E+00  0.2000000E-04
  0.3350994E+00  0.2000000E-04
 -0.1947381E+00  0.2000000E-04
 -0.1254833E+00  0.2000000E-04
 -0.2394309E+00  0.2000000E-04
 -0.1731778E+00  0.2000000E-04
 -0.2954949E+00  0.2000000E-04
 -0.2929942E+00  0.2000000E-04
 -0.2473104E+00  0.2000000E-04
 -0.2912705E+00  0.2000000E-04
 -0.1159731E+00  0.2000000E-04
 -0.2605340E+00  0.2000000E-04
  0.6060351E+00  0.2000000E-04
 -0.2722829E+00  0.2000000E-04
 -0.2242977E+00  0.2000000E-04
 -0.1716593E-01  0.2000000E-04
 -0.2657030E+00  0.2000000E-04
 -0.2802587E+00  0.2000000E-04
 -0.2446542E+00  0.2000000E-04
 -0.2507547E+00  0.2000000E-04
 -0.2935563E+00  0.2000000E-04
  0.4745750E+00  0.2000000E-04
 -0.3034525E+00  0.2000000E-04
 -0.2640681E+00  0.2000000E-04
 -0.2533891E+00  0.2000000E-04
 -0.2040507E+00  0.2000000E-04
 -0.2486946E+00  0.2000000E-04
 -0.2570046E+00  0.2000000E-04
 -0.2607205E+00  0.2000000E-04
 -0.2990197E+00  0.2000000E-04
  0.5224494E+00  0.2000000E-04
 -0.2641082E+00  0.2000000E-04
 -0.6266364E-01  0.2000000E-04
 -0.1163649E+00  0.2000000E-04
  0.3588820E+00  0.2000000E-04
  0.2604994E+00  0.2000000E-04
 -0.2745672E+00  0.2000000E-04
  0.5126959E+00  0.2000000E-04
 -0.2314131E+00  0.2000000E-04
 -0.2551060E+00  0.2000000E-04
  0.1549403E+00  0.2000000E-04
  0.5408985E+00  0.2000000E-04
  0.2944581E+00  0.2000000E-04
 -0.2997607E+00  0.2000000E-04
 -0.2240141E+00  0.2000000E-04
  0.2742108E+00  0.2000000E-04
  0.5481644E+00  0.2000000E-04
 -0.2726918E+00  0.2000000E-04
  0.5650068E+00  0.2000000E-04
 -0.2709214E+00  0.2000000E-04
 -0.2944832E+00  0.2000000E-04
 -0.3091627E+00  0.2000000E-04
 -0.2622464E+00  0.2000000E-04
 -0.2870212E+00  0.2000000E-04
  0.4217517E+00  0.2000000E-04
 -0.1751261E+00  0.2000000E-04
  0.2593727E+00  0.2000000E-04
  0.4266299E+00  0.2000000E-04
 -0.2592864E+00  0.2000000E-04
  0.2017685E+00  0.2000000E-04
  0.4782330E+00  0.2000000E-04
 -0.2428793E+00  0.2000000E-04
 -0.2758618E+00  0.2000000E-04
 -0.2502174E+00  0.2000000E-04
  0.4930276E+00  0.2000000E-04
 -0.2581535E+00  0.2000000E-04
 -0.6690791E-01  0.2000000E-04
  0.4024532E+00  0.2000000E-04
  0.5909034E-01  0.2000000E-04
 -0.1497882E+00  0.2000000E-04
  0.2046973E+00  0.2000000E-04
 -0.2098760E+00  0.2000000E-04
  0.7174018E-01  0.2000000E-04
 -0.2741495E+00  0.2000000E-04
  0.4666088E+00  0.2000000E-04
  0.2760839E+00  0.2000000E-04
  0.5355871E+00  0.2000000E-04
 -0.2872147E+00  0.2000000E-04
 -0.2595285E+00  0.2000000E-04
 -0.5383012E-01  0.2000000E-04
 -0.1160423E+00  0.2000000E-04
 -0.1119213E+00  0.2000000E-04
  0.2691041E+00  0.2000000E-04
 -0.1387981E+00  0.2000000E-04
 -0.2579388E-01  0.2000000E-04
  0.5435534E+00  0.2000000E-04
 -0.2655502E+00  0.2000000E-04
  0.2566315E-01  0.2000000E-04
 -0.2384255E+00  0.2000000E-04
 -0.7196764E-01  0.2000000E-04
 -0.4445786E-01  0.2000000E-04
 -0.2868709E+00  0.2000000E-04
 -0.2752467E+00  0.2000000E-04
 -0.2773033E+00  0.2000000E-04
 -0.1286273E+00  0.2000000E-04
  0.1005057E+00  0.2000000E-04
  0.4023718E+00  0.2000000E-04
 -0.2757622E+00  0.2000000E-04
 -0.3111905E+00  0.2000000E-04
 -0.2500004E+00  0.2000000E-04
 -0.2963079E+00  0.2000000E-04
  0.5355148E+00  0.2000000E-04
  0.4284270E+00  0.2000000E-04
 -0.2814347E+00  0.2000000E-04
 -0.2551591E+00  0.2000000E-04
 -0.2574590E+00  0.2000000E-04
 -0.1797346E-01  0.2000000E-04
 -0.2265829E+00  0.2000000E-04
 -0.2772913E+00  0.2000000E-04
 -0.3214591E+00  0.2000000E-04
 -0.2445556E+00  0.2000000E-04
 -0.2704975E+00  0.2000000E-04
  0.2457550E+00  0.2000000E-04
  0.5826981E+00  0.2000000E-04
 -0.1831370E+00  0.2000000E-04
 -0.2880770E+00  0.2000000E-04
 -0.2140845E+00  0.2000000E-04
 -0.2412365E+00  0.2000000E-04
 -0.2861730E+00  0.2000000E-04
 -0.2389772E+00  0.2000000E-04
  0.5716612E-01  0.2000000E-04
 -0.2798894E+00  0.2000000E-04
  0.5315430E+00  0.2000000E-04
  0.5952096E+00  0.2000000E-04
  0.5320293E+00  0.2000000E-04
 -0.2407007E+00  0.2000000E-04
 -0.2664340E+00  0.2000000E-04
 -0.1087622E+00  0.2000000E-04
  0.5508316E+00  0.2000000E-04
 -0.2775885E+00  0.2000000E-04
 -0.1614273E+00  0.2000000E-04
  0.3150379E+00  0.2000000E-04
 -0.1041876E+00  0.2000000E-04
 -0.4659855E-01  0.2000000E-04
  0.3961729E+00  0.2000000E-04
 -0.2889859E+00  0.2000000E-04
 -0.1865493E+00  0.2000000E-04
 -0.2314548E+00  0.2000000E-04
 -0.2407694E+00  0.2000000E-04
  0.1841023E-01  0.2000000E-04
 -0.2667269E+00  0.2000000E-04
  0.4483604E+00  0.2000000E-04
 -0.2985439E+00  0.2000000E-04
  0.5482233E+00  0.2000000E-04
 -0.9517603E-01  0.2000000E-04
 -0.1997258E+00  0.2000000E-04
  0.1310335E+00  0.2000000E-04
 -0.2382502E+00  0.2000000E-04
 -0.2592568E+00  0.2000000E-04
 -0.2763894E+00  0.2000000E-04
 -0.3099314E+00  0.2000000E-04
  0.5043149E+00  0.2000000E-04
  0.2699617E+00  0.2000000E-04
 -0.2985094E+00  0.2000000E-04
  0.3868387E+00  0.2000000E-04
  0.5138128E+00  0.2000000E-04
  0.4357570E+00  0.2000000E-04
  0.5387969E+00  0.2000000E-04
 -0.2403977E+00  0.2000000E-04
 -0.2446984E+00  0.2000000E-04
 -0.3153438E+00  0.2000000E-04
 -0.5666707E-01  0.2000000E-04
  0.5652539E+00  0.2000000E-04
 -0.1964080E+00  0.2000000E-04
 -0.2785634E+00  0.2000000E-04
  0.3800133E+00  0.2000000E-04
 -0.1145061E+00  0.2000000E-04
 -0.3102189E+00  0.2000000E-04
  0.3106683E+00  0.2000000E-04
  0.4688386E+00  0.2000000E-04
  0.5327115E+00  0.2000000E-04
 -0.2828035E+00  0.2000000E-04
 -0.2392779E+00  0.2000000E-04
 -0.6185809E-01  0.2000000E-04
 -0.1744071E+00  0.2000000E-04
  0.5679201E+00  0.2000000E-04
  0.2037428E+00  0.2000000E-04
  0.1203990E+00  0.2000000E-04
 -0.1064575E+00  0.2000000E-04
  0.3305466E+00  0.2000000E-04
  0.5376458E+00  0.2000000E-04
  0.5623356E+00  0.2000000E-04
 -0.1697637E+00  0.2000000E-04
 -0.2287960E+00  0.2000000E-04
 -0.2978630E+00  0.2000000E-04
  0.3057415E+00  0.2000000E-04
 -0.2508728E+00  0.2000000E-04
 -0.2452024E+00  0.2000000E-04
  0.9561042E-01  0.2000000E-04
 -0.1703006E+00  0.2000000E-04
  0.5567033E+00  0.2000000E-04
 -0.2348780E+00  0.2000000E-04
 -0.3293324E-01  0.2000000E-04
 -0.3002067E+00  0.2000000E-04
 -0.2469756E+00  0.2000000E-04
 -0.4991007E-01  0.2000000E-04
 -0.2852845E+00  0.2000000E-04
 -0.4145830E-01  0.2000000E-04
  0.3326043E+00  0.2000000E-04
 -0.2785124E+00  0.2000000E-04
 -0.1168377E+00  0.2000000E-04
 -0.2519873E+00  0.2000000E-04
 -0.1650333E+00  0.2000000E-04
 -0.1336320E+00  0.2000000E-04
 -0.3386288E+00  0.2000000E-04
  0.4298759E+00  0.2000000E-04
  0.4138121E+00  0.2000000E-04
 -0.2528858E+00  0.2000000E-04
 -0.2489315E+00  0.2000000E-04
 -0.2960536E+00  0.2000000E-04
 -0.2681727E+00  0.2000000E-04
 -0.2599641E+00  0.2000000E-04
  0.5373461E+00  0.2000000E-04
  0.4562254E+00  0.2000000E-04
 -0.2821952E+00  0.2000000E-04
 -0.2289752E-02  0.2000000E-04
 -0.3026624E+00  0.2000000E-04
  0.4964841E+00  0.2000000E-04
 -0.2392671E+00  0.2000000E-04
 -0.2990633E+00  0.2000000E-04
  0.1654459E+00  0.2000000E-04
  0.7706083E-01  0.2000000E-04
 -0.2027229E+00  0.2000000E-04
 -0.2537506E+00  0.2000000E-04
  0.2534871E+00  0.2000000E-04
 -0.2992187E+00  0.2000000E-04
 -0.2769243E+00  0.2000000E-04
 -0.2406504E+00  0.2000000E-04
  0.4656579E+00  0.2000000E-04
  0.5764790E+00  0.2000000E-04
  0.3032944E+00  0.2000000E-04
 -0.1206497E+00  0.2000000E-04
 -0.3228772E+00  0.2000000E-04
  0.5518484E+00  0.2000000E-04
 -0.2394989E+00  0.2000000E-04
  0.5507874E+00  0.2000000E-04
 -0.2750409E+00  0.2000000E-04
 -0.2745219E+00  0.2000000E-04
 -0.2467691E+00  0.2000000E-04
  0.4836636E+00  0.2000000E-04
 -0.2323970E+00  0.2000000E-04
  0.4593404E-01  0.2000000E-04
 -0.2772691E+00  0.2000000E-04
 -0.2765846E+00  0.2000000E-04
 -0.1090702E+00  0.2000000E-04
 -0.2788295E+00  0.2000000E-04
 -0.2320329E+00  0.2000000E-04
 -0.3276154E+00  0.2000000E-04
 -0.1541278E+00  0.2000000E-04
  0.1179866E+00  0.2000000E-04
  0.3674789E+00  0.2000000E-04
  0.5399373E+00  0.2000000E-04
 -0.2426300E+00  0.2000000E-04
 -0.2245742E+00  0.2000000E-04
  0.5129585E+00  0.2000000E-04
  0.1648747E+00  0.2000000E-04
  0.2598301E+00  0.2000000E-04
  0.2292654E+00  0.2000000E-04
 -0.2927069E+00  0.2000000E-04
  0.2508217E+00  0.2000000E-04
 -0.2147520E+00  0.2000000E-04
 -0.2582972E+00  0.2000000E-04
 -0.2855334E+00  0.2000000E-04
  0.1120767E+00  0.2000000E-04
 -0.2541754E+00  0.2000000E-04
  0.3891370E+00  0.2000000E-04
  0.1007867E+00  0.2000000E-04
  0.5327365E+00  0.2000000E-04
 -0.2489865E+00  0.2000000E-04
  0.5168292E+00  0.2000000E-04
 -0.2257208E-01  0.2000000E-04
 -0.2847874E+00  0.2000000E-04
 -0.2826771E+00  0.2000000E-04
 -0.2542376E+00  0.2000000E-04
 -0.2616918E+00  0.2000000E-04
  0.5483441E+00  0.2000000E-04
 -0.3040885E+00  0.2000000E-04
 -0.2587138E+00  0.2000000E-04
 -0.2571641E+00  0.2000000E-04
 -0.2743908E+00  0.2000000E-04
 -0.3311202E-01  0.2000000E-04
  0.4921323E+00  0.2000000E-04
 -0.2881147E+00  0.2000000E-04
 -0.1507574E+00  0.2000000E-04
  0.4962375E+00  0.2000000E-04
  0.3349831E-01  0.2000000E-04
 -0.1382868E-01  0.2000000E-04
 -0.2808037E+00  0.2000000E-04
 -0.2560251E+00  0.2000000E-04
 -0.3095568E+00  0.2000000E-04
  0.5442647E+00  0.2000000E-04
 -0.2100776E+00  0.2000000E-04
 -0.1750391E+00  0.2000000E-04
  0.2901687E+00  0.2000000E-04
  0.3510793E+00  0.2000000E-04
 -0.2128760E+00  0.2000000E-04
 -0.2728779E+00  0.2000000E-04
 -0.2715764E+00  0.2000000E-04
 -0.2133520E+00  0.2000000E-04
  0.4629009E+00  0.2000000E-04
  0.3131450E+00  0.2000000E-04
 -0.2924437E+00  0.2000000E-04
  0.4712838E+00  0.2000000E-04
 -0.2813111E+00  0.2000000E-04
  0.4286438E+00  0.2000000E-04
  0.4408093E+00  0.2000000E-04
 -0.2117321E+00  0.2000000E-04
 -0.2392218E+00  0.2000000E-04
 -0.2642738E+00  0.2000000E-04
 -0.2707541E-01  0.2000000E-04
 -0.2568275E+00  0.2000000E-04
  0.2097286E+00  0.2000000E-04
  0.4182230E+00  0.2000000E-04
 -0.2754220E+00  0.2000000E-04
  0.5693303E+00  0.2000000E-04
  0.5070539E+00  0.2000000E-04
  0.5706331E+00  0.2000000E-04
 -0.1985105E+00  0.2000000E-04
  0.5603038E+00  0.2000000E-04
  0.1594852E+00  0.2000000E-04
 -0.2043775E+00  0.2000000E-04
 -0.3086877E+00  0.2000000E-04
  0.2925461E+00  0.2000000E-04
 -0.6200383E-02  0.2000000E-04
  0.8699161E-01  0.2000000E-04
  0.7186942E-01  0.2000000E-04
 -0.2476930E+00  0.2000000E-04
  0.5165463E+00  0.2000000E-04
 -0.2677115E+00  0.2000000E-04
 -0.3131820E+00  0.2000000E-04
 -0.2365043E+00  0.2000000E-04
 -0.1806580E+00  0.2000000E-04
  0.6320529E-01  0.2000000E-04
 -0.2930760E+00  0.2000000E-04
 -0.2649340E+00  0.2000000E-04
 -0.9028419E-01  0.2000000E-04
 -0.1416879E+00  0.2000000E-04
  0.2307919E+00  0.2000000E-04
 -0.2145189E+00  0.2000000E-04
 -0.3137028E+00  0.2000000E-04
 -0.3345989E-01  0.2000000E-04
 -0.2488878E+00  0.2000000E-04
 -0.2845999E+00  0.2000000E-04
  0.5412049E+00  0.2000000E-04
  0.4587265E+00  0.2000000E-04
 -0.9147066E-01  0.2000000E-04
  0.4234080E+00  0.2000000E-04
 -0.1405714E+00  0.2000000E-04
  0.4687894E+00  0.2000000E-04
 -0.2289874E+00  0.2000000E-04
  0.2145343E+00  0.2000000E-04
 -0.2560624E+00  0.2000000E-04
  0.4726039E-01  0.2000000E-04
  0.1482129E-01  0.2000000E-04
 -0.2428346E+00  0.2000000E-04
 -0.2243557E+00  0.2000000E-04
  0.3016688E+00  0.2000000E-04
  0.5910434E-01  0.2000000E-04
 -0.1361949E-01  0.2000000E-04
 -0.2362549E+00  0.2000000E-04
  0.3513025E+00  0.2000000E-04
 -0.2643022E+00  0.2000000E-04
 -0.2774009E+00  0.2000000E-04
 -0.2525139E+00  0.2000000E-04
  0.5586742E+00  0.2000000E-04
 -0.2055255E+00  0.2000000E-04
  0.2681623E+00  0.2000000E-04
  0.4027193E+00  0.2000000E-04
 -0.2612125E+00  0.2000000E-04
  0.4394610E+00  0.2000000E-04
  0.2710915E+00  0.2000000E-04
 -0.2578885E+00  0.2000000E-04
 -0.1275158E+00  0.2000000E-04
 -0.2462670E+00  0.2000000E-04
  0.2677866E-01  0.2000000E-04
  0.5551860E+00  0.2000000E-04
  0.1530645E+00  0.2000000E-04
 -0.2659368E+00  0.2000000E-04
  0.5996282E+00  0.2000000E-04
  0.1373305E+00  0.2000000E-04
  0.2522609E+00  0.2000000E-04
 -0.2791913E+00  0.2000000E-04
 -0.2742070E+00  0.2000000E-04
  0.1330135E+00  0.2000000E-04
  0.1928645E+00  0.2000000E-04
 -0.2356504E+00  0.2000000E-04
 -0.2730836E+00  0.2000000E-04
  0.3954775E+00  0.2000000E-04
  0.5013591E+00  0.2000000E-04
 -0.2754886E+00  0.2000000E-04
  0.5456947E+00  0.2000000E-04
  0.5362755E+00  0.2000000E-04
 -0.2718727E+00  0.2000000E-04
 -0.2907034E+00  0.2000000E-04
  0.5672864E+00  0.2000000E-04
 -0.2573510E+00  0.2000000E-04
  0.1893680E+00  0.2000000E-04
  0.4544839E+00  0.2000000E-04
 -0.2697587E+00  0.2000000E-04
 -0.2877503E+00  0.2000000E-04
 -0.3225628E+00  0.2000000E-04
 -0.2694539E+00  0.2000000E-04
 -0.2944607E+00  0.2000000E-04
 -0.1645027E+00  0.2000000E-04
 -0.2811761E+00  0.2000000E-04
 -0.2697272E+00  0.2000000E-04
 -0.1549685E+00  0.2000000E-04
 -0.1336879E+00  0.2000000E-04
 -0.1816390E+00  0.2000000E-04
 -0.1590783E+00  0.2000000E-04
  0.4657757E+00  0.2000000E-04
  0.2575117E+00  0.2000000E-04
 -0.1298761E+00  0.2000000E-04
  0.3287497E+00  0.2000000E-04
 -0.1009150E+00  0.2000000E-04
 -0.2593267E+00  0.2000000E-04
  0.1367107E+00  0.2000000E-04
  0.5245942E+00  0.2000000E-04
  0.5136811E+00  0.2000000E-04
  0.1885949E+00  0.2000000E-04
 -0.2563848E+00  0.2000000E-04
 -0.2835515E+00  0.2000000E-04
 -0.3039334E+00  0.2000000E-04
  0.2313119E+00  0.2000000E-04
 -0.2835321E+00  0.2000000E-04
  0.4286918E+00  0.2000000E-04
  0.5900349E+00  0.2000000E-04
  0.4467678E+00  0.2000000E-04
 -0.2965705E+00  0.2000000E-04
  0.2078498E+00  0.2000000E-04
 -0.1372535E+00  0.2000000E-04
  0.5035942E+00  0.2000000E-04
 -0.1731085E+00  0.2000000E-04
  0.1746975E-01  0.2000000E-04
 -0.2945774E+00  0.2000000E-04
  0.5488697E+00  0.2000000E-04
 -0.3023894E+00  0.2000000E-04
  0.2705397E+00  0.2000000E-04
 -0.3201709E+00  0.2000000E-04
  0.5446568E+00  0.2000000E-04
  0.5437847E+00  0.2000000E-04
 -0.2124074E+00  0.2000000E-04
 -0.2502834E+00  0.2000000E-04
 -0.2823889E+00  0.2000000E-04
 -0.2244761E+00  0.2000000E-04
 -0.3091205E+00  0.2000000E-04
 -0.2232639E+00  0.2000000E-04
 -0.2433961E+00  0.2000000E-04
 -0.1732058E+00  0.2000000E-04
  0.1116152E+00  0.2000000E-04
 -0.1884288E+00  0.2000000E-04
  0.2656041E+00  0.2000000E-04
 -0.2637406E+00  0.2000000E-04
 -0.3082096E+00  0.2000000E-04
 -0.1527635E-01  0.2000000E-04
  0.2612960E+00  0.2000000E-04
 -0.1792300E+00  0.2000000E-04
 -0.2208377E+00  0.2000000E-04
  0.1543739E+00  0.2000000E-04
  0.2577843E+00  0.2000000E-04
 -0.2522174E+00  0.2000000E-04
 -0.1850190E+00  0.2000000E-04
  0.5389398E+00  0.2000000E-04
 -0.2821304E+00  0.2000000E-04
  0.4368705E+00  0.2000000E-04
 -0.2067148E+00  0.2000000E-04
  0.4179130E+00  0.2000000E-04
  0.5289592E+00  0.2000000E-04
  0.1172787E+00  0.2000000E-04
 -0.2906715E+00  0.2000000E-04
 -0.2855684E+00  0.2000000E-04
  0.4122092E+00  0.2000000E-04
 -0.7648139E-01  0.2000000E-04
 -0.2120601E+00  0.2000000E-04
 -0.2449444E+00  0.2000000E-04
  0.1050425E+00  0.2000000E-04
 -0.2066498E+00  0.2000000E-04
 -0.8307877E-01  0.2000000E-04
 -0.2091324E+00  0.2000000E-04
 -0.2502221E+00  0.2000000E-04
  0.5114824E+00  0.2000000E-04
  0.4457068E-01  0.2000000E-04
 -0.3192883E+00  0.2000000E-04
 -0.2627876E+00  0.2000000E-04
 -0.2803004E+00  0.2000000E-04
  0.5386837E+00  0.2000000E-04
  0.1595787E+00  0.2000000E-04
 -0.2012029E+00  0.2000000E-04
 -0.1833129E+00  0.2000000E-04
 -0.2102606E+00  0.2000000E-04
 -0.3036844E+00  0.2000000E-04
  0.4202543E+00  0.2000000E-04
  0.3881953E+00  0.2000000E-04
 -0.2848971E+00  0.2000000E-04
 -0.1105643E+00  0.2000000E-04
 -0.2797719E+00  0.2000000E-04
  0.1786116E+00  0.2000000E-04
 -0.2316621E+00  0.2000000E-04
  0.4755044E+00  0.2000000E-04
  0.9146184E-01  0.2000000E-04
 -0.2473778E+00  0.2000000E-04
 -0.2716508E+00  0.2000000E-04
 -0.2722631E+00  0.2000000E-04
 -0.2745674E+00  0.2000000E-04
  0.5053036E+00  0.2000000E-04
 -0.1450975E+00  0.2000000E-04
 -0.1044952E+00  0.2000000E-04
 -0.2432529E+00  0.2000000E-04
 -0.2507089E+00  0.2000000E-04
 -0.1506719E+00  0.2000000E-04
  0.3101717E+00  0.2000000E-04
  0.5175992E+00  0.2000000E-04
 -0.2480506E+00  0.2000000E-04
 -0.1037939E+00  0.2000000E-04
 -0.2241043E+00  0.2000000E-04
 -0.2670949E+00  0.2000000E-04
 -0.2288757E+00  0.2000000E-04
 -0.8424893E-01  0.2000000E-04
 -0.2801365E+00  0.2000000E-04
 -0.2985190E+00  0.2000000E-04
  0.5578946E+00  0.2000000E-04
  0.5691609E+00  0.2000000E-04
 -0.8393470E-01  0.2000000E-04
  0.3071599E+00  0.2000000E-04
  0.3757218E+00  0.2000000E-04
 -0.1300773E+00  0.2000000E-04
 -0.6164289E-01  0.2000000E-04
 -0.3092116E+00  0.2000000E-04
 -0.2429677E+00  0.2000000E-04
 -0.2456798E+00  0.2000000E-04
 -0.7897270E-01  0.2000000E-04
 -0.1752775E+00  0.2000000E-04
 -0.2643681E+00  0.2000000E-04
  0.5778487E+00  0.2000000E-04
  0.5286482E+00  0.2000000E-04
  0.5861618E+00  0.2000000E-04
 -0.2306965E+00  0.2000000E-04
 -0.2597536E+00  0.2000000E-04
 -0.2444752E+00  0.2000000E-04
  0.4106759E+00  0.2000000E-04
  0.3723351E+00  0.2000000E-04
  0.5234355E+00  0.2000000E-04
  0.1024984E+00  0.2000000E-04
 -0.1875469E+00  0.2000000E-04
  0.4431120E+00  0.2000000E-04
 -0.1128269E+00  0.2000000E-04
 -0.2614724E+00  0.2000000E-04
 -0.3171996E+00  0.2000000E-04
 -0.2724776E+00  0.2000000E-04
  0.4223047E+00  0.2000000E-04
 -0.2714258E+00  0.2000000E-04
  0.5074579E+00  0.2000000E-04
 -0.2934037E+00  0.2000000E-04
  0.4685516E-02  0.2000000E-04
 -0.2021921E+00  0.2000000E-04
 -0.2410684E+00  0.2000000E-04
  0.6709204E-01  0.2000000E-04
 -0.2773637E+00  0.2000000E-04
 -0.2763290E+00  0.2000000E-04
 -0.2696264E+00  0.2000000E-04
 -0.2835456E+00  0.2000000E-04
 -0.2496548E+00  0.2000000E-04
 -0.2752129E+00  0.2000000E-04
 -0.3007823E+00  0.2000000E-04
 -0.2734322E+00  0.2000000E-04
 -0.2608170E+00  0.2000000E-04
  0.1299629E-01  0.2000000E-04
 -0.2433532E+00  0.2000000E-04
  0.1827579E+00  0.2000000E-04
 -0.1037062E+00  0.2000000E-04
  0.5216875E+00  0.2000000E-04
  0.3558651E+00  0.2000000E-04
 -0.1510742E-01  0.2000000E-04
 -0.2538758E+00  0.2000000E-04
  0.4769611E+00  0.2000000E-04
 -0.1670600E+00  0.2000000E-04
 -0.2934379E+00  0.2000000E-04
 -0.2885261E+00  0.2000000E-04
 -0.2590587E+00  0.2000000E-04
 -0.2568429E+00  0.2000000E-04
  0.6924769E-01  0.2000000E-04
 -0.8662984E-01  0.2000000E-04
  0.3943973E+00  0.2000000E-04
 -0.2694096E+00  0.2000000E-04
 -0.2682058E+00  0.2000000E-04
 -0.2941059E+00  0.2000000E-04
 -0.2809778E+00  0.2000000E-04
 -0.6371774E-01  0.2000000E-04
  0.6005625E+00  0.2000000E-04
 -0.1282396E+00  0.2000000E-04
 -0.2421492E+00  0.2000000E-04
 -0.2128346E+00  0.2000000E-04
 -0.2759996E+00  0.2000000E-04
  0.4909664E+00  0.2000000E-04
 -0.2909810E+00  0.2000000E-04
 -0.2287222E+00  0.2000000E-04
  0.2554431E+00  0.2000000E-04
 -0.5708557E-01  0.2000000E-04
  0.3035630E+00  0.2000000E-04
  0.2544763E+00  0.2000000E-04
 -0.2713115E+00  0.2000000E-04
 -0.3303634E+00  0.2000000E-04
 -0.3244705E+00  0.2000000E-04
  0.4368612E+00  0.2000000E-04
  0.5040691E+00  0.2000000E-04
 -0.2346957E+00  0.2000000E-04
 -0.2668282E+00  0.2000000E-04
  0.5663007E+00  0.2000000E-04
  0.5693123E+00  0.2000000E-04
  0.4058594E+00  0.2000000E-04
 -0.3240077E+00  0.2000000E-04
 -0.1688105E+00  0.2000000E-04
  0.4827440E+00  0.2000000E-04
  0.5420269E+00  0.2000000E-04
 -0.1988692E+00  0.2000000E-04
 -0.2314610E+00  0.2000000E-04
  0.5177894E+00  0.2000000E-04
  0.1229231E-01  0.2000000E-04
  0.1206513E+00  0.2000000E-04
 -0.3277012E+00  0.2000000E-04
  0.8657850E-01  0.2000000E-04
 -0.2739393E+00  0.2000000E-04
 -0.2546627E+00  0.2000000E-04
 -0.3103034E+00  0.2000000E-04
  0.3030083E+00  0.2000000E-04
 -0.3006616E+00  0.2000000E-04
  0.3228497E+00  0.2000000E-04
 -0.2348507E+00  0.2000000E-04
 -0.2602403E+00  0.2000000E-04
 -0.3056748E+00  0.2000000E-04
  0.2607624E+00  0.2000000E-04
  0.2895512E+00  0.2000000E-04
 -0.2630172E+00  0.2000000E-04
 -0.2488149E+00  0.2000000E-04
 -0.2125591E+00  0.2000000E-04
 -0.2644887E+00  0.2000000E-04
 -0.2939116E+00  0.2000000E-04
  0.2801739E+00  0.2000000E-04
 -0.2433027E+00  0.2000000E-04
 -0.2391600E+00  0.2000000E-04
  0.5672416E+00  0.2000000E-04
  0.5071719E-01  0.2000000E-04
 -0.1871041E+00  0.2000000E-04
 -0.2797703E+00  0.2000000E-04
  0.5529247E+00  0.2000000E-04
 -0.2753063E+00  0.2000000E-04
 -0.2562865E+00  0.2000000E-04
 -0.2401036E+00  0.2000000E-04
 -0.2832581E+00  0.2000000E-04
 -0.8108361E-01  0.2000000E-04
 -0.1807001E+00  0.2000000E-04
 -0.2975038E+00  0.2000000E-04
 -0.2921252E+00  0.2000000E-04
  0.1665634E+00  0.2000000E-04
 -0.1165816E+00  0.2000000E-04
 -0.2767167E+00  0.2000000E-04
 -0.3454027E+00  0.2000000E-04
 -0.2946562E+00  0.2000000E-04
 -0.2443470E+00  0.2000000E-04
 -0.2906853E+00  0.2000000E-04
 -0.9783319E-01  0.2000000E-04
 -0.2855732E+00  0.2000000E-04
 -0.1866070E+00  0.2000000E-04
  0.5337848E-01  0.2000000E-04
 -0.2892220E+00  0.2000000E-04
  0.4912060E+00  0.2000000E-04
 -0.2834251E+00  0.2000000E-04
  0.4012841E-01  0.2000000E-04
 -0.1893670E+00  0.2000000E-04
 -0.2430167E+00  0.2000000E-04
 -0.2494582E+00  0.2000000E-04
  0.2191492E+00  0.2000000E-04
  0.5387561E-01  0.2000000E-04
  0.4222828E+00  0.2000000E-04
 -0.2693388E+00  0.2000000E-04
 -0.3169199E+00  0.2000000E-04
  0.3140968E+00  0.2000000E-04
 -0.1507118E+00  0.2000000E-04
  0.5005113E-01  0.2000000E-04
  0.5042157E+00  0.2000000E-04
 -0.2110858E-01  0.2000000E-04
 -0.1622029E+00  0.2000000E-04
 -0.2144862E+00  0.2000000E-04
  0.2809916E+00  0.2000000E-04
 -0.2702875E+00  0.2000000E-04
 -0.2579314E+00  0.2000000E-04
 -0.2770663E+00  0.2000000E-04
 -0.2747748E+00  0.2000000E-04
  0.3446792E+00  0.2000000E-04
  0.1842200E+00  0.2000000E-04
  0.5780862E+00  0.2000000E-04
  0.5447274E+00  0.2000000E-04
 -0.2986404E+00  0.2000000E-04
 -0.3013974E+00  0.2000000E-04
 -0.1875674E+00  0.2000000E-04
  0.4314937E+00  0.2000000E-04
  0.5095178E+00  0.2000000E-04
 -0.2560530E+00  0.2000000E-04
 -0.1141793E+00  0.2000000E-04
 -0.9763501E-03  0.2000000E-04
 -0.2671610E+00  0.2000000E-04
 -0.6848245E-01  0.2000000E-04
  0.5771902E+00  0.2000000E-04
  0.1857402E+00  0.2000000E-04
 -0.1785085E+00  0.2000000E-04
 -0.2714340E+00  0.2000000E-04
  0.3953998E+00  0.2000000E-04
  0.5130383E+00  0.2000000E-04
 -0.2525324E+00  0.2000000E-04
  0.3919411E-01  0.2000000E-04
 -0.2731920E+00  0.2000000E-04
 -0.2750210E+00  0.2000000E-04
 -0.2333498E+00  0.2000000E-04
  0.5782644E+00  0.2000000E-04
 -0.2679087E+00  0.2000000E-04
 -0.2657390E+00  0.2000000E-04
  0.2223293E+00  0.2000000E-04
 -0.2155970E+00  0.2000000E-04
  0.4992549E+00  0.2000000E-04
 -0.3421406E+00  0.2000000E-04
  0.1471829E+00  0.2000000E-04
 -0.2929618E+00  0.2000000E-04
 -0.2630494E+00  0.2000000E-04
 -0.2854576E+00  0.2000000E-04
  0.1600323E+00  0.2000000E-04
  0.3071802E-01  0.2000000E-04
  0.4925190E+00  0.2000000E-04
 -0.2996306E+00  0.2000000E-04
 -0.2493745E+00  0.2000000E-04
 -0.2059822E-01  0.2000000E-04
  0.3781306E+00  0.2000000E-04
 -0.2513167E+00  0.2000000E-04
 -0.2180570E+00  0.2000000E-04
 -0.2296191E+00  0.2000000E-04
 -0.2986906E+00  0.2000000E-04
  0.9135644E-01  0.2000000E-04
  0.5634273E+00  0.2000000E-04
  0.4937592E+00  0.2000000E-04
  0.5223606E+00  0.2000000E-04
  0.3669475E+00  0.2000000E-04
 -0.2431146E+00  0.2000000E-04
 -0.3172018E+00  0.2000000E-04
 -0.2731475E+00  0.2000000E-04
  0.5266817E+00  0.2000000E-04
 -0.2651887E+00  0.2000000E-04
 -0.2682126E+00  0.2000000E-04
 -0.1469058E+00  0.2000000E-04
 -0.2739108E+00  0.2000000E-04
 -0.2784716E+00  0.2000000E-04
 -0.7151461E-01  0.2000000E-04
 -0.2937974E+00  0.2000000E-04
  0.4570401E-01  0.2000000E-04
  0.3323348E+00  0.2000000E-04
  0.5322072E+00  0.2000000E-04
 -0.2857837E+00  0.2000000E-04
  0.2580029E+00  0.2000000E-04
 -0.2707701E+00  0.2000000E-04
 -0.3010235E+00  0.2000000E-04
  0.5109848E+00  0.2000000E-04
 -0.2694191E+00  0.2000000E-04
 -0.2751663E+00  0.2000000E-04
  0.2425050E+00  0.2000000E-04
  0.4172945E+00  0.2000000E-04
 -0.1273040E-01  0.2000000E-04
  0.4808522E+00  0.2000000E-04
  0.3598416E+00  0.2000000E-04
 -0.1525353E+00  0.2000000E-04
  0.8986650E-01  0.2000000E-04
  0.1500666E-01  0.2000000E-04
 -0.2617743E-02  0.2000000E-04
  0.3560686E+00  0.2000000E-04
 -0.2607743E+00  0.2000000E-04
  0.2298724E+00  0.2000000E-04
 -0.1878883E+00  0.2000000E-04
 -0.3252986E+00  0.2000000E-04
 -0.2644190E+00  0.2000000E-04
 -0.2772342E+00  0.2000000E-04
  0.1005290E+00  0.2000000E-04
  0.3341598E+00  0.2000000E-04
 -0.1652471E+00  0.2000000E-04
  0.5446908E+00  0.2000000E-04
  0.3813972E+00  0.2000000E-04
  0.8461798E-01  0.2000000E-04
  0.5821017E+00  0.2000000E-04
  0.3747388E+00  0.2000000E-04
  0.4537587E+00  0.2000000E-04
 -0.2800651E+00  0.2000000E-04
  0.5208097E+00  0.2000000E-04
  0.4563557E+00  0.2000000E-04
  0.3570532E-01  0.2000000E-04
  0.4100438E+00  0.2000000E-04
 -0.3097553E+00  0.2000000E-04
 -0.2847711E+00  0.2000000E-04
  0.1641581E-01  0.2000000E-04
  0.5344704E+00  0.2000000E-04
 -0.2632792E+00  0.2000000E-04
 -0.2947017E+00  0.2000000E-04
  0.5466140E+00  0.2000000E-04
  0.1760134E-01  0.2000000E-04
 -0.2602079E+00  0.2000000E-04
 -0.2552411E+00  0.2000000E-04
  0.5435054E+00  0.2000000E-04
  0.5777604E+00  0.2000000E-04
  0.4006359E+00  0.2000000E-04
 -0.2534766E+00  0.2000000E-04
  0.3414848E+00  0.2000000E-04
  0.4858132E+00  0.2000000E-04
 -0.2836627E+00  0.2000000E-04
 -0.1543508E+00  0.2000000E-04
  0.4368441E+00  0.2000000E-04
 -0.1178609E+00  0.2000000E-04
  0.5259535E+00  0.2000000E-04
 -0.1887215E+00  0.2000000E-04
  0.6313262E-01  0.2000000E-04
 -0.3115000E+00  0.2000000E-04
  0.3446395E+00  0.2000000E-04
  0.5796813E+00  0.2000000E-04
  0.5741556E-01  0.2000000E-04
 -0.2640680E+00  0.2000000E-04
 -0.2791223E+00  0.2000000E-04
 -0.1475269E+00  0.2000000E-04
 -0.1975358E+00  0.2000000E-04
  0.2610793E+00  0.2000000E-04
  0.2004644E+00  0.2000000E-04
  0.5217764E+00  0.2000000E-04
  0.4739104E+00  0.2000000E-04
 -0.2826395E+00  0.2000000E-04
 -0.3013762E-01  0.2000000E-04
  0.3809223E+00  0.2000000E-04
 -0.2527407E+00  0.2000000E-04
 -0.1219219E+00  0.2000000E-04
