 -0.1644787E+00  0.2000000E-04
  0.1496536E-01  0.2000000E-04
 -0.1668408E+00  0.2000000E-04
 -0.1030095E-01  0.2000000E-04
  0.3711549E-01  0.2000000E-04
 -0.1430079E+00  0.2000000E-04
 -0.1413636E+00  0.2000000E-04
  0.2086969E+00  0.2000000E-04
 -0.1797952E+00  0.2000000E-04
 -0.2821231E-01  0.2000000E-04
  0.3203937E+00  0.2000000E-04
  0.3320768E+00  0.2000000E-04
 -0.2672789E-01  0.2000000E-04
 -0.1771880E+00  0.2000000E-04
 -0.1676942E+00  0.2000000E-04
 -0.1735834E+00  0.2000000E-04
  0.3090573E+00  0.2000000E-04
 -0.7188330E-02  0.2000000E-04
 -0.1316229E+00  0.2000000E-04
 -0.1679668E+00  0.2000000E-04
 -0.1489598E+00  0.2000000E-04
 -0.1421316E+00  0.2000000E-04
  0.2325078E+00  0.2000000E-04
 -0.1482067E+00  0.2000000E-04
  0.3517084E+00  0.2000000E-04
 -0.1174235E+00  0.2000000E-04
 -0.1732973E+00  0.2000000E-04
  0.2465056E+00  0.2000000E-04
  0.3193185E+00  0.2000000E-04
  0.1331691E+00  0.2000000E-04
  0.3186347E+00  0.2000000E-04
 -0.1515161E+00  0.2000000E-04
 -0.1707303E+00  0.2000000E-04
 -0.1553543E+00  0.2000000E-04
 -0.1564080E+00  0.2000000E-04
 -0.1518637E+00  0.2000000E-04
 -0.1722898E-01  0.2000000E-04
 -0.1588291E+00  0.2000000E-04
 -0.1585378E+00  0.2000000E-04
  0.1948316E+00  0.2000000E-04
 -0.8962189E-01  0.2000000E-04
  0.2592819E+00  0.2000000E-04
 -0.1151262E+00  0.2000000E-04
 -0.1707603E+00  0.2000000E-04
 -0.1582384E+00  0.2000000E-04
  0.2681798E+00  0.2000000E-04
 -0.1276736E+00  0.2000000E-04
 -0.1389381E+00  0.2000000E-04
  0.4709769E-01  0.2000000E-04
  0.3083158E+00  0.2000000E-04
 -0.1489535E+00  0.2000000E-04
 -0.1636903E+00  0.2000000E-04
 -0.1680941E+00  0.2000000E-04
  0.1180336E+00  0.2000000E-04
 -0.2020697E+00  0.2000000E-04
  0.1331348E+00  0.2000000E-04
  0.3189233E+00  0.2000000E-04
 -0.1917408E+00  0.2000000E-04
  0.3053366E+00  0.2000000E-04
  0.3148090E+00  0.2000000E-04
 -0.1570534E+00  0.2000000E-04
  0.3204738E+00  0.2000000E-04
  0.7361776E-01  0.2000000E-04
  0.2725703E+00  0.2000000E-04
 -0.1535953E+00  0.2000000E-04
 -0.1790677E+00  0.2000000E-04
 -0.1729091E+00  0.2000000E-04
 -0.4413574E-01  0.2000000E-04
  0.3136409E+00  0.2000000E-04
 -0.9159271E-01  0.2000000E-04
  0.1544587E+00  0.2000000E-04
 -0.1597933E+00  0.2000000E-04
  0.3230376E+00  0.2000000E-04
 -0.1574441E+00  0.2000000E-04
 -0.9368251E-01  0.2000000E-04
 -0.1866294E+00  0.2000000E-04
 -0.1698178E+00  0.2000000E-04
 -0.1487057E+00  0.2000000E-04
 -0.1535612E+00  0.2000000E-04
 -0.1078247E+00  0.2000000E-04
  0.1625190E+00  0.2000000E-04
  0.1702863E-01  0.2000000E-04
  0.2359354E+00  0.2000000E-04
  0.3087783E+00  0.2000000E-04
  0.3334480E-01  0.2000000E-04
 -0.6740169E-02  0.2000000E-04
 -0.4117086E-01  0.2000000E-04
  0.1118098E+00  0.2000000E-04
  0.2050336E+00  0.2000000E-04
 -0.1346954E+00  0.2000000E-04
 -0.1718172E+00  0.2000000E-04
  0.1237403E+00  0.2000000E-04
  0.1481766E+00  0.2000000E-04
 -0.7386305E-01  0.2000000E-04
  0.2380193E+00  0.2000000E-04
 -0.1202262E+00  0.2000000E-04
 -0.1664658E+00  0.2000000E-04
 -0.6669144E-01  0.2000000E-04
 -0.1570203E+00  0.2000000E-04
 -0.1492061E+00  0.2000000E-04
  0.2011632E+00  0.2000000E-04
 -0.1580113E-01  0.2000000E-04
 -0.1539854E+00  0.2000000E-04
  0.1180714E+00  0.2000000E-04
  0.3099745E+00  0.2000000E-04
 -0.9534436E-01  0.2000000E-04
  0.3055824E+00  0.2000000E-04
 -0.1930492E+00  0.2000000E-04
  0.2794647E+00  0.2000000E-04
 -0.1478305E+00  0.2000000E-04
  0.7512594E-02  0.2000000E-04
 -0.1610930E+00  0.2000000E-04
 -0.9560313E-01  0.2000000E-04
 -0.1222171E+00  0.2000000E-04
 -0.1254011E+00  0.2000000E-04
 -0.1374145E+00  0.2000000E-04
 -0.1748623E+00  0.2000000E-04
 -0.1485168E+00  0.2000000E-04
 -0.1642622E+00  0.2000000E-04
 -0.6179202E-01  0.2000000E-04
 -0.1938529E-01  0.2000000E-04
 -0.2365306E-01  0.2000000E-04
 -0.1686992E+00  0.2000000E-04
 -0.1533228E+00  0.2000000E-04
 -0.1630200E+00  0.2000000E-04
 -0.1547234E+00  0.2000000E-04
 -0.1217269E+00  0.2000000E-04
 -0.1753260E+00  0.2000000E-04
  0.1557386E+00  0.2000000E-04
  0.1084012E+00  0.2000000E-04
 -0.1729368E+00  0.2000000E-04
 -0.1303768E+00  0.2000000E-04
 -0.1134542E+00  0.2000000E-04
 -0.1702823E+00  0.2000000E-04
  0.1973871E-01  0.2000000E-04
 -0.1768983E+00  0.2000000E-04
 -0.5610158E-01  0.2000000E-04
 -0.8552822E-01  0.2000000E-04
 -0.1721734E+00  0.2000000E-04
  0.1703059E+00  0.2000000E-04
 -0.1462061E+00  0.2000000E-04
 -0.9198523E-01  0.2000000E-04
 -0.1356418E+00  0.2000000E-04
 -0.1129359E+00  0.2000000E-04
 -0.5151037E-01  0.2000000E-04
 -0.1567198E+00  0.2000000E-04
  0.2630169E+00  0.2000000E-04
 -0.1842735E+00  0.2000000E-04
  0.3141456E+00  0.2000000E-04
 -0.1472874E+00  0.2000000E-04
 -0.1002071E+00  0.2000000E-04
 -0.1447482E+00  0.2000000E-04
  0.3440025E-01  0.2000000E-04
 -0.1234669E+00  0.2000000E-04
 -0.5581289E-01  0.2000000E-04
  0.6304617E-01  0.2000000E-04
 -0.1290352E+00  0.2000000E-04
 -0.9242184E-01  0.2000000E-04
 -0.3263799E-01  0.2000000E-04
 -0.1664349E+00  0.2000000E-04
 -0.1561841E+00  0.2000000E-04
 -0.1513110E+00  0.2000000E-04
  0.6195685E-01  0.2000000E-04
 -0.1653841E+00  0.2000000E-04
 -0.1698443E+00  0.2000000E-04
  0.2395672E+00  0.2000000E-04
  0.7072979E-01  0.2000000E-04
 -0.1344785E+00  0.2000000E-04
 -0.1308697E+00  0.2000000E-04
 -0.1137066E+00  0.2000000E-04
  0.1970876E+00  0.2000000E-04
 -0.1201159E+00  0.2000000E-04
 -0.7865437E-01  0.2000000E-04
 -0.1468726E+00  0.2000000E-04
 -0.1072082E+00  0.2000000E-04
 -0.1804370E+00  0.2000000E-04
 -0.1789399E+00  0.2000000E-04
 -0.1515900E+00  0.2000000E-04
 -0.1779081E+00  0.2000000E-04
 -0.7296081E-01  0.2000000E-04
 -0.1595066E+00  0.2000000E-04
  0.3592915E+00  0.2000000E-04
 -0.1665405E+00  0.2000000E-04
 -0.1378127E+00  0.2000000E-04
 -0.1380686E-01  0.2000000E-04
 -0.1626013E+00  0.2000000E-04
 -0.1713155E+00  0.2000000E-04
 -0.1499997E+00  0.2000000E-04
 -0.1536520E+00  0.2000000E-04
 -0.1792765E+00  0.2000000E-04
  0.2805892E+00  0.2000000E-04
 -0.1852012E+00  0.2000000E-04
 -0.1616224E+00  0.2000000E-04
 -0.1552291E+00  0.2000000E-04
 -0.1256912E+00  0.2000000E-04
 -0.1524186E+00  0.2000000E-04
 -0.1573937E+00  0.2000000E-04
 -0.1596183E+00  0.2000000E-04
 -0.1825473E+00  0.2000000E-04
  0.3092505E+00  0.2000000E-04
 -0.1616465E+00  0.2000000E-04
 -0.4104547E-01  0.2000000E-04
 -0.7319539E-01  0.2000000E-04
  0.2113257E+00  0.2000000E-04
  0.1524260E+00  0.2000000E-04
 -0.1679080E+00  0.2000000E-04
  0.3034113E+00  0.2000000E-04
 -0.1420726E+00  0.2000000E-04
 -0.1562570E+00  0.2000000E-04
  0.8922985E-01  0.2000000E-04
  0.3202957E+00  0.2000000E-04
  0.1727564E+00  0.2000000E-04
 -0.1829908E+00  0.2000000E-04
 -0.1376429E+00  0.2000000E-04
  0.1606348E+00  0.2000000E-04
  0.3246455E+00  0.2000000E-04
 -0.1667852E+00  0.2000000E-04
  0.3347290E+00  0.2000000E-04
 -0.1657253E+00  0.2000000E-04
 -0.1798314E+00  0.2000000E-04
 -0.1886196E+00  0.2000000E-04
 -0.1605318E+00  0.2000000E-04
 -0.1753641E+00  0.2000000E-04
  0.2489648E+00  0.2000000E-04
 -0.1083745E+00  0.2000000E-04
  0.1517514E+00  0.2000000E-04
  0.2518851E+00  0.2000000E-04
 -0.1587598E+00  0.2000000E-04
  0.1172650E+00  0.2000000E-04
  0.2827790E+00  0.2000000E-04
 -0.1489371E+00  0.2000000E-04
 -0.1686831E+00  0.2000000E-04
 -0.1533303E+00  0.2000000E-04
  0.2916362E+00  0.2000000E-04
 -0.1580815E+00  0.2000000E-04
 -0.4358643E-01  0.2000000E-04
  0.2374111E+00  0.2000000E-04
  0.3184631E-01  0.2000000E-04
 -0.9320534E-01  0.2000000E-04
  0.1190184E+00  0.2000000E-04
 -0.1291787E+00  0.2000000E-04
  0.3941952E-01  0.2000000E-04
 -0.1676580E+00  0.2000000E-04
  0.2758197E+00  0.2000000E-04
  0.1617562E+00  0.2000000E-04
  0.3171157E+00  0.2000000E-04
 -0.1754798E+00  0.2000000E-04
 -0.1589046E+00  0.2000000E-04
 -0.3575700E-01  0.2000000E-04
 -0.7300226E-01  0.2000000E-04
 -0.7053509E-01  0.2000000E-04
  0.1575775E+00  0.2000000E-04
 -0.8662570E-01  0.2000000E-04
 -0.1897224E-01  0.2000000E-04
  0.3218849E+00  0.2000000E-04
 -0.1625097E+00  0.2000000E-04
  0.1183408E-01  0.2000000E-04
 -0.1462707E+00  0.2000000E-04
 -0.4661560E-01  0.2000000E-04
 -0.3014600E-01  0.2000000E-04
 -0.1752740E+00  0.2000000E-04
 -0.1683148E+00  0.2000000E-04
 -0.1695462E+00  0.2000000E-04
 -0.8053662E-01  0.2000000E-04
  0.5664091E-01  0.2000000E-04
  0.2373622E+00  0.2000000E-04
 -0.1686235E+00  0.2000000E-04
 -0.1898338E+00  0.2000000E-04
 -0.1532003E+00  0.2000000E-04
 -0.1809237E+00  0.2000000E-04
  0.3170724E+00  0.2000000E-04
  0.2529610E+00  0.2000000E-04
 -0.1720195E+00  0.2000000E-04
 -0.1562889E+00  0.2000000E-04
 -0.1576657E+00  0.2000000E-04
 -0.1429031E-01  0.2000000E-04
 -0.1391808E+00  0.2000000E-04
 -0.1695389E+00  0.2000000E-04
 -0.1959814E+00  0.2000000E-04
 -0.1499407E+00  0.2000000E-04
 -0.1654716E+00  0.2000000E-04
  0.1435989E+00  0.2000000E-04
  0.3453203E+00  0.2000000E-04
 -0.1131705E+00  0.2000000E-04
 -0.1759961E+00  0.2000000E-04
 -0.1316982E+00  0.2000000E-04
 -0.1479536E+00  0.2000000E-04
 -0.1748562E+00  0.2000000E-04
 -0.1466010E+00  0.2000000E-04
  0.3069432E-01  0.2000000E-04
 -0.1710943E+00  0.2000000E-04
  0.3146946E+00  0.2000000E-04
  0.3528105E+00  0.2000000E-04
  0.3149858E+00  0.2000000E-04
 -0.1476330E+00  0.2000000E-04
 -0.1630388E+00  0.2000000E-04
 -0.6864378E-01  0.2000000E-04
  0.3262424E+00  0.2000000E-04
 -0.1697168E+00  0.2000000E-04
 -0.1001733E+00  0.2000000E-04
  0.1850772E+00  0.2000000E-04
 -0.6590511E-01  0.2000000E-04
 -0.3142761E-01  0.2000000E-04
  0.2336511E+00  0.2000000E-04
 -0.1765403E+00  0.2000000E-04
 -0.1152134E+00  0.2000000E-04
 -0.1420975E+00  0.2000000E-04
 -0.1476740E+00  0.2000000E-04
  0.7491901E-02  0.2000000E-04
 -0.1632142E+00  0.2000000E-04
  0.2648948E+00  0.2000000E-04
 -0.1822624E+00  0.2000000E-04
  0.3246808E+00  0.2000000E-04
 -0.6051001E-01  0.2000000E-04
 -0.1231019E+00  0.2000000E-04
  0.7491732E-01  0.2000000E-04
 -0.1461658E+00  0.2000000E-04
 -0.1587420E+00  0.2000000E-04
 -0.1689990E+00  0.2000000E-04
 -0.1890798E+00  0.2000000E-04
  0.2983937E+00  0.2000000E-04
  0.1580910E+00  0.2000000E-04
 -0.1822418E+00  0.2000000E-04
  0.2280629E+00  0.2000000E-04
  0.3040799E+00  0.2000000E-04
  0.2573493E+00  0.2000000E-04
  0.3190375E+00  0.2000000E-04
 -0.1474514E+00  0.2000000E-04
 -0.1500262E+00  0.2000000E-04
 -0.1923202E+00  0.2000000E-04
 -0.3745543E-01  0.2000000E-04
  0.3348768E+00  0.2000000E-04
 -0.1211157E+00  0.2000000E-04
 -0.1703005E+00  0.2000000E-04
  0.2239767E+00  0.2000000E-04
 -0.7208252E-01  0.2000000E-04
 -0.1892520E+00  0.2000000E-04
  0.1824612E+00  0.2000000E-04
  0.2771547E+00  0.2000000E-04
  0.3153943E+00  0.2000000E-04
 -0.1728389E+00  0.2000000E-04
 -0.1467810E+00  0.2000000E-04
 -0.4056320E-01  0.2000000E-04
 -0.1079442E+00  0.2000000E-04
  0.3364730E+00  0.2000000E-04
  0.1184469E+00  0.2000000E-04
  0.6855059E-01  0.2000000E-04
 -0.6726401E-01  0.2000000E-04
  0.1943620E+00  0.2000000E-04
  0.3183483E+00  0.2000000E-04
  0.3331295E+00  0.2000000E-04
 -0.1051642E+00  0.2000000E-04
 -0.1405057E+00  0.2000000E-04
 -0.1818548E+00  0.2000000E-04
  0.1795117E+00  0.2000000E-04
 -0.1537227E+00  0.2000000E-04
 -0.1503280E+00  0.2000000E-04
  0.5371016E-01  0.2000000E-04
 -0.1054856E+00  0.2000000E-04
  0.3297576E+00  0.2000000E-04
 -0.1441470E+00  0.2000000E-04
 -0.2324645E-01  0.2000000E-04
 -0.1832580E+00  0.2000000E-04
 -0.1513895E+00  0.2000000E-04
 -0.3341013E-01  0.2000000E-04
 -0.1743243E+00  0.2000000E-04
 -0.2835024E-01  0.2000000E-04
  0.1955938E+00  0.2000000E-04
 -0.1702700E+00  0.2000000E-04
 -0.7347849E-01  0.2000000E-04
 -0.1543899E+00  0.2000000E-04
 -0.1023322E+00  0.2000000E-04
 -0.8353287E-01  0.2000000E-04
 -0.2062605E+00  0.2000000E-04
  0.2538285E+00  0.2000000E-04
  0.2442115E+00  0.2000000E-04
 -0.1549278E+00  0.2000000E-04
 -0.1525605E+00  0.2000000E-04
 -0.1807715E+00  0.2000000E-04
 -0.1640798E+00  0.2000000E-04
 -0.1591655E+00  0.2000000E-04
  0.3181689E+00  0.2000000E-04
  0.2696035E+00  0.2000000E-04
 -0.1724749E+00  0.2000000E-04
 -0.4900779E-02  0.2000000E-04
 -0.1847280E+00  0.2000000E-04
  0.2937056E+00  0.2000000E-04
 -0.1467745E+00  0.2000000E-04
 -0.1825735E+00  0.2000000E-04
  0.9551930E-01  0.2000000E-04
  0.4260488E-01  0.2000000E-04
 -0.1248962E+00  0.2000000E-04
 -0.1554456E+00  0.2000000E-04
  0.1482279E+00  0.2000000E-04
 -0.1826665E+00  0.2000000E-04
 -0.1693192E+00  0.2000000E-04
 -0.1476027E+00  0.2000000E-04
  0.2752506E+00  0.2000000E-04
  0.3415970E+00  0.2000000E-04
  0.1780466E+00  0.2000000E-04
 -0.7576063E-01  0.2000000E-04
 -0.1968303E+00  0.2000000E-04
  0.3268512E+00  0.2000000E-04
 -0.1469133E+00  0.2000000E-04
  0.3262160E+00  0.2000000E-04
 -0.1681916E+00  0.2000000E-04
 -0.1678810E+00  0.2000000E-04
 -0.1512659E+00  0.2000000E-04
  0.2860302E+00  0.2000000E-04
 -0.1426616E+00  0.2000000E-04
  0.2396988E-01  0.2000000E-04
 -0.1695255E+00  0.2000000E-04
 -0.1691158E+00  0.2000000E-04
 -0.6882817E-01  0.2000000E-04
 -0.1704599E+00  0.2000000E-04
 -0.1424435E+00  0.2000000E-04
 -0.1996669E+00  0.2000000E-04
 -0.9580329E-01  0.2000000E-04
  0.6710634E-01  0.2000000E-04
  0.2164725E+00  0.2000000E-04
  0.3197201E+00  0.2000000E-04
 -0.1487879E+00  0.2000000E-04
 -0.1379782E+00  0.2000000E-04
  0.3035685E+00  0.2000000E-04
  0.9517734E-01  0.2000000E-04
  0.1520253E+00  0.2000000E-04
  0.1337268E+00  0.2000000E-04
 -0.1787679E+00  0.2000000E-04
  0.1466322E+00  0.2000000E-04
 -0.1320978E+00  0.2000000E-04
 -0.1581674E+00  0.2000000E-04
 -0.1744733E+00  0.2000000E-04
  0.6356820E-01  0.2000000E-04
 -0.1556999E+00  0.2000000E-04
  0.2294390E+00  0.2000000E-04
  0.5680913E-01  0.2000000E-04
  0.3154093E+00  0.2000000E-04
 -0.1525934E+00  0.2000000E-04
  0.3058857E+00  0.2000000E-04
 -0.1704341E-01  0.2000000E-04
 -0.1740267E+00  0.2000000E-04
 -0.1727634E+00  0.2000000E-04
 -0.1557371E+00  0.2000000E-04
 -0.1601998E+00  0.2000000E-04
  0.3247532E+00  0.2000000E-04
 -0.1855819E+00  0.2000000E-04
 -0.1584168E+00  0.2000000E-04
 -0.1574891E+00  0.2000000E-04
 -0.1678024E+00  0.2000000E-04
 -0.2335348E-01  0.2000000E-04
  0.2911001E+00  0.2000000E-04
 -0.1760187E+00  0.2000000E-04
 -0.9378554E-01  0.2000000E-04
  0.2935579E+00  0.2000000E-04
  0.1652485E-01  0.2000000E-04
 -0.1180892E-01  0.2000000E-04
 -0.1716417E+00  0.2000000E-04
 -0.1568072E+00  0.2000000E-04
 -0.1888555E+00  0.2000000E-04
  0.3223110E+00  0.2000000E-04
 -0.1292994E+00  0.2000000E-04
 -0.1083225E+00  0.2000000E-04
  0.1701885E+00  0.2000000E-04
  0.2066546E+00  0.2000000E-04
 -0.1309747E+00  0.2000000E-04
 -0.1668967E+00  0.2000000E-04
 -0.1661175E+00  0.2000000E-04
 -0.1312597E+00  0.2000000E-04
  0.2735999E+00  0.2000000E-04
  0.1839440E+00  0.2000000E-04
 -0.1786104E+00  0.2000000E-04
  0.2786185E+00  0.2000000E-04
 -0.1719455E+00  0.2000000E-04
  0.2530909E+00  0.2000000E-04
  0.2603741E+00  0.2000000E-04
 -0.1302900E+00  0.2000000E-04
 -0.1467475E+00  0.2000000E-04
 -0.1617455E+00  0.2000000E-04
 -0.1973948E-01  0.2000000E-04
 -0.1572877E+00  0.2000000E-04
  0.1220305E+00  0.2000000E-04
  0.2468520E+00  0.2000000E-04
 -0.1684197E+00  0.2000000E-04
  0.3373171E+00  0.2000000E-04
  0.3000335E+00  0.2000000E-04
  0.3380970E+00  0.2000000E-04
 -0.1223744E+00  0.2000000E-04
  0.3319132E+00  0.2000000E-04
  0.9195077E-01  0.2000000E-04
 -0.1258868E+00  0.2000000E-04
 -0.1883354E+00  0.2000000E-04
  0.1716118E+00  0.2000000E-04
 -0.7241998E-02  0.2000000E-04
  0.4855026E-01  0.2000000E-04
  0.3949689E-01  0.2000000E-04
 -0.1518189E+00  0.2000000E-04
  0.3057163E+00  0.2000000E-04
 -0.1638036E+00  0.2000000E-04
 -0.1910260E+00  0.2000000E-04
 -0.1451206E+00  0.2000000E-04
 -0.1116864E+00  0.2000000E-04
  0.3430983E-01  0.2000000E-04
 -0.1789889E+00  0.2000000E-04
 -0.1621409E+00  0.2000000E-04
 -0.5758135E-01  0.2000000E-04
 -0.8835578E-01  0.2000000E-04
  0.1346407E+00  0.2000000E-04
 -0.1319584E+00  0.2000000E-04
 -0.1913378E+00  0.2000000E-04
 -0.2356173E-01  0.2000000E-04
 -0.1525343E+00  0.2000000E-04
 -0.1739144E+00  0.2000000E-04
  0.3204790E+00  0.2000000E-04
  0.2711008E+00  0.2000000E-04
 -0.5829167E-01  0.2000000E-04
  0.2499563E+00  0.2000000E-04
 -0.8768734E-01  0.2000000E-04
  0.2771251E+00  0.2000000E-04
 -0.1406203E+00  0.2000000E-04
  0.1249076E+00  0.2000000E-04
 -0.1568295E+00  0.2000000E-04
  0.2476394E-01  0.2000000E-04
  0.5343272E-02  0.2000000E-04
 -0.1489103E+00  0.2000000E-04
 -0.1378474E+00  0.2000000E-04
  0.1770734E+00  0.2000000E-04
  0.3185467E-01  0.2000000E-04
 -0.1168368E-01  0.2000000E-04
 -0.1449713E+00  0.2000000E-04
  0.2067881E+00  0.2000000E-04
 -0.1617626E+00  0.2000000E-04
 -0.1696046E+00  0.2000000E-04
 -0.1547052E+00  0.2000000E-04
  0.3309375E+00  0.2000000E-04
 -0.1265741E+00  0.2000000E-04
  0.1570138E+00  0.2000000E-04
  0.2375704E+00  0.2000000E-04
 -0.1599129E+00  0.2000000E-04
  0.2595670E+00  0.2000000E-04
  0.1587673E+00  0.2000000E-04
 -0.1579228E+00  0.2000000E-04
 -0.7987124E-01  0.2000000E-04
 -0.1509653E+00  0.2000000E-04
  0.1250192E-01  0.2000000E-04
  0.3288493E+00  0.2000000E-04
  0.8810684E-01  0.2000000E-04
 -0.1627412E+00  0.2000000E-04
  0.3554559E+00  0.2000000E-04
  0.7868718E-01  0.2000000E-04
  0.1474938E+00  0.2000000E-04
 -0.1706764E+00  0.2000000E-04
 -0.1676925E+00  0.2000000E-04
  0.7610268E-01  0.2000000E-04
  0.1119343E+00  0.2000000E-04
 -0.1446093E+00  0.2000000E-04
 -0.1670198E+00  0.2000000E-04
  0.2332349E+00  0.2000000E-04
  0.2966241E+00  0.2000000E-04
 -0.1684597E+00  0.2000000E-04
  0.3231670E+00  0.2000000E-04
  0.3175279E+00  0.2000000E-04
 -0.1662949E+00  0.2000000E-04
 -0.1775685E+00  0.2000000E-04
  0.3360935E+00  0.2000000E-04
 -0.1576010E+00  0.2000000E-04
  0.1098410E+00  0.2000000E-04
  0.2685607E+00  0.2000000E-04
 -0.1650293E+00  0.2000000E-04
 -0.1758005E+00  0.2000000E-04
 -0.1966420E+00  0.2000000E-04
 -0.1648468E+00  0.2000000E-04
 -0.1798178E+00  0.2000000E-04
 -0.1020146E+00  0.2000000E-04
 -0.1718646E+00  0.2000000E-04
 -0.1650104E+00  0.2000000E-04
 -0.9630658E-01  0.2000000E-04
 -0.8356632E-01  0.2000000E-04
 -0.1122737E+00  0.2000000E-04
 -0.9876706E-01  0.2000000E-04
  0.2753211E+00  0.2000000E-04
  0.1506373E+00  0.2000000E-04
 -0.8128428E-01  0.2000000E-04
  0.1932862E+00  0.2000000E-04
 -0.6394584E-01  0.2000000E-04
 -0.1587838E+00  0.2000000E-04
  0.7831615E-01  0.2000000E-04
  0.3105344E+00  0.2000000E-04
  0.3040011E+00  0.2000000E-04
  0.1093782E+00  0.2000000E-04
 -0.1570226E+00  0.2000000E-04
 -0.1732868E+00  0.2000000E-04
 -0.1854890E+00  0.2000000E-04
  0.1349521E+00  0.2000000E-04
 -0.1732752E+00  0.2000000E-04
  0.2531196E+00  0.2000000E-04
  0.3497126E+00  0.2000000E-04
  0.2639413E+00  0.2000000E-04
 -0.1810810E+00  0.2000000E-04
  0.1209057E+00  0.2000000E-04
 -0.8570102E-01  0.2000000E-04
  0.2979621E+00  0.2000000E-04
 -0.1071667E+00  0.2000000E-04
  0.6928850E-02  0.2000000E-04
 -0.1798877E+00  0.2000000E-04
  0.3250680E+00  0.2000000E-04
 -0.1845648E+00  0.2000000E-04
  0.1584369E+00  0.2000000E-04
 -0.1952102E+00  0.2000000E-04
  0.3225455E+00  0.2000000E-04
  0.3220234E+00  0.2000000E-04
 -0.1306941E+00  0.2000000E-04
 -0.1533698E+00  0.2000000E-04
 -0.1725908E+00  0.2000000E-04
 -0.1379195E+00  0.2000000E-04
 -0.1885944E+00  0.2000000E-04
 -0.1371938E+00  0.2000000E-04
 -0.1492465E+00  0.2000000E-04
 -0.1072249E+00  0.2000000E-04
  0.6329194E-01  0.2000000E-04
 -0.1163386E+00  0.2000000E-04
  0.1554821E+00  0.2000000E-04
 -0.1614264E+00  0.2000000E-04
 -0.1880490E+00  0.2000000E-04
 -0.1267561E-01  0.2000000E-04
  0.1529029E+00  0.2000000E-04
 -0.1108315E+00  0.2000000E-04
 -0.1357412E+00  0.2000000E-04
  0.8889070E-01  0.2000000E-04
  0.1508005E+00  0.2000000E-04
 -0.1545276E+00  0.2000000E-04
 -0.1142973E+00  0.2000000E-04
  0.3191227E+00  0.2000000E-04
 -0.1724360E+00  0.2000000E-04
  0.2580161E+00  0.2000000E-04
 -0.1272861E+00  0.2000000E-04
  0.2466666E+00  0.2000000E-04
  0.3131477E+00  0.2000000E-04
  0.6668255E-01  0.2000000E-04
 -0.1775494E+00  0.2000000E-04
 -0.1744943E+00  0.2000000E-04
  0.2432516E+00  0.2000000E-04
 -0.4931792E-01  0.2000000E-04
 -0.1304864E+00  0.2000000E-04
 -0.1501735E+00  0.2000000E-04
  0.5935696E-01  0.2000000E-04
 -0.1272472E+00  0.2000000E-04
 -0.5326759E-01  0.2000000E-04
 -0.1287335E+00  0.2000000E-04
 -0.1533331E+00  0.2000000E-04
  0.3026847E+00  0.2000000E-04
  0.2315365E-01  0.2000000E-04
 -0.1946817E+00  0.2000000E-04
 -0.1608558E+00  0.2000000E-04
 -0.1713404E+00  0.2000000E-04
  0.3189696E+00  0.2000000E-04
  0.9200676E-01  0.2000000E-04
 -0.1239863E+00  0.2000000E-04
 -0.1132758E+00  0.2000000E-04
 -0.1294090E+00  0.2000000E-04
 -0.1853401E+00  0.2000000E-04
  0.2480680E+00  0.2000000E-04
  0.2288750E+00  0.2000000E-04
 -0.1740924E+00  0.2000000E-04
 -0.6972265E-01  0.2000000E-04
 -0.1710240E+00  0.2000000E-04
  0.1034014E+00  0.2000000E-04
 -0.1422216E+00  0.2000000E-04
  0.2811453E+00  0.2000000E-04
  0.5122653E-01  0.2000000E-04
 -0.1516303E+00  0.2000000E-04
 -0.1661621E+00  0.2000000E-04
 -0.1665286E+00  0.2000000E-04
 -0.1679080E+00  0.2000000E-04
  0.2989856E+00  0.2000000E-04
 -0.9039705E-01  0.2000000E-04
 -0.6608925E-01  0.2000000E-04
 -0.1491608E+00  0.2000000E-04
 -0.1536246E+00  0.2000000E-04
 -0.9373433E-01  0.2000000E-04
  0.1821638E+00  0.2000000E-04
  0.3063468E+00  0.2000000E-04
 -0.1520332E+00  0.2000000E-04
 -0.6566932E-01  0.2000000E-04
 -0.1376969E+00  0.2000000E-04
 -0.1634345E+00  0.2000000E-04
 -0.1405534E+00  0.2000000E-04
 -0.5396817E-01  0.2000000E-04
 -0.1712423E+00  0.2000000E-04
 -0.1822475E+00  0.2000000E-04
  0.3304707E+00  0.2000000E-04
  0.3372158E+00  0.2000000E-04
 -0.5378001E-01  0.2000000E-04
  0.1803609E+00  0.2000000E-04
  0.2214076E+00  0.2000000E-04
 -0.8140475E-01  0.2000000E-04
 -0.4043436E-01  0.2000000E-04
 -0.1886490E+00  0.2000000E-04
 -0.1489901E+00  0.2000000E-04
 -0.1506138E+00  0.2000000E-04
 -0.5080936E-01  0.2000000E-04
 -0.1084652E+00  0.2000000E-04
 -0.1618021E+00  0.2000000E-04
  0.3424170E+00  0.2000000E-04
  0.3129616E+00  0.2000000E-04
  0.3473939E+00  0.2000000E-04
 -0.1416435E+00  0.2000000E-04
 -0.1590395E+00  0.2000000E-04
 -0.1498926E+00  0.2000000E-04
  0.2423338E+00  0.2000000E-04
  0.2193800E+00  0.2000000E-04
  0.3098409E+00  0.2000000E-04
  0.5783387E-01  0.2000000E-04
 -0.1158107E+00  0.2000000E-04
  0.2617526E+00  0.2000000E-04
 -0.7107722E-01  0.2000000E-04
 -0.1600684E+00  0.2000000E-04
 -0.1934312E+00  0.2000000E-04
 -0.1666570E+00  0.2000000E-04
  0.2492958E+00  0.2000000E-04
 -0.1660274E+00  0.2000000E-04
  0.3002753E+00  0.2000000E-04
 -0.1791849E+00  0.2000000E-04
 -0.7248195E-03  0.2000000E-04
 -0.1245784E+00  0.2000000E-04
 -0.1478530E+00  0.2000000E-04
  0.3663675E-01  0.2000000E-04
 -0.1695823E+00  0.2000000E-04
 -0.1689627E+00  0.2000000E-04
 -0.1649501E+00  0.2000000E-04
 -0.1732831E+00  0.2000000E-04
 -0.1529935E+00  0.2000000E-04
 -0.1682946E+00  0.2000000E-04
 -0.1836026E+00  0.2000000E-04
 -0.1672285E+00  0.2000000E-04
 -0.1596761E+00  0.2000000E-04
  0.4250681E-02  0.2000000E-04
 -0.1492208E+00  0.2000000E-04
  0.1058837E+00  0.2000000E-04
 -0.6561685E-01  0.2000000E-04
  0.3087944E+00  0.2000000E-04
  0.2095197E+00  0.2000000E-04
 -0.1257447E-01  0.2000000E-04
 -0.1555204E+00  0.2000000E-04
  0.2820175E+00  0.2000000E-04
 -0.1035456E+00  0.2000000E-04
 -0.1792055E+00  0.2000000E-04
 -0.1762649E+00  0.2000000E-04
 -0.1586234E+00  0.2000000E-04
 -0.1572969E+00  0.2000000E-04
  0.3792731E-01  0.2000000E-04
 -0.5539353E-01  0.2000000E-04
  0.2325881E+00  0.2000000E-04
 -0.1648203E+00  0.2000000E-04
 -0.1640995E+00  0.2000000E-04
 -0.1796056E+00  0.2000000E-04
 -0.1717460E+00  0.2000000E-04
 -0.4167652E-01  0.2000000E-04
  0.3560154E+00  0.2000000E-04
 -0.8030450E-01  0.2000000E-04
 -0.1485000E+00  0.2000000E-04
 -0.1309499E+00  0.2000000E-04
 -0.1687657E+00  0.2000000E-04
  0.2904023E+00  0.2000000E-04
 -0.1777346E+00  0.2000000E-04
 -0.1404615E+00  0.2000000E-04
  0.1493990E+00  0.2000000E-04
 -0.3770599E-01  0.2000000E-04
  0.1782074E+00  0.2000000E-04
  0.1488201E+00  0.2000000E-04
 -0.1659590E+00  0.2000000E-04
 -0.2013123E+00  0.2000000E-04
 -0.1977842E+00  0.2000000E-04
  0.2580105E+00  0.2000000E-04
  0.2982465E+00  0.2000000E-04
 -0.1440378E+00  0.2000000E-04
 -0.1632748E+00  0.2000000E-04
  0.3355033E+00  0.2000000E-04
  0.3373064E+00  0.2000000E-04
  0.2394502E+00  0.2000000E-04
 -0.1975072E+00  0.2000000E-04
 -0.1045935E+00  0.2000000E-04
  0.2854796E+00  0.2000000E-04
  0.3209712E+00  0.2000000E-04
 -0.1225892E+00  0.2000000E-04
 -0.1421012E+00  0.2000000E-04
  0.3064606E+00  0.2000000E-04
  0.3829223E-02  0.2000000E-04
  0.6870167E-01  0.2000000E-04
 -0.1997183E+00  0.2000000E-04
  0.4830292E-01  0.2000000E-04
 -0.1675322E+00  0.2000000E-04
 -0.1559917E+00  0.2000000E-04
 -0.1893027E+00  0.2000000E-04
  0.1778754E+00  0.2000000E-04
 -0.1835302E+00  0.2000000E-04
  0.1897539E+00  0.2000000E-04
 -0.1441305E+00  0.2000000E-04
 -0.1593309E+00  0.2000000E-04
 -0.1865316E+00  0.2000000E-04
  0.1525835E+00  0.2000000E-04
  0.1698188E+00  0.2000000E-04
 -0.1609934E+00  0.2000000E-04
 -0.1524906E+00  0.2000000E-04
 -0.1307851E+00  0.2000000E-04
 -0.1618742E+00  0.2000000E-04
 -0.1794891E+00  0.2000000E-04
  0.1642048E+00  0.2000000E-04
 -0.1491907E+00  0.2000000E-04
 -0.1467105E+00  0.2000000E-04
  0.3360667E+00  0.2000000E-04
  0.2683346E-01  0.2000000E-04
 -0.1155456E+00  0.2000000E-04
 -0.1710231E+00  0.2000000E-04
  0.3274953E+00  0.2000000E-04
 -0.1683506E+00  0.2000000E-04
 -0.1569637E+00  0.2000000E-04
 -0.1472753E+00  0.2000000E-04
 -0.1731111E+00  0.2000000E-04
 -0.5207314E-01  0.2000000E-04
 -0.1117116E+00  0.2000000E-04
 -0.1816397E+00  0.2000000E-04
 -0.1784196E+00  0.2000000E-04
  0.9618833E-01  0.2000000E-04
 -0.7332512E-01  0.2000000E-04
 -0.1691949E+00  0.2000000E-04
 -0.2103159E+00  0.2000000E-04
 -0.1799349E+00  0.2000000E-04
 -0.1498158E+00  0.2000000E-04
 -0.1775576E+00  0.2000000E-04
 -0.6210081E-01  0.2000000E-04
 -0.1744971E+00  0.2000000E-04
 -0.1152480E+00  0.2000000E-04
  0.2842672E-01  0.2000000E-04
 -0.1766816E+00  0.2000000E-04
  0.2905455E+00  0.2000000E-04
 -0.1732111E+00  0.2000000E-04
  0.2049416E-01  0.2000000E-04
 -0.1169004E+00  0.2000000E-04
 -0.1490194E+00  0.2000000E-04
 -0.1528758E+00  0.2000000E-04
  0.1276705E+00  0.2000000E-04
  0.2872434E-01  0.2000000E-04
  0.2492827E+00  0.2000000E-04
 -0.1647779E+00  0.2000000E-04
 -0.1932637E+00  0.2000000E-04
  0.1845138E+00  0.2000000E-04
 -0.9375828E-01  0.2000000E-04
  0.2643469E-01  0.2000000E-04
  0.2983343E+00  0.2000000E-04
 -0.1616725E-01  0.2000000E-04
 -0.1006377E+00  0.2000000E-04
 -0.1319387E+00  0.2000000E-04
  0.1646943E+00  0.2000000E-04
 -0.1653460E+00  0.2000000E-04
 -0.1579485E+00  0.2000000E-04
 -0.1694042E+00  0.2000000E-04
 -0.1680323E+00  0.2000000E-04
  0.2028227E+00  0.2000000E-04
  0.1067590E+00  0.2000000E-04
  0.3425590E+00  0.2000000E-04
  0.3225878E+00  0.2000000E-04
 -0.1823202E+00  0.2000000E-04
 -0.1839708E+00  0.2000000E-04
 -0.1158230E+00  0.2000000E-04
  0.2547970E+00  0.2000000E-04
  0.3015085E+00  0.2000000E-04
 -0.1568239E+00  0.2000000E-04
 -0.7188688E-01  0.2000000E-04
 -0.4114471E-02  0.2000000E-04
 -0.1634740E+00  0.2000000E-04
 -0.4452908E-01  0.2000000E-04
  0.3420227E+00  0.2000000E-04
  0.1076691E+00  0.2000000E-04
 -0.1103996E+00  0.2000000E-04
 -0.1660323E+00  0.2000000E-04
  0.2331884E+00  0.2000000E-04
  0.3036161E+00  0.2000000E-04
 -0.1547162E+00  0.2000000E-04
  0.1993483E-01  0.2000000E-04
 -0.1670847E+00  0.2000000E-04
 -0.1681797E+00  0.2000000E-04
 -0.1432320E+00  0.2000000E-04
  0.3426658E+00  0.2000000E-04
 -0.1639217E+00  0.2000000E-04
 -0.1626227E+00  0.2000000E-04
  0.1295743E+00  0.2000000E-04
 -0.1326038E+00  0.2000000E-04
  0.2953644E+00  0.2000000E-04
 -0.2083630E+00  0.2000000E-04
  0.8458572E-01  0.2000000E-04
 -0.1789205E+00  0.2000000E-04
 -0.1610126E+00  0.2000000E-04
 -0.1744280E+00  0.2000000E-04
  0.9227836E-01  0.2000000E-04
  0.1486034E-01  0.2000000E-04
  0.2913316E+00  0.2000000E-04
 -0.1829131E+00  0.2000000E-04
 -0.1528257E+00  0.2000000E-04
 -0.1586170E-01  0.2000000E-04
  0.2228494E+00  0.2000000E-04
 -0.1539884E+00  0.2000000E-04
 -0.1340765E+00  0.2000000E-04
 -0.1409985E+00  0.2000000E-04
 -0.1823503E+00  0.2000000E-04
  0.5116338E-01  0.2000000E-04
  0.3337832E+00  0.2000000E-04
  0.2920742E+00  0.2000000E-04
  0.3091973E+00  0.2000000E-04
  0.2161545E+00  0.2000000E-04
 -0.1490780E+00  0.2000000E-04
 -0.1934326E+00  0.2000000E-04
 -0.1670581E+00  0.2000000E-04
  0.3117843E+00  0.2000000E-04
 -0.1622933E+00  0.2000000E-04
 -0.1641037E+00  0.2000000E-04
 -0.9147960E-01  0.2000000E-04
 -0.1675151E+00  0.2000000E-04
 -0.1702456E+00  0.2000000E-04
 -0.4634435E-01  0.2000000E-04
 -0.1794208E+00  0.2000000E-04
  0.2383216E-01  0.2000000E-04
  0.1954325E+00  0.2000000E-04
  0.3150922E+00  0.2000000E-04
 -0.1746232E+00  0.2000000E-04
  0.1509314E+00  0.2000000E-04
 -0.1656349E+00  0.2000000E-04
 -0.1837469E+00  0.2000000E-04
  0.3023869E+00  0.2000000E-04
 -0.1648261E+00  0.2000000E-04
 -0.1682668E+00  0.2000000E-04
  0.1416531E+00  0.2000000E-04
  0.2462963E+00  0.2000000E-04
 -0.1115139E-01  0.2000000E-04
  0.2843470E+00  0.2000000E-04
  0.2119003E+00  0.2000000E-04
 -0.9484991E-01  0.2000000E-04
  0.5027137E-01  0.2000000E-04
  0.5454252E-02  0.2000000E-04
 -0.5097142E-02  0.2000000E-04
  0.2096415E+00  0.2000000E-04
 -0.1596505E+00  0.2000000E-04
  0.1340902E+00  0.2000000E-04
 -0.1160150E+00  0.2000000E-04
 -0.1982800E+00  0.2000000E-04
 -0.1618326E+00  0.2000000E-04
 -0.1695048E+00  0.2000000E-04
  0.5665480E-01  0.2000000E-04
  0.1965250E+00  0.2000000E-04
 -0.1024601E+00  0.2000000E-04
  0.3225659E+00  0.2000000E-04
  0.2248052E+00  0.2000000E-04
  0.4712920E-01  0.2000000E-04
  0.3449632E+00  0.2000000E-04
  0.2208189E+00  0.2000000E-04
  0.2681267E+00  0.2000000E-04
 -0.1711996E+00  0.2000000E-04
  0.3082687E+00  0.2000000E-04
  0.2696814E+00  0.2000000E-04
  0.1784614E-01  0.2000000E-04
  0.2419554E+00  0.2000000E-04
 -0.1889744E+00  0.2000000E-04
 -0.1740169E+00  0.2000000E-04
  0.6297881E-02  0.2000000E-04
  0.3164471E+00  0.2000000E-04
 -0.1611501E+00  0.2000000E-04
 -0.1799622E+00  0.2000000E-04
  0.3237175E+00  0.2000000E-04
  0.7007638E-02  0.2000000E-04
 -0.1593114E+00  0.2000000E-04
 -0.1563379E+00  0.2000000E-04
  0.3218561E+00  0.2000000E-04
  0.3423640E+00  0.2000000E-04
  0.2363231E+00  0.2000000E-04
 -0.1552816E+00  0.2000000E-04
  0.2009104E+00  0.2000000E-04
  0.2873170E+00  0.2000000E-04
 -0.1733534E+00  0.2000000E-04
 -0.9593679E-01  0.2000000E-04
  0.2580001E+00  0.2000000E-04
 -0.7409102E-01  0.2000000E-04
  0.3113482E+00  0.2000000E-04
 -0.1165139E+00  0.2000000E-04
  0.3426634E-01  0.2000000E-04
 -0.1900190E+00  0.2000000E-04
  0.2027991E+00  0.2000000E-04
  0.3435141E+00  0.2000000E-04
  0.3084364E-01  0.2000000E-04
 -0.1616223E+00  0.2000000E-04
 -0.1706351E+00  0.2000000E-04
 -0.9185148E-01  0.2000000E-04
 -0.1217908E+00  0.2000000E-04
  0.1527732E+00  0.2000000E-04
  0.1164842E+00  0.2000000E-04
  0.3088473E+00  0.2000000E-04
  0.2801913E+00  0.2000000E-04
 -0.1727408E+00  0.2000000E-04
 -0.2157277E-01  0.2000000E-04
  0.2245209E+00  0.2000000E-04
 -0.1548410E+00  0.2000000E-04
 -0.7652226E-01  0.2000000E-04
