  -5.1303248e-01  -2.6745804e-03
  -4.5131431e-01   7.3595011e-02
  -4.1137901e-01   1.6611878e-01
  -3.8778089e-01   2.5739222e-01
  -3.6781324e-01   3.3866310e-01
  -3.4875321e-01   4.1743334e-01
  -3.3604653e-01   5.0745646e-01
  -3.2061699e-01   5.9372862e-01
  -2.9883408e-01   6.9625494e-01
  -2.8340453e-01   7.9628063e-01
  -2.6888261e-01   9.0130761e-01
  -2.5617592e-01   9.9133074e-01
  -2.3893114e-01   1.1013590e+00
  -2.2531683e-01   1.2051357e+00
  -2.1533302e-01   1.2839059e+00
  -1.9808824e-01   1.4101883e+00
  -1.7812059e-01   1.5352204e+00
  -1.5543009e-01   1.6464990e+00
  -1.3727768e-01   1.7465247e+00
  -1.1458719e-01   1.8352975e+00
  -9.7342403e-02   1.9040652e+00
  -7.4651896e-02   1.9590793e+00
  -5.0146148e-02   2.0090921e+00
   2.4958276e-03   2.0178444e+00
   3.5170157e-02   1.9365735e+00
   6.2398766e-02   1.8653052e+00
   7.7828310e-02   1.7852847e+00
   9.6888336e-02   1.7015131e+00
   1.0959502e-01   1.6164913e+00
   1.2502456e-01   1.5339701e+00
   1.3591603e-01   1.4526992e+00
   1.4862272e-01   1.3689277e+00
   1.6314464e-01   1.2839059e+00
   1.8038943e-01   1.1776286e+00
   1.9581897e-01   1.0938571e+00
   2.1215614e-01   1.0063346e+00
   2.2304758e-01   9.2631401e-01
   2.5299903e-01   7.6752324e-01
   2.7387430e-01   6.6749755e-01
   2.9202671e-01   5.9247828e-01
   3.1834769e-01   4.9370290e-01
   3.4285344e-01   4.0868106e-01
   3.7734301e-01   3.1490697e-01
   4.2181638e-01   2.2738451e-01
   4.4904499e-01   1.7112005e-01
   4.8898028e-01   1.1985689e-01
   5.2437747e-01   8.2347250e-02
   5.6612801e-01   5.6090505e-02
   6.1695474e-01   3.2334403e-02
   6.6596624e-01   1.7330549e-02
   7.3222252e-01  -3.9249111e-03
