  -6.7516520e-01   1.1100886e-03
  -6.4229441e-01   9.1674501e-02
  -6.2520160e-01   1.9672922e-01
  -6.1599778e-01   2.6012431e-01
  -6.0153463e-01   3.6699031e-01
  -5.9496047e-01   4.5936601e-01
  -5.9101597e-01   5.5174172e-01
  -5.8707148e-01   6.5317386e-01
  -5.8181215e-01   7.5460600e-01
  -5.7655283e-01   8.6509458e-01
  -5.7129349e-01   1.0027526e+00
  -5.6340450e-01   1.1675798e+00
  -5.5683034e-01   1.3396522e+00
  -5.4894135e-01   1.4845553e+00
  -5.3973753e-01   1.6258357e+00
  -5.3053371e-01   1.7689275e+00
  -5.1870023e-01   1.9591128e+00
  -5.0686674e-01   2.0768465e+00
  -5.0029258e-01   2.1945803e+00
  -4.7925528e-01   2.0188853e+00
  -4.6610696e-01   1.8703597e+00
  -4.5164381e-01   1.7399469e+00
  -4.3849549e-01   1.5986664e+00
  -4.2336930e-01   1.4016443e+00
  -4.1169548e-01   1.2627573e+00
  -4.0214416e-01   1.1574956e+00
  -3.8198028e-01   1.0551578e+00
  -3.6500017e-01   9.6159187e-01
  -3.5014257e-01   8.9580335e-01
  -3.2254989e-01   8.1685705e-01
  -2.8434463e-01   7.3206289e-01
  -2.3977184e-01   6.6335038e-01
  -1.9519904e-01   6.0925755e-01
  -1.2621734e-01   5.4785487e-01
  -6.2541914e-02   5.0545779e-01
   4.3172788e-03   4.7183252e-01
   9.0279073e-02   4.3820729e-01
   1.4334192e-01   4.2504957e-01
   2.0489483e-01   4.0165808e-01
   2.7812157e-01   3.9142430e-01
   3.4391950e-01   3.7388068e-01
   4.0228864e-01   3.6364690e-01
   4.7869914e-01   3.5341312e-01
   5.4449708e-01   3.4610328e-01
   6.2833639e-01   3.4317934e-01
   7.0793061e-01   3.3879343e-01
   7.7903483e-01   3.3440752e-01
   8.5756785e-01   3.3586949e-01
   9.1805950e-01   3.3733146e-01
   9.7961241e-01   3.5633705e-01
   1.0199402e+00   3.4902721e-01
   1.0581454e+00   2.9054847e-01
   1.0910444e+00   1.8821069e-01
   1.1165146e+00   1.3119392e-01
   1.1462298e+00   5.3709597e-02
   1.1727612e+00   2.1546251e-02
   1.2056602e+00  -9.1550847e-03