  -7.0661144e-01  -1.2738207e-03
  -6.8953741e-01   7.8435800e-02
  -6.7625761e-01   1.4246484e-01
  -6.6392637e-01   1.9865359e-01
  -6.5349224e-01   2.4308190e-01
  -6.4969801e-01   3.1887138e-01
  -6.4590378e-01   4.0642129e-01
  -6.4210956e-01   4.9527791e-01
  -6.4021244e-01   5.7629425e-01
  -6.3546966e-01   6.6253747e-01
  -6.3167543e-01   7.4878067e-01
  -6.2788120e-01   8.2587686e-01
  -6.2408697e-01   9.0819991e-01
  -6.2124130e-01   9.9052296e-01
  -6.1744707e-01   1.0636990e+00
  -6.1365284e-01   1.1499422e+00
  -6.0985861e-01   1.2401056e+00
  -6.0511583e-01   1.3211219e+00
  -6.0227016e-01   1.4086718e+00
  -5.9847593e-01   1.5040620e+00
  -5.9468170e-01   1.5981455e+00
  -5.9373314e-01   1.7000693e+00
  -5.8899035e-01   1.7967662e+00
  -5.8709324e-01   1.8764758e+00
  -5.8614468e-01   1.9666391e+00
  -5.8140190e-01   2.0764032e+00
  -5.7855623e-01   2.1966210e+00
  -5.7381344e-01   2.3116119e+00
  -5.7191633e-01   2.4070021e+00
  -5.6812210e-01   2.5259131e+00
  -5.6432787e-01   2.6500511e+00
  -5.6148220e-01   2.7990166e+00
  -5.5389374e-01   2.9048605e+00
  -5.5104807e-01   3.0185447e+00
  -5.4820240e-01   3.1335356e+00
  -5.3112837e-01   3.0054776e+00
  -5.2259135e-01   2.9153142e+00
  -5.1310578e-01   2.8199240e+00
  -5.0551732e-01   2.7323741e+00
  -4.9603175e-01   2.6435175e+00
  -4.9603175e-01   2.5755683e+00
  -4.8559763e-01   2.3991618e+00
  -4.8464907e-01   2.2802507e+00
  -4.7895773e-01   2.0973106e+00
  -4.7326638e-01   1.9875465e+00
  -4.7231782e-01   1.8817026e+00
  -4.6852359e-01   1.7549512e+00
  -4.6378080e-01   1.6582543e+00
  -4.6093513e-01   1.5445701e+00
  -4.5619234e-01   1.4230456e+00
  -4.5429523e-01   1.3459495e+00
  -4.4670677e-01   1.2387988e+00
  -4.3816976e-01   1.1434086e+00
  -4.3342697e-01   1.0610856e+00
  -4.2583851e-01   9.8268268e-01
  -4.2014717e-01   9.1212007e-01
  -4.1350727e-01   8.5331789e-01
  -4.0876449e-01   7.9451571e-01
  -4.0497026e-01   7.5270083e-01
  -4.0307315e-01   7.1741949e-01
  -3.8979335e-01   6.5339045e-01
  -3.6987365e-01   5.8936141e-01
  -3.5469674e-01   5.4101295e-01
  -3.1106311e-01   4.6261005e-01
  -2.4845833e-01   3.9204743e-01
  -2.0103048e-01   3.5023255e-01
  -1.5170550e-01   3.1887139e-01
  -9.9534859e-02   2.9273709e-01
  -5.0209886e-02   2.6921621e-01
  -4.6791420e-03   2.5092220e-01
   5.0337174e-02   2.3001476e-01
   1.0630205e-01   2.1172075e-01
   1.6226697e-01   2.0518716e-01
   2.3530588e-01   1.9865358e-01
   2.9885921e-01   1.9865358e-01
   3.5482408e-01   1.9473344e-01
   4.0604617e-01   2.0257373e-01
   4.6201104e-01   2.1433416e-01
   5.1702735e-01   2.2348117e-01
   5.8247780e-01   2.3262817e-01
   6.5551670e-01   2.5092219e-01
   7.1622436e-01   2.6529605e-01
   7.6175527e-01   2.8359007e-01
   8.1582302e-01   3.0188409e-01
   8.7558212e-01   3.2932510e-01
   9.1826720e-01   3.5937955e-01
   9.4672391e-01   3.9335414e-01
   9.7043784e-01   4.3255559e-01
   9.9510033e-01   4.8351748e-01
   1.0159686e+00   5.4231966e-01
   1.0358883e+00   6.1157556e-01
   1.0539109e+00   6.6907103e-01
   1.0795219e+00   7.1088591e-01
   1.1022873e+00   7.4094036e-01
   1.1203099e+00   6.6776431e-01
   1.1364353e+00   5.9981513e-01
   1.1497151e+00   5.3317266e-01
   1.1629949e+00   4.5346304e-01
   1.1734291e+00   3.7375342e-01
   1.1838632e+00   3.0711095e-01
   1.1933488e+00   2.4700205e-01
   1.2037829e+00   1.7643944e-01
   1.2237026e+00   1.1241040e-01
   1.2369824e+00   7.0595493e-02
   1.2606964e+00  -9.1141279e-03
  -6.7516520e-01   1.1100886e-03
  -6.4229441e-01   9.1674501e-02
  -6.2520160e-01   1.9672922e-01
  -6.1599778e-01   2.6012431e-01
  -6.0153463e-01   3.6699031e-01
  -5.9496047e-01   4.5936601e-01
  -5.9101597e-01   5.5174172e-01
  -5.8707148e-01   6.5317386e-01
  -5.8181215e-01   7.5460600e-01
  -5.7655283e-01   8.6509458e-01
  -5.7129349e-01   1.0027526e+00
  -5.6340450e-01   1.1675798e+00
  -5.5683034e-01   1.3396522e+00
  -5.4894135e-01   1.4845553e+00
  -5.3973753e-01   1.6258357e+00
  -5.3053371e-01   1.7689275e+00
  -5.1870023e-01   1.9591128e+00
  -5.0686674e-01   2.0768465e+00
  -5.0029258e-01   2.1945803e+00
  -4.7925528e-01   2.0188853e+00
  -4.6610696e-01   1.8703597e+00
  -4.5164381e-01   1.7399469e+00
  -4.3849549e-01   1.5986664e+00
  -4.2336930e-01   1.4016443e+00
  -4.1169548e-01   1.2627573e+00
  -4.0214416e-01   1.1574956e+00
  -3.8198028e-01   1.0551578e+00
  -3.6500017e-01   9.6159187e-01
  -3.5014257e-01   8.9580335e-01
  -3.2254989e-01   8.1685705e-01
  -2.8434463e-01   7.3206289e-01
  -2.3977184e-01   6.6335038e-01
  -1.9519904e-01   6.0925755e-01
  -1.2621734e-01   5.4785487e-01
  -6.2541914e-02   5.0545779e-01
   4.3172788e-03   4.7183252e-01
   9.0279073e-02   4.3820729e-01
   1.4334192e-01   4.2504957e-01
   2.0489483e-01   4.0165808e-01
   2.7812157e-01   3.9142430e-01
   3.4391950e-01   3.7388068e-01
   4.0228864e-01   3.6364690e-01
   4.7869914e-01   3.5341312e-01
   5.4449708e-01   3.4610328e-01
   6.2833639e-01   3.4317934e-01
   7.0793061e-01   3.3879343e-01
   7.7903483e-01   3.3440752e-01
   8.5756785e-01   3.3586949e-01
   9.1805950e-01   3.3733146e-01
   9.7961241e-01   3.5633705e-01
   1.0199402e+00   3.4902721e-01
   1.0581454e+00   2.9054847e-01
   1.0910444e+00   1.8821069e-01
   1.1165146e+00   1.3119392e-01
   1.1462298e+00   5.3709597e-02
   1.1727612e+00   2.1546251e-02
   1.2056602e+00  -9.1550847e-03
  -6.4705374e-01   9.1162186e-04
  -6.0558020e-01   4.3761527e-02
  -5.9002761e-01   1.3303216e-01
  -5.6929084e-01   2.4729857e-01
  -5.5244221e-01   3.5263792e-01
  -5.4077778e-01   4.6154810e-01
  -5.3170544e-01   5.7759992e-01
  -5.2392915e-01   6.9543716e-01
  -5.1096866e-01   8.0434734e-01
  -4.9870226e-01   9.4224287e-01
  -4.8010183e-01   1.0492591e+00
  -4.6478383e-01   1.1502463e+00
  -4.4071269e-01   1.2497262e+00
  -4.1554740e-01   1.2225953e+00
  -3.6740512e-01   1.1818990e+00
  -3.2473354e-01   1.1381881e+00
  -2.8862683e-01   1.1020136e+00
  -2.5033183e-01   1.0613173e+00
  -2.0656611e-01   1.0070555e+00
  -1.5514140e-01   9.5430104e-01
  -1.0699911e-01   9.1059018e-01
  -6.9798254e-02   8.7140112e-01
  -2.3844254e-02   8.2769025e-01
   1.9921461e-02   7.9000847e-01
   6.1498891e-02   7.5232669e-01
   1.1948846e-01   7.1012309e-01
   1.6544254e-01   6.7244138e-01
   2.1686725e-01   6.3626686e-01
   2.6719783e-01   5.8954145e-01
   3.0986940e-01   5.5638148e-01
   3.5801169e-01   5.2020697e-01
   4.0287154e-01   4.8553973e-01
   4.3897826e-01   4.5690158e-01
   4.9149712e-01   4.2675615e-01
   5.5386326e-01   3.7701620e-01
   6.0747626e-01   3.4536350e-01
   6.4577126e-01   3.1521807e-01
   6.8187798e-01   2.8959446e-01
   7.3549098e-01   2.5643449e-01
   7.8582155e-01   2.2478180e-01
   8.2302246e-01   2.0217271e-01
   8.7116475e-01   1.6599819e-01
   9.1493047e-01   1.4188185e-01
   9.6416690e-01   9.6663713e-02
   1.0057443e+00   6.5011016e-02
   1.0407569e+00   3.6372861e-02
   1.0659222e+00  -7.3380075e-03
  -5.6418436e-01   2.3118399e-03
  -5.3172680e-01   6.1929099e-02
  -5.0407777e-01   1.2154636e-01
  -4.8604579e-01   1.9606793e-01
  -4.6320528e-01   2.9046192e-01
  -4.4036478e-01   4.0472834e-01
  -4.2353493e-01   5.0077837e-01
  -3.9829016e-01   6.2663702e-01
  -3.6805845e-01   7.7200024e-01
  -3.3897800e-01   9.0047074e-01
  -3.0488368e-01   1.0206528e+00
  -2.7881156e-01   1.1228767e+00
  -2.4572002e-01   1.2320075e+00
  -2.2065067e-01   1.2955521e+00
  -2.2767007e-01   1.2927893e+00
  -1.9658408e-01   1.3756735e+00
  -1.6349254e-01   1.4336924e+00
  -1.2037325e-01   1.4682275e+00
  -7.8256744e-02   1.4765159e+00
  -3.2129139e-02   1.4530321e+00
   7.9818211e-03   1.4019201e+00
   3.5056720e-02   1.3549524e+00
   6.3134392e-02   1.3107475e+00
   8.7200968e-02   1.2499658e+00
   1.1327309e-01   1.1905655e+00
   1.4736735e-01   1.0980114e+00
   1.8045890e-01   1.0165086e+00
   2.1154489e-01   9.3086161e-01
   2.4664198e-01   8.2311216e-01
   2.8073630e-01   7.4437217e-01
   3.1583339e-01   6.4352974e-01
   3.5393880e-01   5.5097572e-01
   3.8803313e-01   4.7223571e-01
   4.2212745e-01   4.0592835e-01
   4.6223841e-01   3.3409538e-01
   4.9934105e-01   2.7331364e-01
   5.5048252e-01   2.0700629e-01
   6.0563509e-01   1.4760595e-01
   6.5577379e-01   1.0754525e-01
   7.0190140e-01   7.7154381e-02
   7.5204010e-01   5.0907720e-02
   8.0217880e-01   3.0186671e-02
   8.5432305e-01   8.0842194e-03
   8.9744233e-01  -5.7298130e-03
  -5.1303248e-01  -2.6745804e-03
  -4.5131431e-01   7.3595011e-02
  -4.1137901e-01   1.6611878e-01
  -3.8778089e-01   2.5739222e-01
  -3.6781324e-01   3.3866310e-01
  -3.4875321e-01   4.1743334e-01
  -3.3604653e-01   5.0745646e-01
  -3.2061699e-01   5.9372862e-01
  -2.9883408e-01   6.9625494e-01
  -2.8340453e-01   7.9628063e-01
  -2.6888261e-01   9.0130761e-01
  -2.5617592e-01   9.9133074e-01
  -2.3893114e-01   1.1013590e+00
  -2.2531683e-01   1.2051357e+00
  -2.1533302e-01   1.2839059e+00
  -1.9808824e-01   1.4101883e+00
  -1.7812059e-01   1.5352204e+00
  -1.5543009e-01   1.6464990e+00
  -1.3727768e-01   1.7465247e+00
  -1.1458719e-01   1.8352975e+00
  -9.7342403e-02   1.9040652e+00
  -7.4651896e-02   1.9590793e+00
  -5.0146148e-02   2.0090921e+00
   2.4958276e-03   2.0178444e+00
   3.5170157e-02   1.9365735e+00
   6.2398766e-02   1.8653052e+00
   7.7828310e-02   1.7852847e+00
   9.6888336e-02   1.7015131e+00
   1.0959502e-01   1.6164913e+00
   1.2502456e-01   1.5339701e+00
   1.3591603e-01   1.4526992e+00
   1.4862272e-01   1.3689277e+00
   1.6314464e-01   1.2839059e+00
   1.8038943e-01   1.1776286e+00
   1.9581897e-01   1.0938571e+00
   2.1215614e-01   1.0063346e+00
   2.2304758e-01   9.2631401e-01
   2.5299903e-01   7.6752324e-01
   2.7387430e-01   6.6749755e-01
   2.9202671e-01   5.9247828e-01
   3.1834769e-01   4.9370290e-01
   3.4285344e-01   4.0868106e-01
   3.7734301e-01   3.1490697e-01
   4.2181638e-01   2.2738451e-01
   4.4904499e-01   1.7112005e-01
   4.8898028e-01   1.1985689e-01
   5.2437747e-01   8.2347250e-02
   5.6612801e-01   5.6090505e-02
   6.1695474e-01   3.2334403e-02
   6.6596624e-01   1.7330549e-02
   7.3222252e-01  -3.9249111e-03
