  -6.4705374e-01   9.1162186e-04
  -6.0558020e-01   4.3761527e-02
  -5.9002761e-01   1.3303216e-01
  -5.6929084e-01   2.4729857e-01
  -5.5244221e-01   3.5263792e-01
  -5.4077778e-01   4.6154810e-01
  -5.3170544e-01   5.7759992e-01
  -5.2392915e-01   6.9543716e-01
  -5.1096866e-01   8.0434734e-01
  -4.9870226e-01   9.4224287e-01
  -4.8010183e-01   1.0492591e+00
  -4.6478383e-01   1.1502463e+00
  -4.4071269e-01   1.2497262e+00
  -4.1554740e-01   1.2225953e+00
  -3.6740512e-01   1.1818990e+00
  -3.2473354e-01   1.1381881e+00
  -2.8862683e-01   1.1020136e+00
  -2.5033183e-01   1.0613173e+00
  -2.0656611e-01   1.0070555e+00
  -1.5514140e-01   9.5430104e-01
  -1.0699911e-01   9.1059018e-01
  -6.9798254e-02   8.7140112e-01
  -2.3844254e-02   8.2769025e-01
   1.9921461e-02   7.9000847e-01
   6.1498891e-02   7.5232669e-01
   1.1948846e-01   7.1012309e-01
   1.6544254e-01   6.7244138e-01
   2.1686725e-01   6.3626686e-01
   2.6719783e-01   5.8954145e-01
   3.0986940e-01   5.5638148e-01
   3.5801169e-01   5.2020697e-01
   4.0287154e-01   4.8553973e-01
   4.3897826e-01   4.5690158e-01
   4.9149712e-01   4.2675615e-01
   5.5386326e-01   3.7701620e-01
   6.0747626e-01   3.4536350e-01
   6.4577126e-01   3.1521807e-01
   6.8187798e-01   2.8959446e-01
   7.3549098e-01   2.5643449e-01
   7.8582155e-01   2.2478180e-01
   8.2302246e-01   2.0217271e-01
   8.7116475e-01   1.6599819e-01
   9.1493047e-01   1.4188185e-01
   9.6416690e-01   9.6663713e-02
   1.0057443e+00   6.5011016e-02
   1.0407569e+00   3.6372861e-02
   1.0659222e+00  -7.3380075e-03