  -5.6418436e-01   2.3118399e-03
  -5.3172680e-01   6.1929099e-02
  -5.0407777e-01   1.2154636e-01
  -4.8604579e-01   1.9606793e-01
  -4.6320528e-01   2.9046192e-01
  -4.4036478e-01   4.0472834e-01
  -4.2353493e-01   5.0077837e-01
  -3.9829016e-01   6.2663702e-01
  -3.6805845e-01   7.7200024e-01
  -3.3897800e-01   9.0047074e-01
  -3.0488368e-01   1.0206528e+00
  -2.7881156e-01   1.1228767e+00
  -2.4572002e-01   1.2320075e+00
  -2.2065067e-01   1.2955521e+00
  -2.2767007e-01   1.2927893e+00
  -1.9658408e-01   1.3756735e+00
  -1.6349254e-01   1.4336924e+00
  -1.2037325e-01   1.4682275e+00
  -7.8256744e-02   1.4765159e+00
  -3.2129139e-02   1.4530321e+00
   7.9818211e-03   1.4019201e+00
   3.5056720e-02   1.3549524e+00
   6.3134392e-02   1.3107475e+00
   8.7200968e-02   1.2499658e+00
   1.1327309e-01   1.1905655e+00
   1.4736735e-01   1.0980114e+00
   1.8045890e-01   1.0165086e+00
   2.1154489e-01   9.3086161e-01
   2.4664198e-01   8.2311216e-01
   2.8073630e-01   7.4437217e-01
   3.1583339e-01   6.4352974e-01
   3.5393880e-01   5.5097572e-01
   3.8803313e-01   4.7223571e-01
   4.2212745e-01   4.0592835e-01
   4.6223841e-01   3.3409538e-01
   4.9934105e-01   2.7331364e-01
   5.5048252e-01   2.0700629e-01
   6.0563509e-01   1.4760595e-01
   6.5577379e-01   1.0754525e-01
   7.0190140e-01   7.7154381e-02
   7.5204010e-01   5.0907720e-02
   8.0217880e-01   3.0186671e-02
   8.5432305e-01   8.0842194e-03
   8.9744233e-01  -5.7298130e-03
