  -6.2151587e-01   1.6325718e-03
  -5.9960403e-01   2.6158170e-02
  -5.7769219e-01   5.4456936e-02
  -5.6536678e-01   8.6528872e-02
  -5.5167188e-01   1.0916788e-01
  -5.4482443e-01   1.6199225e-01
  -5.3386851e-01   2.2990929e-01
  -5.2428208e-01   2.9971291e-01
  -5.1195668e-01   3.6762995e-01
  -4.9963127e-01   4.3743358e-01
  -4.9141433e-01   5.1667012e-01
  -4.8045841e-01   5.9402009e-01
  -4.6950249e-01   6.5627737e-01
  -4.6128555e-01   7.1287491e-01
  -4.5032963e-01   7.8833828e-01
  -4.3389575e-01   8.5248215e-01
  -4.2020085e-01   9.0530652e-01
  -4.0650595e-01   9.5435771e-01
  -3.8185513e-01   1.0185016e+00
  -3.5994329e-01   1.0713259e+00
  -3.3803145e-01   1.1071711e+00
  -3.1611961e-01   1.1373564e+00
  -2.9146879e-01   1.1713149e+00
  -2.6955695e-01   1.1958405e+00
  -2.3805869e-01   1.2128198e+00
  -1.9149603e-01   1.2109332e+00
  -1.4767235e-01   1.1920674e+00
  -1.1343510e-01   1.1732015e+00
  -8.6045300e-02   1.1524491e+00
  -6.4133461e-02   1.1298101e+00
  -3.2635192e-02   1.1052845e+00
  -2.5064134e-03   1.0713259e+00
   3.6492853e-02   1.0206432e+00
   6.0595262e-02   9.8844629e-01
   8.8349551e-02   9.5021249e-01
   1.1610384e-01   9.1197868e-01
   1.5116189e-01   8.6267720e-01
   1.7380355e-01   8.3249262e-01
   2.0447934e-01   7.8620959e-01
   2.3077288e-01   7.4998810e-01
   2.5195378e-01   7.1879736e-01
   2.7751694e-01   6.8660047e-01
   3.0454085e-01   6.4333591e-01
   3.3594702e-01   6.0208364e-01
   3.6881394e-01   5.5278216e-01
   3.9656823e-01   5.1555451e-01
   4.2359221e-01   4.7530842e-01
   4.4696424e-01   4.4814229e-01
   4.6814515e-01   4.2500078e-01
   4.8640455e-01   4.0286542e-01
   5.1415884e-01   3.6765008e-01
   5.4410425e-01   3.2941627e-01
   5.7624080e-01   2.9923169e-01
   6.0837734e-01   2.6904711e-01
   6.4927840e-01   2.3081331e-01
   6.7557194e-01   2.0666564e-01
   7.1647300e-01   1.7446875e-01
   7.4349691e-01   1.5132724e-01
   7.7563345e-01   1.3221034e-01
   8.0703962e-01   1.0906883e-01
   8.4136730e-01   8.6933468e-02
   8.8080760e-01   6.4798108e-02
   9.2243903e-01   3.8638137e-02
   9.4727185e-01   2.9582763e-02
   9.7356539e-01   1.8515083e-02
   1.0013197e+00   4.4289445e-03
   1.0268828e+00  -7.6448882e-03
