  -7.0661144e-01  -1.2738207e-03
  -6.8953741e-01   7.8435800e-02
  -6.7625761e-01   1.4246484e-01
  -6.6392637e-01   1.9865359e-01
  -6.5349224e-01   2.4308190e-01
  -6.4969801e-01   3.1887138e-01
  -6.4590378e-01   4.0642129e-01
  -6.4210956e-01   4.9527791e-01
  -6.4021244e-01   5.7629425e-01
  -6.3546966e-01   6.6253747e-01
  -6.3167543e-01   7.4878067e-01
  -6.2788120e-01   8.2587686e-01
  -6.2408697e-01   9.0819991e-01
  -6.2124130e-01   9.9052296e-01
  -6.1744707e-01   1.0636990e+00
  -6.1365284e-01   1.1499422e+00
  -6.0985861e-01   1.2401056e+00
  -6.0511583e-01   1.3211219e+00
  -6.0227016e-01   1.4086718e+00
  -5.9847593e-01   1.5040620e+00
  -5.9468170e-01   1.5981455e+00
  -5.9373314e-01   1.7000693e+00
  -5.8899035e-01   1.7967662e+00
  -5.8709324e-01   1.8764758e+00
  -5.8614468e-01   1.9666391e+00
  -5.8140190e-01   2.0764032e+00
  -5.7855623e-01   2.1966210e+00
  -5.7381344e-01   2.3116119e+00
  -5.7191633e-01   2.4070021e+00
  -5.6812210e-01   2.5259131e+00
  -5.6432787e-01   2.6500511e+00
  -5.6148220e-01   2.7990166e+00
  -5.5389374e-01   2.9048605e+00
  -5.5104807e-01   3.0185447e+00
  -5.4820240e-01   3.1335356e+00
  -5.3112837e-01   3.0054776e+00
  -5.2259135e-01   2.9153142e+00
  -5.1310578e-01   2.8199240e+00
  -5.0551732e-01   2.7323741e+00
  -4.9603175e-01   2.6435175e+00
  -4.9603175e-01   2.5755683e+00
  -4.8559763e-01   2.3991618e+00
  -4.8464907e-01   2.2802507e+00
  -4.7895773e-01   2.0973106e+00
  -4.7326638e-01   1.9875465e+00
  -4.7231782e-01   1.8817026e+00
  -4.6852359e-01   1.7549512e+00
  -4.6378080e-01   1.6582543e+00
  -4.6093513e-01   1.5445701e+00
  -4.5619234e-01   1.4230456e+00
  -4.5429523e-01   1.3459495e+00
  -4.4670677e-01   1.2387988e+00
  -4.3816976e-01   1.1434086e+00
  -4.3342697e-01   1.0610856e+00
  -4.2583851e-01   9.8268268e-01
  -4.2014717e-01   9.1212007e-01
  -4.1350727e-01   8.5331789e-01
  -4.0876449e-01   7.9451571e-01
  -4.0497026e-01   7.5270083e-01
  -4.0307315e-01   7.1741949e-01
  -3.8979335e-01   6.5339045e-01
  -3.6987365e-01   5.8936141e-01
  -3.5469674e-01   5.4101295e-01
  -3.1106311e-01   4.6261005e-01
  -2.4845833e-01   3.9204743e-01
  -2.0103048e-01   3.5023255e-01
  -1.5170550e-01   3.1887139e-01
  -9.9534859e-02   2.9273709e-01
  -5.0209886e-02   2.6921621e-01
  -4.6791420e-03   2.5092220e-01
   5.0337174e-02   2.3001476e-01
   1.0630205e-01   2.1172075e-01
   1.6226697e-01   2.0518716e-01
   2.3530588e-01   1.9865358e-01
   2.9885921e-01   1.9865358e-01
   3.5482408e-01   1.9473344e-01
   4.0604617e-01   2.0257373e-01
   4.6201104e-01   2.1433416e-01
   5.1702735e-01   2.2348117e-01
   5.8247780e-01   2.3262817e-01
   6.5551670e-01   2.5092219e-01
   7.1622436e-01   2.6529605e-01
   7.6175527e-01   2.8359007e-01
   8.1582302e-01   3.0188409e-01
   8.7558212e-01   3.2932510e-01
   9.1826720e-01   3.5937955e-01
   9.4672391e-01   3.9335414e-01
   9.7043784e-01   4.3255559e-01
   9.9510033e-01   4.8351748e-01
   1.0159686e+00   5.4231966e-01
   1.0358883e+00   6.1157556e-01
   1.0539109e+00   6.6907103e-01
   1.0795219e+00   7.1088591e-01
   1.1022873e+00   7.4094036e-01
   1.1203099e+00   6.6776431e-01
   1.1364353e+00   5.9981513e-01
   1.1497151e+00   5.3317266e-01
   1.1629949e+00   4.5346304e-01
   1.1734291e+00   3.7375342e-01
   1.1838632e+00   3.0711095e-01
   1.1933488e+00   2.4700205e-01
   1.2037829e+00   1.7643944e-01
   1.2237026e+00   1.1241040e-01
   1.2369824e+00   7.0595493e-02
   1.2606964e+00  -9.1141279e-03
