  -1.2562218e+00   3.0058881e-03
  -1.2382084e+00   9.8173703e-03
  -1.2257376e+00   1.9061525e-02
  -1.2174237e+00   2.6359541e-02
  -1.2104955e+00   3.6090230e-02
  -1.2063386e+00   4.5820919e-02
  -1.2021816e+00   5.5065073e-02
  -1.1980247e+00   6.4795762e-02
  -1.1952534e+00   7.4039917e-02
  -1.1897108e+00   8.4743674e-02
  -1.1869395e+00   9.6420501e-02
  -1.1827826e+00   1.0907040e-01
  -1.1813970e+00   1.2366643e-01
  -1.1800113e+00   1.3826246e-01
  -1.1800113e+00   1.5723731e-01
  -1.1758544e+00   1.7572562e-01
  -1.1744687e+00   1.8983511e-01
  -1.1675405e+00   2.0783689e-01
  -1.1678989e+00   2.2091739e-01
  -1.1678989e+00   2.3511078e-01
  -1.1693960e+00   2.5350961e-01
  -1.1664017e+00   2.6822868e-01
  -1.1649046e+00   2.8794171e-01
  -1.1604132e+00   3.0975747e-01
  -1.1566704e+00   3.2710493e-01
  -1.1578171e+00   3.4444402e-01
  -1.1562881e+00   3.6323431e-01
  -1.1562881e+00   3.8470894e-01
  -1.1562881e+00   4.0725729e-01
  -1.1593461e+00   4.2712132e-01
  -1.1547591e+00   4.5664892e-01
  -1.1517012e+00   4.8027101e-01
  -1.1486432e+00   5.0926175e-01
  -1.1501722e+00   5.3717876e-01
  -1.1425272e+00   5.6080085e-01
  -1.1409983e+00   5.8173863e-01
  -1.1409983e+00   6.0321325e-01
  -1.1425272e+00   6.2683534e-01
  -1.1394693e+00   6.5099429e-01
  -1.1364113e+00   6.7998503e-01
  -1.1318243e+00   7.1327070e-01
  -1.1257084e+00   7.4172457e-01
  -1.1211214e+00   7.7232591e-01
  -1.1226504e+00   8.0239040e-01
  -1.1241794e+00   8.2977055e-01
  -1.1257084e+00   8.6037188e-01
  -1.1226504e+00   8.9204695e-01
  -1.1211214e+00   9.1137412e-01
  -1.1211214e+00   9.3929113e-01
  -1.1165345e+00   9.7633485e-01
  -1.1134765e+00   1.0090837e+00
  -1.1119475e+00   1.0461274e+00
  -1.1073605e+00   1.0842449e+00
  -1.1043026e+00   1.1153831e+00
  -1.1012446e+00   1.1486687e+00
  -1.0951286e+00   1.1857125e+00
  -1.0935997e+00   1.2179244e+00
  -1.0920707e+00   1.2533575e+00
  -1.0874837e+00   1.2812745e+00
  -1.0874837e+00   1.3118759e+00
  -1.0813678e+00   1.3414035e+00
  -1.0783098e+00   1.3741523e+00
  -1.0645489e+00   1.4063642e+00
  -1.0416141e+00   1.3542883e+00
  -1.0385561e+00   1.3204657e+00
  -1.0354982e+00   1.2946962e+00
  -1.0324402e+00   1.2576525e+00
  -1.0309112e+00   1.2265143e+00
  -1.0263242e+00   1.1948392e+00
  -1.0202083e+00   1.1647747e+00
  -1.0186793e+00   1.1363208e+00
  -1.0171503e+00   1.1180674e+00
  -1.0171503e+00   1.0992771e+00
  -1.0140923e+00   1.0853186e+00
  -1.0125633e+00   1.0670652e+00
  -1.0110344e+00   1.0461274e+00
  -1.0110344e+00   1.0230422e+00
  -1.0079764e+00   1.0053257e+00
  -1.0064474e+00   9.8546163e-01
  -1.0049184e+00   9.6613446e-01
  -1.0018604e+00   9.4090178e-01
  -9.9727346e-01   9.1459537e-01
  -9.8962853e-01   8.8936269e-01
  -9.8657055e-01   8.6627746e-01
  -9.8809954e-01   8.3621299e-01
  -9.8504157e-01   8.0936971e-01
  -9.7586765e-01   7.6105179e-01
  -9.6975170e-01   7.2025001e-01
  -9.6057778e-01   6.7730076e-01
  -9.5293285e-01   6.3220405e-01
  -9.4987487e-01   5.9838152e-01
  -9.4222994e-01   5.6939078e-01
  -9.2846905e-01   5.2912585e-01
  -9.2388209e-01   5.0281943e-01
  -9.1929513e-01   4.7973421e-01
  -9.1012121e-01   4.5128034e-01
  -9.0199051e-01   4.4164185e-01
  -8.8646173e-01   4.4963891e-01
  -8.6782720e-01   4.4200536e-01
  -8.6058044e-01   4.2855575e-01
  -8.5747469e-01   4.1183463e-01
  -8.3780491e-01   4.0238356e-01
  -8.2538189e-01   4.0238356e-01
  -8.1502937e-01   3.8638944e-01
  -8.0571210e-01   3.6712379e-01
  -7.8914808e-01   3.7693837e-01
  -7.6947830e-01   3.6530628e-01
  -7.6326679e-01   3.5076617e-01
  -7.5187902e-01   3.4131510e-01
  -7.3427974e-01   3.4858515e-01
  -7.1978622e-01   3.2822900e-01
  -7.0529269e-01   3.1332538e-01
  -6.7941140e-01   3.2023194e-01
  -6.2350781e-01   2.9805827e-01
  -6.0383803e-01   2.9769477e-01
  -5.7767821e-01   2.8679093e-01
  -5.6586899e-01   2.8392026e-01
  -5.2862453e-01   2.6510148e-01
  -5.0137248e-01   2.6892903e-01
  -4.7321204e-01   2.6892903e-01
  -4.4595999e-01   2.6127393e-01
  -4.3415077e-01   2.5106713e-01
  -4.0144832e-01   2.5489468e-01
  -3.6692906e-01   2.4277410e-01
  -3.4240222e-01   2.6127393e-01
  -2.8880653e-01   2.4022240e-01
  -2.6973010e-01   2.3990344e-01
  -2.5973768e-01   2.3416211e-01
  -2.4974526e-01   2.2746390e-01
  -2.1885961e-01   2.3448108e-01
  -1.9705798e-01   2.4755854e-01
  -1.8252355e-01   2.4755854e-01
  -1.4164548e-01   2.3671381e-01
  -1.1893559e-01   2.4692061e-01
  -9.3500343e-02   2.2491220e-01
  -8.1691123e-02   2.2873975e-01
  -5.7164283e-02   2.2140361e-01
  -2.7187033e-02   2.3894655e-01
   1.7324641e-02   2.2140361e-01
   3.0950664e-02   2.2905871e-01
   9.1813565e-02   2.2267946e-01
   1.2542442e-01   2.3671381e-01
   1.5812688e-01   2.2905871e-01
   1.8083691e-01   2.4373099e-01
   1.9900494e-01   2.3384315e-01
   2.1626457e-01   2.3830863e-01
   2.3897461e-01   2.3352419e-01
   2.5714264e-01   2.4723958e-01
   2.8711989e-01   2.3990344e-01
   3.2981481e-01   2.5234298e-01
   3.6524247e-01   2.4564477e-01
   3.8795251e-01   2.5361883e-01
   4.0248694e-01   2.5138609e-01
   4.2973898e-01   2.5712742e-01
   4.5517422e-01   2.5904119e-01
   4.6607504e-01   2.6988592e-01
   5.0967831e-01   2.6988592e-01
   5.4601437e-01   2.7562724e-01
   5.8507564e-01   2.8647197e-01
   6.2050330e-01   2.9954943e-01
   6.3503772e-01   3.0465283e-01
   6.5320575e-01   3.0050632e-01
   6.7773259e-01   3.1326481e-01
   6.8590821e-01   3.3367841e-01
   7.0770984e-01   3.2028199e-01
   7.2587787e-01   3.3718700e-01
   7.5767196e-01   3.5536786e-01
   7.8492401e-01   3.6876428e-01
   8.0945085e-01   3.9013477e-01
   8.3397769e-01   4.1310007e-01
   8.5759613e-01   4.3670329e-01
   8.7576416e-01   4.5807378e-01
   8.8575658e-01   4.7816842e-01
   8.9574895e-01   4.9539239e-01
   9.0846657e-01   5.1835769e-01
   9.2027579e-01   5.4419365e-01
   9.3117661e-01   5.6971065e-01
   9.3571862e-01   5.9618454e-01
   9.3935223e-01   6.1659813e-01
   9.3753543e-01   6.4466683e-01
   9.4843625e-01   6.7496827e-01
   9.5933707e-01   7.1324377e-01
   9.6387907e-01   7.4705379e-01
   9.6932947e-01   7.7607937e-01
   9.7750509e-01   8.0574288e-01
   9.8295550e-01   8.2870818e-01
   9.7841347e-01   8.5486311e-01
   9.8023028e-01   8.8931105e-01
   9.8295548e-01   9.1578494e-01
   9.8295548e-01   9.3779335e-01
   9.8658909e-01   9.6203450e-01
   9.9022269e-01   9.8468084e-01
   9.9294790e-01   1.0143443e+00
   9.9476470e-01   1.0468785e+00
   1.0002151e+00   1.0733524e+00
   1.0056655e+00   1.1039728e+00
   1.0102075e+00   1.1326795e+00
   1.0111159e+00   1.1553258e+00
   1.0120243e+00   1.1786101e+00
   1.0129327e+00   1.2025322e+00
   1.0220168e+00   1.2315578e+00
   1.0274672e+00   1.2567559e+00
   1.0320092e+00   1.2778074e+00
   1.0374596e+00   1.3046002e+00
   1.0429100e+00   1.3256518e+00
   1.0465436e+00   1.3502119e+00
   1.0538108e+00   1.3600997e+00
   1.0710704e+00   1.3307552e+00
   1.0765208e+00   1.3010917e+00
   1.0819713e+00   1.2736609e+00
   1.0856049e+00   1.2446353e+00
   1.0874217e+00   1.2175235e+00
   1.0883301e+00   1.1958340e+00
   1.0892385e+00   1.1722308e+00
   1.0910553e+00   1.1508603e+00
   1.0937805e+00   1.1269381e+00
   1.0937805e+00   1.0995074e+00
   1.1001393e+00   1.0698438e+00
   1.1028645e+00   1.0494302e+00
   1.1019561e+00   1.0280597e+00
   1.1028645e+00   1.0047755e+00
   1.1019561e+00   9.8340497e-01
   1.1028645e+00   9.6267241e-01
   1.1046813e+00   9.4034503e-01
   1.1110401e+00   9.1387115e-01
   1.1146737e+00   8.8803519e-01
   1.1128242e+00   8.6652064e-01
   1.1142576e+00   8.4311665e-01
   1.1135409e+00   8.4034844e-01
   1.1171245e+00   8.0964644e-01
   1.1214248e+00   7.9127557e-01
   1.1221415e+00   7.6938150e-01
   1.1228582e+00   7.5252057e-01
   1.1228582e+00   7.3238811e-01
   1.1235749e+00   7.1477221e-01
   1.1242916e+00   6.9287816e-01
   1.1228582e+00   6.7450729e-01
   1.1221415e+00   6.5865298e-01
   1.1214248e+00   6.4330198e-01
   1.1235749e+00   6.2744767e-01
   1.1264418e+00   6.1335495e-01
   1.1300253e+00   5.9297083e-01
   1.1307420e+00   5.7434831e-01
   1.1336089e+00   5.5799068e-01
   1.1336089e+00   5.4289134e-01
   1.1336089e+00   5.2854694e-01
   1.1343256e+00   5.1143435e-01
   1.1314588e+00   4.9809659e-01
   1.1336089e+00   4.8526215e-01
   1.1343256e+00   4.6714294e-01
   1.1343256e+00   4.4550054e-01
   1.1350423e+00   4.2989789e-01
   1.1386259e+00   4.0825550e-01
   1.1400593e+00   3.8812304e-01
   1.1465097e+00   3.6547402e-01
   1.1472264e+00   3.4081176e-01
   1.1439932e+00   3.0899411e-01
   1.1458726e+00   2.7401955e-01
   1.1477520e+00   2.4498407e-01
   1.1571489e+00   2.0671003e-01
   1.1627870e+00   1.6975578e-01
   1.1665458e+00   1.3676092e-01
   1.1778221e+00   1.0574574e-01
   1.1815808e+00   7.8689956e-02
   1.1890984e+00   5.1634167e-02
   1.2041334e+00   2.5898172e-02
   1.2229272e+00   1.0060632e-02
   1.2454798e+00   8.2206981e-04