  -9.5374617e-01  -7.3068991e-04
  -8.9979665e-01   8.7408230e-03
  -8.7123514e-01   2.0440927e-02
  -8.4426038e-01   2.4340962e-02
  -8.0459161e-01   4.3283988e-02
  -7.7603010e-01   5.8326979e-02
  -7.4746859e-01   7.1141379e-02
  -7.3160109e-01   9.0084404e-02
  -7.0462633e-01   1.0735599e-01
  -6.8241182e-01   1.3465623e-01
  -6.6971781e-01   1.5415640e-01
  -6.3956955e-01   1.7811376e-01
  -6.3480930e-01   2.0597115e-01
  -6.2528880e-01   2.3271425e-01
  -6.0783454e-01   2.6057164e-01
  -5.8879353e-01   2.8508614e-01
  -5.6499227e-01   3.1405783e-01
  -5.5229827e-01   3.3857233e-01
  -5.3325726e-01   3.6308684e-01
  -5.0786926e-01   4.1545879e-01
  -4.9517526e-01   4.5055910e-01
  -4.8089450e-01   4.8008793e-01
  -4.6026675e-01   5.0905962e-01
  -4.4757274e-01   5.4694567e-01
  -4.3487874e-01   5.8204599e-01
  -4.2377149e-01   6.1157482e-01
  -4.0473048e-01   6.4723228e-01
  -3.9044973e-01   6.8567548e-01
  -3.6823522e-01   7.1520431e-01
  -3.6188822e-01   7.4473315e-01
  -3.4919421e-01   7.6757621e-01
  -3.3808697e-01   8.0323367e-01
  -3.2697971e-01   8.3499109e-01
  -3.0952546e-01   8.6451993e-01
  -3.0159170e-01   8.9293447e-01
  -2.8413745e-01   9.2079186e-01
  -2.6668319e-01   9.4196348e-01
  -2.6192294e-01   9.6703513e-01
  -2.5081568e-01   9.9600681e-01
  -2.3812168e-01   1.0160641e+00
  -2.0956017e-01   1.0389072e+00
  -2.0003967e-01   1.0701075e+00
  -1.9051918e-01   1.1040935e+00
  -1.6989143e-01   1.1157936e+00
  -1.4609017e-01   1.1297223e+00
  -1.2070216e-01   1.1664941e+00
  -1.0800815e-01   1.1976943e+00
  -9.2140646e-02   1.2216517e+00
  -5.7232133e-02   1.2049373e+00
  -1.2803116e-02   1.2194231e+00
   9.4113920e-03   1.1893371e+00
   2.5278898e-02   1.1960229e+00
   4.4319905e-02   1.1531225e+00
   6.8121164e-02   1.1230365e+00
   9.8269425e-02   1.0940648e+00
   1.3000444e-01   1.0745647e+00
   1.5063219e-01   1.0383501e+00
   1.6967320e-01   1.0093784e+00
   2.1568897e-01   9.3750631e-01
   2.3155648e-01   9.0574888e-01
   2.5059748e-01   8.6619139e-01
   2.8074577e-01   8.1883379e-01
   2.9502652e-01   7.8094774e-01
   3.2041453e-01   7.3191873e-01
   3.2517478e-01   6.9626127e-01
   3.4738929e-01   6.6617529e-01
   3.7277730e-01   6.4444653e-01
   3.9181831e-01   6.1324625e-01
   3.9657856e-01   5.9318893e-01
   4.1403282e-01   5.5474573e-01
   4.3466058e-01   5.2688834e-01
   4.4576783e-01   5.0794531e-01
   4.5211483e-01   4.8454510e-01
   4.6322208e-01   4.4554476e-01
   4.8702334e-01   4.1768736e-01
   5.0130409e-01   3.9094427e-01
   5.1241135e-01   3.5194392e-01
   5.2669210e-01   3.2520083e-01
   5.4890661e-01   3.0180062e-01
   5.6477412e-01   2.7171464e-01
   5.7746812e-01   2.4831443e-01
   5.9650913e-01   2.2658566e-01
   6.1396339e-01   2.0597119e-01
   6.3935142e-01   1.7421377e-01
   6.5521893e-01   1.5471359e-01
   6.6949968e-01   1.3298483e-01
   6.9964794e-01   1.1348466e-01
   7.1868895e-01   8.8970152e-02
   7.3931671e-01   6.9469978e-02
   7.4883721e-01   5.7212726e-02
   7.8057222e-01   3.9941144e-02
   8.1230723e-01   2.1555266e-02
   8.3928199e-01   1.1526605e-02
   8.7101701e-01   3.8364905e-04
