  -8.2080814e-01  -8.4227163e-04
  -7.7108225e-01   1.2349731e-02
  -7.3130154e-01   2.0885732e-02
  -7.0367605e-01   3.4465735e-02
  -6.8599573e-01   4.9597738e-02
  -6.5616020e-01   6.0849740e-02
  -6.3405980e-01   8.2189744e-02
  -5.9759415e-01   1.0508175e-01
  -5.8322889e-01   1.2680975e-01
  -5.6886364e-01   1.4892576e-01
  -5.5891846e-01   1.6328176e-01
  -5.4455320e-01   1.8268176e-01
  -5.3350300e-01   2.0324577e-01
  -5.2466284e-01   2.1216977e-01
  -5.1029759e-01   2.2613773e-01
  -5.0587751e-01   2.4670173e-01
  -4.8156708e-01   2.9985774e-01
  -4.7493696e-01   3.1770575e-01
  -4.6830684e-01   3.3012175e-01
  -4.6278174e-01   3.4486575e-01
  -4.4399640e-01   3.9414179e-01
  -4.3515624e-01   4.2052579e-01
  -4.2742110e-01   4.3837380e-01
  -4.0311067e-01   4.6669780e-01
  -3.9869059e-01   4.9928981e-01
  -3.9648055e-01   5.1868981e-01
  -3.8985043e-01   5.3653781e-01
  -3.7548517e-01   5.6253382e-01
  -3.6554000e-01   5.8115783e-01
  -3.6554000e-01   5.9822983e-01
  -3.6332996e-01   6.1219783e-01
  -3.6001490e-01   6.2771783e-01
  -3.6111992e-01   6.4672984e-01
  -3.5669984e-01   6.6108584e-01
  -3.4564964e-01   6.8203784e-01
  -3.4343960e-01   6.9755785e-01
  -3.3791450e-01   7.1501785e-01
  -3.3570446e-01   7.3053786e-01
  -3.2575929e-01   7.5420586e-01
  -3.2354925e-01   7.7127786e-01
  -3.2244423e-01   7.8602187e-01
  -3.1691913e-01   8.0192987e-01
  -3.1802415e-01   8.2132987e-01
  -3.1691913e-01   8.3723788e-01
  -3.1360407e-01   8.5353388e-01
  -3.0697395e-01   8.7797788e-01
  -2.9592375e-01   8.9272189e-01
  -2.9813379e-01   9.1483792e-01
  -2.9886065e-01   9.3244369e-01
  -2.9184233e-01   9.4796883e-01
  -2.8692951e-01   9.6004394e-01
  -2.7920936e-01   9.7901911e-01
  -2.7570020e-01   9.9035492e-01
  -2.7219104e-01   1.0004586e+00
  -2.6798004e-01   1.0149980e+00
  -2.6236539e-01   1.0273195e+00
  -2.5955806e-01   1.0425982e+00
  -2.5113608e-01   1.0642842e+00
  -2.4762692e-01   1.0734021e+00
  -2.4411774e-01   1.0876951e+00
  -2.3990675e-01   1.1012488e+00
  -2.3569576e-01   1.1115988e+00
  -2.2867744e-01   1.1253990e+00
  -2.2516828e-01   1.1406777e+00
  -2.2306278e-01   1.1566957e+00
  -2.2657192e-01   1.1722208e+00
  -2.1885177e-01   1.1870066e+00
  -2.1323711e-01   1.2040104e+00
  -2.0832429e-01   1.2136212e+00
  -2.0481513e-01   1.2279142e+00
  -2.0200780e-01   1.2422071e+00
  -1.9779681e-01   1.2540358e+00
  -1.9218215e-01   1.2653716e+00
  -1.8867299e-01   1.2742431e+00
  -1.8095284e-01   1.2873040e+00
  -1.7463635e-01   1.2966683e+00
  -1.7182904e-01   1.3109613e+00
  -1.6691621e-01   1.3237757e+00
  -1.6130156e-01   1.3407795e+00
  -1.5989789e-01   1.3563046e+00
  -1.5638873e-01   1.3718297e+00
  -1.5919606e-01   1.3856299e+00
  -1.4726492e-01   1.3989371e+00
  -1.3042095e-01   1.4166801e+00
  -1.2410446e-01   1.4309731e+00
  -1.1848980e-01   1.4447732e+00
  -1.1427881e-01   1.4696628e+00
  -1.0796232e-01   1.4901165e+00
  -1.0445316e-01   1.5063809e+00
  -1.0234767e-01   1.5219061e+00
  -1.0024218e-01   1.5357062e+00
  -7.8467783e-02   1.5387898e+00
  -4.5648696e-02   1.5372248e+00
  -1.4855479e-02   1.5412083e+00
  -3.2393334e-02   1.5533724e+00
  -3.1376189e-02   1.5648011e+00
  -2.4764728e-02   1.5742655e+00
   3.5374122e-03   1.5293847e+00
   1.3871634e-02   1.5089738e+00
   1.6455189e-02   1.4912844e+00
   2.0330523e-02   1.4745021e+00
   3.3248300e-02   1.4590805e+00
   5.1333188e-02   1.4404839e+00
   5.9083854e-02   1.4209802e+00
   7.7168743e-02   1.4091872e+00
   8.7502964e-02   1.3924049e+00
   9.3961853e-02   1.3778905e+00
   1.0171252e-01   1.3647368e+00
   1.0817141e-01   1.3520367e+00
   1.0817141e-01   1.3343473e+00
   1.1333852e-01   1.3225543e+00
   1.1850563e-01   1.3080399e+00
   1.2883985e-01   1.2908040e+00
   1.3529874e-01   1.2767432e+00
   1.4175763e-01   1.2545180e+00
   1.4563296e-01   1.2268499e+00
   1.4692474e-01   1.2123355e+00
   1.4692474e-01   1.1937389e+00
   1.4950830e-01   1.1810388e+00
   1.6113429e-01   1.1592671e+00
   1.7663563e-01   1.1356812e+00
   1.8180274e-01   1.1198061e+00
   1.8696985e-01   1.0980344e+00
   1.9342874e-01   1.0767164e+00
   2.0505474e-01   1.0558519e+00
   2.1280540e-01   1.0327196e+00
   2.1538896e-01   1.0195659e+00
   2.1926429e-01   9.9325852e-01
   2.2313963e-01   9.7602265e-01
   2.2313963e-01   9.6105466e-01
   2.3476563e-01   9.1524354e-01
   2.4251629e-01   8.9664695e-01
   2.5155874e-01   8.7850393e-01
   2.6189296e-01   8.6262879e-01
   2.6964362e-01   8.4584650e-01
   2.7481074e-01   8.2815705e-01
   2.8256140e-01   8.1092118e-01
   2.8772851e-01   7.8960314e-01
   2.9661330e-01   7.6974046e-01
   3.0344853e-01   7.5225459e-01
   3.1223669e-01   7.3065439e-01
   3.2004838e-01   7.0939706e-01
   3.2004838e-01   6.9568265e-01
   3.2338971e-01   6.7028421e-01
   3.2934003e-01   6.4855545e-01
   3.3475126e-01   6.1187655e-01
   3.4940836e-01   5.9222638e-01
   3.5740314e-01   5.6930117e-01
   3.6673038e-01   5.4450452e-01
   3.7739009e-01   5.2064360e-01
   3.7872256e-01   4.9444336e-01
   3.9071473e-01   4.7479319e-01
   3.9337966e-01   4.5514301e-01
   4.0803676e-01   4.3596070e-01
   4.2935617e-01   4.0835688e-01
   4.3735098e-01   3.8683529e-01
   4.4401330e-01   3.6671725e-01
   4.5467301e-01   3.4145274e-01
   4.7332750e-01   3.1384892e-01
   4.8265474e-01   2.8998800e-01
   4.9064952e-01   2.5957701e-01
   4.9731184e-01   2.4179828e-01
   5.1330141e-01   2.1606591e-01
   5.2396111e-01   1.9641573e-01
   5.3595329e-01   1.7957273e-01
   5.4394807e-01   1.5711538e-01
   5.5860517e-01   1.3372232e-01
   5.7992458e-01   1.1921864e-01
   6.0124399e-01   9.8632739e-02
   6.1456863e-01   7.8514702e-02
   6.3055819e-01   5.7928805e-02
   6.6653471e-01   3.6407185e-02
   6.9185152e-01   2.3307068e-02
   7.1850079e-01   1.4417703e-02
   7.5181239e-01   7.8676449e-03
   7.8112659e-01   4.1247544e-03