  -1.2997861e+00   2.4691266e-04
  -1.2803540e+00   6.1226471e-03
  -1.2646232e+00   1.4201782e-02
  -1.2535191e+00   2.4117084e-02
  -1.2470417e+00   3.4766853e-02
  -1.2387136e+00   4.9088956e-02
  -1.2331616e+00   6.3411058e-02
  -1.2257588e+00   7.8467628e-02
  -1.2202068e+00   9.4258664e-02
  -1.2146547e+00   1.1041693e-01
  -1.2100280e+00   1.2841137e-01
  -1.2063267e+00   1.4420241e-01
  -1.2054013e+00   1.6219684e-01
  -1.1998493e+00   1.8533255e-01
  -1.1970733e+00   2.0479592e-01
  -1.1942972e+00   2.2903332e-01
  -1.1905959e+00   2.4923116e-01
  -1.1905959e+00   2.6649113e-01
  -1.1850438e+00   2.8558724e-01
  -1.1813425e+00   3.0321444e-01
  -1.1785664e+00   3.2084165e-01
  -1.1785664e+00   3.4250842e-01
  -1.1785664e+00   3.6380795e-01
  -1.1757904e+00   3.8694366e-01
  -1.1730144e+00   4.1007936e-01
  -1.1711637e+00   4.2807380e-01
  -1.1720891e+00   4.5231120e-01
  -1.1711637e+00   4.7361074e-01
  -1.1683877e+00   5.0041878e-01
  -1.1656117e+00   5.2098385e-01
  -1.1637610e+00   5.4154895e-01
  -1.1628356e+00   5.6321572e-01
  -1.1591343e+00   5.8524972e-01
  -1.1535822e+00   6.0985436e-01
  -1.1545076e+00   6.3445900e-01
  -1.1508062e+00   6.5979811e-01
  -1.1480302e+00   6.8440274e-01
  -1.1489555e+00   7.0827289e-01
  -1.1471049e+00   7.3140859e-01
  -1.1461795e+00   7.5344260e-01
  -1.1424782e+00   7.7584383e-01
  -1.1415528e+00   8.0008124e-01
  -1.1415528e+00   8.2248248e-01
  -1.1360008e+00   8.5406455e-01
  -1.1378514e+00   8.7903642e-01
  -1.1332247e+00   9.0878233e-01
  -1.1322994e+00   9.3559036e-01
  -1.1267474e+00   9.6092948e-01
  -1.1221207e+00   9.9214432e-01
  -1.1221207e+00   1.0237264e+00
  -1.1193446e+00   1.0611842e+00
  -1.1165686e+00   1.0890939e+00
  -1.1156433e+00   1.1173709e+00
  -1.1091659e+00   1.1434445e+00
  -1.1073152e+00   1.1742921e+00
  -1.1073152e+00   1.2025691e+00
  -1.1045392e+00   1.2293771e+00
  -1.0962111e+00   1.2554507e+00
  -1.0999125e+00   1.2800553e+00
  -1.0925097e+00   1.3046600e+00
  -1.0860324e+00   1.3288974e+00
  -1.0814056e+00   1.3520331e+00
  -1.0703016e+00   1.3729654e+00
  -1.0545708e+00   1.3391799e+00
  -1.0499441e+00   1.3134736e+00
  -1.0471680e+00   1.2903379e+00
  -1.0453173e+00   1.2642643e+00
  -1.0443920e+00   1.2418631e+00
  -1.0388400e+00   1.2238686e+00
  -1.0369893e+00   1.2014674e+00
  -1.0314372e+00   1.1786989e+00
  -1.0258852e+00   1.1566649e+00
  -1.0231092e+00   1.1405066e+00
  -1.0240345e+00   1.1166365e+00
  -1.0221838e+00   1.0946025e+00
  -1.0212585e+00   1.0780770e+00
  -1.0212585e+00   1.0575119e+00
  -1.0157064e+00   1.0369468e+00
  -1.0129304e+00   1.0171162e+00
  -1.0092290e+00   9.9728563e-01
  -1.0064530e+00   9.7635332e-01
  -1.0064530e+00   9.5725719e-01
  -1.0027517e+00   9.3559041e-01
  -1.0009010e+00   9.1722874e-01
  -9.9812495e-01   9.0033601e-01
  -9.9719961e-01   8.7756754e-01
  -9.9442359e-01   8.5626799e-01
  -9.9164757e-01   8.3056165e-01
  -9.8517018e-01   8.0155021e-01
  -9.8331950e-01   7.7437494e-01
  -9.8054348e-01   7.4830137e-01
  -9.7499143e-01   7.2369673e-01
  -9.7591677e-01   7.0276443e-01
  -9.7129007e-01   6.7742532e-01
  -9.6758870e-01   6.5061728e-01
  -9.6481268e-01   6.3041945e-01
  -9.5926063e-01   6.0765094e-01
  -9.5555927e-01   5.7790503e-01
  -9.4815654e-01   5.5146422e-01
  -9.4352983e-01   5.2245279e-01
  -9.3427642e-01   4.9527751e-01
  -9.2224699e-01   4.6442991e-01
  -9.0836687e-01   4.3982527e-01
  -8.9263608e-01   4.1668957e-01
  -8.8245733e-01   4.0714150e-01
  -8.7783062e-01   3.9098323e-01
  -8.6857721e-01   3.7702836e-01
  -8.5747313e-01   3.5903395e-01
  -8.4729438e-01   3.5719778e-01
  -8.2323551e-01   3.6784755e-01
  -8.1213142e-01   3.4250845e-01
  -7.9917664e-01   3.2892081e-01
  -7.8437118e-01   3.1349701e-01
  -7.6123766e-01   3.1019191e-01
  -7.2700004e-01   2.9072854e-01
  -7.0016515e-01   2.9366640e-01
  -6.7425560e-01   2.7934430e-01
  -6.5019673e-01   2.8044600e-01
  -6.3446594e-01   2.8779067e-01
  -6.1780980e-01   2.7530473e-01
  -5.9652695e-01   2.5877923e-01
  -5.4840922e-01   2.7089793e-01
  -5.2990240e-01   2.6612390e-01
  -5.1417160e-01   2.4996563e-01
  -4.7993398e-01   2.6134986e-01
  -4.5587512e-01   2.5988093e-01
  -4.3921898e-01   2.3894863e-01
  -4.0498136e-01   2.4923116e-01
  -3.7999715e-01   2.3968309e-01
  -3.6889306e-01   2.4041756e-01
  -3.4205817e-01   2.4629330e-01
  -2.9486578e-01   2.2903333e-01
  -2.6895623e-01   2.4812946e-01
  -2.3286794e-01   2.2572821e-01
  -2.1713715e-01   2.2719715e-01
  -1.9492896e-01   2.2389204e-01
  -1.6809407e-01   2.3344011e-01
  -1.3570713e-01   2.1948524e-01
  -1.0332020e-01   2.2719715e-01
  -5.7053146e-02   2.2058694e-01
  -1.9114163e-02   2.2719715e-01
   3.3630276e-02   2.1801631e-01
   1.1135892e-01   2.2829885e-01
   1.2708972e-01   2.2095418e-01
   1.4837256e-01   2.3123671e-01
   1.7798348e-01   2.1948524e-01
   2.0944507e-01   2.3233841e-01
   2.4738406e-01   2.2609544e-01
   2.8069633e-01   2.4335541e-01
   3.0197918e-01   2.3344011e-01
   3.2418736e-01   2.4005031e-01
   3.3621679e-01   2.3417458e-01
   3.5749964e-01   2.5290348e-01
   3.9358794e-01   2.3747968e-01
   4.3430294e-01   2.4923115e-01
   4.5373511e-01   2.3821415e-01
   4.7686870e-01   2.4886392e-01
   4.9630086e-01   2.4739499e-01
   5.3053848e-01   2.6098262e-01
   5.5367201e-01   2.5914646e-01
   5.6847746e-01   2.6538942e-01
   5.9716303e-01   2.5988092e-01
   6.2677395e-01   2.8118046e-01
   6.5175816e-01   2.7677366e-01
   6.8969714e-01   2.8889236e-01
   7.2208407e-01   3.1129360e-01
   7.5539635e-01   3.0541786e-01
   7.8038056e-01   3.2304507e-01
   8.0351409e-01   3.4361014e-01
   8.3034894e-01   3.6050290e-01
   8.5440780e-01   3.7482501e-01
   8.7754133e-01   3.8253691e-01
   8.9142144e-01   4.0897771e-01
   9.0067485e-01   4.3101172e-01
   9.0622690e-01   4.5304572e-01
   9.1918168e-01   4.7765036e-01
   9.3121110e-01   5.0702901e-01
   9.3768849e-01   5.3383705e-01
   9.4138985e-01   5.5660552e-01
   9.4786724e-01   5.8341356e-01
   9.5434462e-01   6.1022160e-01
   9.5989667e-01   6.3372454e-01
   9.6729940e-01   6.6347042e-01
   9.6822475e-01   6.9101293e-01
   9.6822475e-01   7.2002436e-01
   9.7100077e-01   7.4573070e-01
   9.7562747e-01   7.6666301e-01
   9.8117952e-01   7.9677615e-01
   9.8580622e-01   8.2505312e-01
   9.8858224e-01   8.5333013e-01
   9.8950758e-01   8.7793476e-01
   9.9228361e-01   9.0070323e-01
   9.9413429e-01   9.2383894e-01
   1.0006117e+00   9.5285038e-01
   1.0043130e+00   9.8076012e-01
   1.0117158e+00   1.0094043e+00
   1.0135665e+00   1.0380485e+00
   1.0154171e+00   1.0644893e+00
   1.0163425e+00   1.0916646e+00
   1.0181932e+00   1.1162692e+00
   1.0228199e+00   1.1456479e+00
   1.0255959e+00   1.1728232e+00
   1.0292973e+00   1.2003657e+00
   1.0320733e+00   1.2286426e+00
   1.0357746e+00   1.2539817e+00
   1.0404013e+00   1.2833604e+00
   1.0459534e+00   1.3057616e+00
   1.0505801e+00   1.3340386e+00
   1.0570575e+00   1.3553382e+00
   1.0700123e+00   1.3788411e+00
   1.0801910e+00   1.3472590e+00
   1.0875937e+00   1.3211855e+00
   1.0912951e+00   1.2954791e+00
   1.0912951e+00   1.2763830e+00
   1.0922204e+00   1.2543490e+00
   1.0949965e+00   1.2323150e+00
   1.0968471e+00   1.2088120e+00
   1.1033245e+00   1.1783317e+00
   1.1079512e+00   1.1511564e+00
   1.1098019e+00   1.1305913e+00
   1.1079512e+00   1.0946024e+00
   1.1153540e+00   1.0578791e+00
   1.1181300e+00   1.0299694e+00
   1.1218314e+00   9.9655111e-01
   1.1236820e+00   9.6496904e-01
   1.1264581e+00   9.2971463e-01
   1.1273834e+00   8.9042066e-01
   1.1283088e+00   8.5553349e-01
   1.1301594e+00   8.2799097e-01
   1.1329355e+00   7.9310380e-01
   1.1366368e+00   7.6556129e-01
   1.1394128e+00   7.4242559e-01
   1.1431142e+00   7.1267968e-01
   1.1468156e+00   6.8146484e-01
   1.1505169e+00   6.5722744e-01
   1.1532930e+00   6.2601260e-01
   1.1551436e+00   6.0067349e-01
   1.1588450e+00   5.6578635e-01
   1.1569943e+00   5.2722684e-01
   1.1579197e+00   4.9564477e-01
   1.1579197e+00   4.6589887e-01
   1.1625464e+00   4.3688743e-01
   1.1643971e+00   4.1007939e-01
   1.1680984e+00   3.7813008e-01
   1.1690238e+00   3.4911864e-01
   1.1792025e+00   3.0358166e-01
   1.1838292e+00   2.7860978e-01
   1.1875306e+00   2.4959835e-01
   1.1903066e+00   2.2095414e-01
   1.1921573e+00   1.9120823e-01
   1.1958587e+00   1.6733806e-01
   1.1995600e+00   1.3979556e-01
   1.2078881e+00   1.1665985e-01
   1.2125148e+00   9.1320748e-02
   1.2217682e+00   6.6935504e-02
   1.2254696e+00   4.5635966e-02
   1.2412004e+00   2.8375996e-02
   1.2550805e+00   1.5522827e-02
   1.2735873e+00   1.9351912e-03