  -1.0861076e+00  -1.7521276e-03
  -1.0660088e+00   1.0876556e-02
  -1.0427364e+00   2.7962423e-02
  -1.0279268e+00   4.1333970e-02
  -1.0141749e+00   5.6191246e-02
  -1.0025388e+00   7.1419953e-02
  -9.9407608e-01   9.0362978e-02
  -9.8561341e-01   1.0670598e-01
  -9.8032424e-01   1.2007753e-01
  -9.7503507e-01   1.4310631e-01
  -9.5599407e-01   1.6242076e-01
  -9.4118439e-01   1.8284952e-01
  -9.2849039e-01   1.9770679e-01
  -9.1368072e-01   2.1330693e-01
  -8.9463971e-01   2.3893573e-01
  -8.7030950e-01   2.6419312e-01
  -8.4915283e-01   2.8759333e-01
  -8.2799616e-01   3.0950781e-01
  -8.0472381e-01   3.3625091e-01
  -7.8568281e-01   3.5705109e-01
  -7.5394779e-01   3.7822271e-01
  -7.3384895e-01   4.0199435e-01
  -7.2644412e-01   4.2650885e-01
  -6.9047777e-01   4.3913754e-01
  -6.8201510e-01   4.6030915e-01
  -6.6720544e-01   4.7553788e-01
  -6.3970176e-01   4.9485234e-01
  -6.0690891e-01   5.2939551e-01
  -6.2277642e-01   5.1156678e-01
  -5.7517390e-01   5.4053846e-01
  -5.4661239e-01   5.3719558e-01
  -5.2757138e-01   5.5168142e-01
  -5.0958821e-01   5.6728156e-01
  -4.9266287e-01   5.8511029e-01
  -4.6515919e-01   5.9996756e-01
  -4.3977118e-01   6.0256759e-01
  -4.1544101e-01   6.2225348e-01
  -3.7947466e-01   6.3748218e-01
  -3.3716131e-01   6.1259625e-01
  -3.2340947e-01   6.3116784e-01
  -2.9167446e-01   6.3933934e-01
  -2.7051779e-01   6.2596780e-01
  -2.6205512e-01   6.4565368e-01
  -2.5359248e-01   6.6459669e-01
  -2.0916347e-01   6.3302498e-01
  -1.9541163e-01   6.5271087e-01
  -1.8694896e-01   6.7091103e-01
  -1.6050312e-01   6.6831101e-01
  -1.4146211e-01   6.8465401e-01
  -1.2136327e-01   6.6013951e-01
  -8.9628256e-02   6.8093969e-01
  -5.2604076e-02   6.7945396e-01
  -1.9811230e-02   6.6831101e-01
   5.5767793e-03   6.5976808e-01
   2.3559953e-02   6.7425392e-01
   5.3179297e-02   6.6571099e-01
   8.3856475e-02   6.7425392e-01
   1.1347582e-01   6.7091103e-01
   1.2934333e-01   6.4825369e-01
   1.3569033e-01   6.3562500e-01
   1.6742534e-01   6.6311096e-01
   1.8329285e-01   6.5011085e-01
   1.9598685e-01   6.3562500e-01
   2.2243269e-01   6.5605376e-01
   2.2772186e-01   6.3116782e-01
   2.3618453e-01   6.2002486e-01
   2.6368821e-01   6.1965343e-01
   2.8061355e-01   6.2485348e-01
   2.9753889e-01   6.1631055e-01
   3.5254632e-01   6.0256755e-01
   3.7793433e-01   5.9996753e-01
   3.9803317e-01   5.8399596e-01
   4.1601634e-01   5.7025298e-01
   4.3505735e-01   5.5948145e-01
   4.6573452e-01   5.6022432e-01
   4.8583337e-01   5.3719554e-01
   5.1016354e-01   5.2010968e-01
   5.3343588e-01   4.9930949e-01
   5.5988173e-01   4.8593794e-01
   5.8950107e-01   4.7925217e-01
   6.0325291e-01   4.5659482e-01
   6.2017829e-01   4.3096601e-01
   6.4345063e-01   4.4693758e-01
   6.6249164e-01   4.2056592e-01
   6.7941698e-01   3.9939430e-01
   7.1432549e-01   3.9716571e-01
   7.2701949e-01   4.0162289e-01
   7.4077133e-01   3.7450837e-01
   7.6933284e-01   3.4070806e-01
   8.0318352e-01   3.2065074e-01
   8.1587749e-01   3.0245062e-01
   8.3174500e-01   2.8685049e-01
   8.4549684e-01   2.7756469e-01
   8.6665351e-01   2.6047882e-01
   8.7617401e-01   2.4042150e-01
   9.0579336e-01   2.2147847e-01
   9.2377653e-01   2.0513547e-01
   9.3118137e-01   1.8804961e-01
   9.3647054e-01   1.7356376e-01
   9.4281754e-01   1.5647790e-01
   9.5128021e-01   1.3976346e-01
   9.7243688e-01   1.2676335e-01
   9.8407304e-01   1.1079180e-01
   9.9042005e-01   9.4448802e-02
   9.9888272e-01   7.5505776e-02
   1.0126346e+00   5.5448455e-02
   1.0200394e+00   3.9848316e-02
   1.0316756e+00   2.4991041e-02
   1.0443696e+00   1.3476652e-02
   1.0718732e+00   1.5908322e-03
   1.0877407e+00   1.0510467e-04