  -9.4417623e-01  -1.0825357e-04
  -9.0999940e-01   9.3862042e-03
  -8.7753141e-01   2.1593364e-02
  -8.5189879e-01   4.0582280e-02
  -8.1601312e-01   5.3467616e-02
  -7.9892470e-01   7.8560111e-02
  -7.6816556e-01   1.0500896e-01
  -7.4595062e-01   1.3688321e-01
  -7.0835610e-01   1.7825192e-01
  -6.8785001e-01   2.0809164e-01
  -6.6905275e-01   2.3318414e-01
  -6.5196433e-01   2.6302386e-01
  -6.3316708e-01   2.8201278e-01
  -6.2291403e-01   3.1185250e-01
  -5.9728141e-01   3.3830135e-01
  -5.9386372e-01   3.6881925e-01
  -5.8019299e-01   3.9391175e-01
  -5.5285153e-01   4.1357884e-01
  -5.4088964e-01   4.3663681e-01
  -5.2380122e-01   4.7122376e-01
  -5.0500400e-01   4.9224723e-01
  -4.8620674e-01   5.3361594e-01
  -4.6740948e-01   5.6684654e-01
  -4.3323265e-01   5.9397356e-01
  -4.0589119e-01   6.3602045e-01
  -3.8196741e-01   6.8213639e-01
  -3.7684088e-01   7.0112530e-01
  -3.6146131e-01   6.9027449e-01
  -3.5120826e-01   7.2893050e-01
  -3.1532259e-01   7.4317219e-01
  -3.0336070e-01   7.8318455e-01
  -2.7772808e-01   8.2658778e-01
  -2.5380430e-01   8.5303663e-01
  -2.4013357e-01   8.8152000e-01
  -2.0937442e-01   9.1678513e-01
  -1.8886832e-01   9.2899229e-01
  -1.7519759e-01   9.5747566e-01
  -1.5469147e-01   9.9274080e-01
  -1.4443842e-01   1.0056261e+00
  -1.2905885e-01   9.8460270e-01
  -9.4882021e-02   1.0205460e+00
  -7.2667081e-02   1.0510639e+00
  -1.7984154e-02   1.0368222e+00
   1.7901517e-02   1.0578457e+00
   5.5496029e-02   1.0463167e+00
   6.7457920e-02   1.0266496e+00
   8.9672859e-02   1.0219024e+00
   1.1359664e-01   1.0076607e+00
   1.3752042e-01   9.7036101e-01
   1.5119115e-01   9.8799358e-01
   1.6827957e-01   9.6018838e-01
   1.8195030e-01   9.4119946e-01
   1.8536798e-01   9.2967048e-01
   2.0245640e-01   9.3238318e-01
   2.0587408e-01   9.0796886e-01
   2.1270945e-01   8.7812914e-01
   2.1783597e-01   8.6388745e-01
   2.4005091e-01   8.8423272e-01
   2.6397469e-01   8.4422036e-01
   2.7764542e-01   8.1980604e-01
   2.9473384e-01   8.0081712e-01
   3.1523993e-01   7.6758652e-01
   3.3061951e-01   7.4520673e-01
   3.5796097e-01   7.1468883e-01
   3.8359359e-01   6.8823998e-01
   3.9384664e-01   6.5704390e-01
   4.0068200e-01   6.3127321e-01
   4.2973230e-01   6.2042240e-01
   4.4169419e-01   5.7634099e-01
   4.5194724e-01   5.3700680e-01
   4.6903565e-01   5.1530519e-01
   4.9637712e-01   4.8071823e-01
   5.0492133e-01   4.5359121e-01
   5.2884511e-01   4.1832608e-01
   5.6131309e-01   3.7831372e-01
   5.8181919e-01   3.4643947e-01
   5.9719877e-01   3.1795610e-01
   6.1086950e-01   2.9625448e-01
   6.3137559e-01   2.5624212e-01
   6.4162868e-01   2.4147004e-01
   6.5529941e-01   2.1841208e-01
   6.7580551e-01   1.9128505e-01
   6.7580551e-01   1.9128505e-01
   6.9118508e-01   1.6551438e-01
   7.1340002e-01   1.4245641e-01
   7.3732380e-01   1.1736392e-01
   7.6637411e-01   8.8880544e-02
   7.9713326e-01   6.3788048e-02
   8.2789240e-01   3.8695553e-02
   8.5694271e-01   2.4453866e-02
   8.8599301e-01   1.5637584e-02
   9.2358752e-01   1.3958969e-03