  -1.0914596e+00  -1.3531866e-03
  -1.0645639e+00   7.3799990e-03
  -1.0327781e+00   2.2905662e-02
  -1.0156627e+00   3.6490618e-02
  -1.0046599e+00   5.2986635e-02
  -9.8998954e-01   7.1423360e-02
  -9.7165158e-01   9.6167386e-02
  -9.5942627e-01   1.1605964e-01
  -9.5086855e-01   1.4128885e-01
  -9.3986577e-01   1.6894393e-01
  -9.2030528e-01   1.9223243e-01
  -9.0441238e-01   2.2279858e-01
  -8.8118429e-01   2.5384990e-01
  -8.7018152e-01   2.7859393e-01
  -8.5062102e-01   3.0673420e-01
  -8.2739294e-01   3.2808198e-01
  -7.9805216e-01   3.7514419e-01
  -7.6137624e-01   3.9940303e-01
  -7.3448056e-01   4.2075082e-01
  -7.2592284e-01   4.3530613e-01
  -7.0269476e-01   4.3336542e-01
  -6.7457655e-01   4.6247604e-01
  -6.3178797e-01   4.9643843e-01
  -5.9877963e-01   5.2069728e-01
  -5.5354599e-01   5.3767847e-01
  -5.1931513e-01   5.3670812e-01
  -5.0219969e-01   5.6145215e-01
  -4.7652655e-01   5.6242250e-01
  -4.4474074e-01   5.8959241e-01
  -4.2151266e-01   5.7843334e-01
  -3.9706204e-01   5.9492936e-01
  -3.4082562e-01   6.0899949e-01
  -3.0048210e-01   6.2501033e-01
  -2.5647099e-01   6.4053599e-01
  -2.2957531e-01   6.4490259e-01
  -2.1245988e-01   6.3374352e-01
  -1.8923179e-01   6.5557648e-01
  -1.6355865e-01   6.6091343e-01
  -1.2566019e-01   6.4878400e-01
  -1.1098982e-01   6.7110214e-01
  -9.0206795e-02   6.3228798e-01
  -6.5756178e-02   6.5751719e-01
  -3.6415438e-02   6.8323157e-01
  -9.6204275e-04   6.4829883e-01
   3.4491352e-02   6.6430967e-01
   6.9944747e-02   6.6091343e-01
   7.8502463e-02   6.4490259e-01
   1.1273335e-01   6.6188379e-01
   1.2618119e-01   6.5315061e-01
   1.4451915e-01   6.6042826e-01
   1.6407964e-01   6.3956565e-01
   1.9464291e-01   6.3034729e-01
   2.1787100e-01   6.3616941e-01
   2.2642872e-01   6.1918822e-01
   2.6188211e-01   6.2743623e-01
   2.9244538e-01   6.1724751e-01
   3.2056359e-01   6.1142539e-01
   3.3767902e-01   6.2258446e-01
   3.5479446e-01   5.9104795e-01
   3.8291267e-01   5.9201831e-01
   3.9636051e-01   5.7212605e-01
   4.3792655e-01   5.6096698e-01
   4.4770680e-01   5.5174862e-01
   4.7337995e-01   5.5417450e-01
   5.5039939e-01   5.2554906e-01
   5.9685557e-01   5.0371610e-01
   6.2252871e-01   4.6150570e-01
   6.3842162e-01   4.4986145e-01
   6.5553705e-01   4.7266477e-01
   6.6898489e-01   4.4549486e-01
   6.7387501e-01   4.3530614e-01
   6.9465804e-01   4.6005017e-01
   7.1788612e-01   4.2899882e-01
   7.3500155e-01   4.0182891e-01
   7.4111421e-01   3.9309572e-01
   7.7534507e-01   3.8630325e-01
   7.9857316e-01   3.5961851e-01
   8.3647162e-01   3.1643776e-01
   8.5847717e-01   2.9023820e-01
   8.7070248e-01   2.6792006e-01
   8.8048273e-01   2.3832427e-01
   9.0248828e-01   2.2134307e-01
   9.1104600e-01   1.9417316e-01
   9.1838124e-01   1.7701272e-01
   9.2938402e-01   1.5517975e-01
   9.4283186e-01   1.3480232e-01
   9.5750223e-01   1.0763241e-01
   9.7095007e-01   8.2403205e-02
   9.8317538e-01   6.0570241e-02
   1.0039584e+00   3.7281746e-02
   1.0259640e+00   1.6419136e-02
   1.0455245e+00   6.7155960e-03
   1.0724201e+00  -2.0175896e-03