  -7.9941040e-01   7.8829870e-04
  -7.5564245e-01   8.3152432e-03
  -7.0312090e-01   2.6264111e-02
  -6.6518867e-01   4.8265949e-02
  -6.3746897e-01   6.8530799e-02
  -6.1558499e-01   8.5321676e-02
  -5.9807781e-01   1.0327054e-01
  -5.6889917e-01   1.3164133e-01
  -5.4993306e-01   1.5885413e-01
  -5.4117946e-01   1.8432995e-01
  -5.3096694e-01   2.0864777e-01
  -5.0470617e-01   2.3701856e-01
  -4.9595258e-01   2.6481035e-01
  -4.7552753e-01   2.9260215e-01
  -4.6385608e-01   3.2502591e-01
  -4.4780783e-01   3.6497661e-01
  -4.4197210e-01   3.8176749e-01
  -4.1862918e-01   4.2519223e-01
  -4.1279345e-01   4.6282696e-01
  -4.0258093e-01   4.9582971e-01
  -3.8799161e-01   5.2709548e-01
  -3.7048443e-01   5.6936217e-01
  -3.6318977e-01   6.0410192e-01
  -3.5151831e-01   6.3536769e-01
  -3.3838792e-01   6.6779145e-01
  -3.2963433e-01   7.0600516e-01
  -3.2379861e-01   7.3611294e-01
  -2.9170210e-01   8.4033217e-01
  -2.8294851e-01   8.7622990e-01
  -2.7565385e-01   8.9186279e-01
  -2.6252347e-01   9.1560161e-01
  -2.5522881e-01   9.4628839e-01
  -2.4647522e-01   9.7813315e-01
  -2.3772163e-01   1.0146099e+00
  -2.2459124e-01   1.0534026e+00
  -2.1583765e-01   1.1031963e+00
  -2.0854299e-01   1.1315670e+00
  -1.9541260e-01   1.1761497e+00
  -1.9103581e-01   1.2022045e+00
  -1.7498756e-01   1.2317333e+00
  -1.6769290e-01   1.2670520e+00
  -1.5310358e-01   1.3104767e+00
  -1.3851426e-01   1.3463745e+00
  -1.2392494e-01   1.3909571e+00
  -1.0641776e-01   1.4314868e+00
  -9.0369508e-02   1.4662266e+00
  -7.8698052e-02   1.4963344e+00
  -7.4321257e-02   1.5229682e+00
  -4.8060483e-02   1.5553919e+00
  -7.2103915e-03   1.5391800e+00
   2.7803973e-02   1.5362851e+00
   3.5098632e-02   1.5200732e+00
   4.3852223e-02   1.5003873e+00
   8.1784451e-02   1.4928604e+00
   8.6161247e-02   1.4471197e+00
   1.0950416e-01   1.4042740e+00
   1.3284707e-01   1.3533224e+00
   1.3868279e-01   1.3255306e+00
   1.6056677e-01   1.2960018e+00
   1.6640250e-01   1.2548931e+00
   1.8099182e-01   1.2224694e+00
   1.9412220e-01   1.1854136e+00
   1.9704008e-01   1.1500949e+00
   2.0141687e-01   1.1240401e+00
   2.1746512e-01   1.1049333e+00
   2.1892405e-01   1.0696145e+00
   2.3351337e-01   1.0308218e+00
   2.4226696e-01   9.9492406e-01
   2.5102055e-01   9.5960532e-01
   2.5685628e-01   9.2370759e-01
   2.6706880e-01   8.9533680e-01
   2.6998667e-01   8.7043998e-01
   2.9187065e-01   7.8416963e-01
   3.0062424e-01   7.5000888e-01
   3.1521356e-01   7.1295315e-01
   3.2250822e-01   6.8226638e-01
   3.3563861e-01   6.5447458e-01
   3.4731006e-01   6.2205082e-01
   3.6481724e-01   5.7804715e-01
   3.7648870e-01   5.2941150e-01
   3.8232442e-01   5.0104071e-01
   3.9691374e-01   4.7324892e-01
   4.1004413e-01   4.4024616e-01
   4.1296196e-01   4.1824433e-01
   4.1879769e-01   3.9508450e-01
   4.2901021e-01   3.5918677e-01
   4.3630487e-01   3.3660593e-01
   4.5381205e-01   3.0649816e-01
   4.6402458e-01   2.8218034e-01
   4.8153176e-01   2.4744059e-01
   4.9174428e-01   2.1385884e-01
   5.0487467e-01   1.8722504e-01
   5.2967651e-01   1.5827525e-01
   5.4572476e-01   1.2874647e-01
   5.7636233e-01   1.0500764e-01
   6.0262310e-01   7.2004885e-02
   6.3326068e-01   5.1194591e-02
   6.6098038e-01   3.7298693e-02
   6.7994650e-01   1.9928821e-02
   7.0620727e-01   5.4539276e-03
   7.4559843e-01  -1.4940212e-03