  -1.2189922e+00   2.9659807e-05
  -1.1913333e+00   7.5566043e-03
  -1.1699964e+00   1.9160644e-02
  -1.1565621e+00   2.2924116e-02
  -1.1494498e+00   3.3587288e-02
  -1.1336447e+00   5.3345517e-02
  -1.1257421e+00   7.6553596e-02
  -1.1194201e+00   1.0007530e-01
  -1.1107273e+00   1.2077440e-01
  -1.1059858e+00   1.3990538e-01
  -1.1044053e+00   1.6342708e-01
  -1.0988735e+00   1.8161720e-01
  -1.0957125e+00   1.9886644e-01
  -1.0933417e+00   2.2113372e-01
  -1.0878099e+00   2.4496904e-01
  -1.0814879e+00   2.7570406e-01
  -1.0806976e+00   3.0487097e-01
  -1.0751658e+00   3.3121528e-01
  -1.0704243e+00   3.6822276e-01
  -1.0680535e+00   3.9958503e-01
  -1.0633120e+00   4.4537398e-01
  -1.0609413e+00   4.7673625e-01
  -1.0546192e+00   5.1562547e-01
  -1.0498777e+00   5.4792860e-01
  -1.0482972e+00   5.7803638e-01
  -1.0411849e+00   6.1128037e-01
  -1.0348628e+00   6.4138815e-01
  -1.0309116e+00   6.6647797e-01
  -1.0277506e+00   6.8811793e-01
  -1.0317018e+00   7.0223095e-01
  -1.0111552e+00   7.2418454e-01
  -1.0032527e+00   7.4143379e-01
  -9.9218910e-01   7.5554681e-01
  -9.7006196e-01   7.2293005e-01
  -9.5741789e-01   6.9219503e-01
  -9.3371024e-01   6.6522347e-01
  -9.1079286e-01   6.4138815e-01
  -9.0210005e-01   6.0343980e-01
  -8.9814878e-01   5.9058127e-01
  -8.8155343e-01   5.8493607e-01
  -8.7128012e-01   5.6674595e-01
  -8.5863604e-01   5.4918309e-01
  -8.3887967e-01   5.2722951e-01
  -8.2228432e-01   5.0433505e-01
  -7.8672286e-01   4.8959478e-01
  -7.3535630e-01   4.7077742e-01
  -7.1797069e-01   4.7203191e-01
  -6.9584356e-01   4.5227368e-01
  -6.8082872e-01   4.3188821e-01
  -6.5633082e-01   4.3376994e-01
  -6.2155961e-01   4.4035602e-01
  -5.8836891e-01   4.2373402e-01
  -5.4648541e-01   4.0554390e-01
  -5.0618242e-01   3.9833058e-01
  -4.5481586e-01   4.0115318e-01
  -4.2636669e-01   3.9049001e-01
  -3.8685395e-01   3.7418163e-01
  -3.6472682e-01   3.8954914e-01
  -3.4497045e-01   3.7104541e-01
  -2.8333058e-01   3.6602744e-01
  -2.2406146e-01   3.6226394e-01
  -1.6321185e-01   3.6320481e-01
  -1.3792369e-01   3.7543609e-01
  -1.0157198e-01   3.5850047e-01
  -5.9688474e-02   3.5285526e-01
  -3.9141850e-02   3.6226394e-01
  -1.1482934e-02   3.5254164e-01
   2.6449294e-02   3.5442337e-01
   4.5415408e-02   3.7135900e-01
   7.7025598e-02   3.5191439e-01
   9.8362477e-02   3.7449523e-01
   1.3550445e-01   3.5065990e-01
   1.5289005e-01   3.6634104e-01
   1.7975872e-01   3.5128715e-01
   2.2717400e-01   3.6445930e-01
   2.5167190e-01   3.5693235e-01
   2.6115496e-01   3.6665466e-01
   2.8012107e-01   3.5254164e-01
   3.4018043e-01   3.8672651e-01
   3.6941986e-01   3.6916364e-01
   3.8933442e-01   3.8072810e-01
   4.1847070e-01   3.8072810e-01
   4.5710793e-01   3.9229120e-01
   5.3628259e-01   4.1114409e-01
   5.5528451e-01   4.0259745e-01
   6.3572597e-01   4.3225932e-01
   6.8133057e-01   4.4507928e-01
   7.0729986e-01   4.6720000e-01
   7.2756857e-01   4.6217256e-01
   7.5353786e-01   4.8328779e-01
   7.8140729e-01   5.0565990e-01
   7.9977581e-01   5.1998809e-01
   8.1941113e-01   5.1345243e-01
   8.3587946e-01   5.3104845e-01
   8.5931516e-01   5.3934372e-01
   8.6691592e-01   5.5568289e-01
   8.8528445e-01   5.8559613e-01
   9.0111938e-01   6.1199017e-01
   9.1442072e-01   6.3788147e-01
   9.3848982e-01   6.6854883e-01
   9.5549320e-01   6.9557760e-01
   9.6827236e-01   7.2877335e-01
   9.8105152e-01   7.6012490e-01
   9.8569849e-01   7.7487857e-01
   1.0019629e+00   7.3292282e-01
   1.0170655e+00   7.0018812e-01
   1.0240360e+00   6.8820076e-01
   1.0298447e+00   6.5546606e-01
   1.0344917e+00   6.1581557e-01
   1.0379769e+00   5.8123666e-01
   1.0403004e+00   5.4527459e-01
   1.0437856e+00   5.0147464e-01
   1.0461091e+00   4.7842203e-01
   1.0495943e+00   4.5214206e-01
   1.0581294e+00   4.2436707e-01
   1.0637515e+00   3.6635577e-01
   1.0704980e+00   3.1012944e-01
   1.0772445e+00   2.6282792e-01
   1.0828666e+00   2.1909633e-01
   1.0907376e+00   1.7581098e-01
   1.0986085e+00   1.3877300e-01
   1.1087283e+00   1.1155231e-01
   1.1143504e+00   8.8042780e-02
   1.1233458e+00   6.6623225e-02
   1.1312167e+00   4.6096152e-02
   1.1458342e+00   2.9585245e-02
   1.1593272e+00   1.3966819e-02
   1.1739447e+00   6.3807268e-03
   1.1930599e+00  -7.5912488e-04