  -1.2997861e+00   2.4691266e-04
  -1.2803540e+00   6.1226471e-03
  -1.2646232e+00   1.4201782e-02
  -1.2535191e+00   2.4117084e-02
  -1.2470417e+00   3.4766853e-02
  -1.2387136e+00   4.9088956e-02
  -1.2331616e+00   6.3411058e-02
  -1.2257588e+00   7.8467628e-02
  -1.2202068e+00   9.4258664e-02
  -1.2146547e+00   1.1041693e-01
  -1.2100280e+00   1.2841137e-01
  -1.2063267e+00   1.4420241e-01
  -1.2054013e+00   1.6219684e-01
  -1.1998493e+00   1.8533255e-01
  -1.1970733e+00   2.0479592e-01
  -1.1942972e+00   2.2903332e-01
  -1.1905959e+00   2.4923116e-01
  -1.1905959e+00   2.6649113e-01
  -1.1850438e+00   2.8558724e-01
  -1.1813425e+00   3.0321444e-01
  -1.1785664e+00   3.2084165e-01
  -1.1785664e+00   3.4250842e-01
  -1.1785664e+00   3.6380795e-01
  -1.1757904e+00   3.8694366e-01
  -1.1730144e+00   4.1007936e-01
  -1.1711637e+00   4.2807380e-01
  -1.1720891e+00   4.5231120e-01
  -1.1711637e+00   4.7361074e-01
  -1.1683877e+00   5.0041878e-01
  -1.1656117e+00   5.2098385e-01
  -1.1637610e+00   5.4154895e-01
  -1.1628356e+00   5.6321572e-01
  -1.1591343e+00   5.8524972e-01
  -1.1535822e+00   6.0985436e-01
  -1.1545076e+00   6.3445900e-01
  -1.1508062e+00   6.5979811e-01
  -1.1480302e+00   6.8440274e-01
  -1.1489555e+00   7.0827289e-01
  -1.1471049e+00   7.3140859e-01
  -1.1461795e+00   7.5344260e-01
  -1.1424782e+00   7.7584383e-01
  -1.1415528e+00   8.0008124e-01
  -1.1415528e+00   8.2248248e-01
  -1.1360008e+00   8.5406455e-01
  -1.1378514e+00   8.7903642e-01
  -1.1332247e+00   9.0878233e-01
  -1.1322994e+00   9.3559036e-01
  -1.1267474e+00   9.6092948e-01
  -1.1221207e+00   9.9214432e-01
  -1.1221207e+00   1.0237264e+00
  -1.1193446e+00   1.0611842e+00
  -1.1165686e+00   1.0890939e+00
  -1.1156433e+00   1.1173709e+00
  -1.1091659e+00   1.1434445e+00
  -1.1073152e+00   1.1742921e+00
  -1.1073152e+00   1.2025691e+00
  -1.1045392e+00   1.2293771e+00
  -1.0962111e+00   1.2554507e+00
  -1.0999125e+00   1.2800553e+00
  -1.0925097e+00   1.3046600e+00
  -1.0860324e+00   1.3288974e+00
  -1.0814056e+00   1.3520331e+00
  -1.0703016e+00   1.3729654e+00
  -1.0545708e+00   1.3391799e+00
  -1.0499441e+00   1.3134736e+00
  -1.0471680e+00   1.2903379e+00
  -1.0453173e+00   1.2642643e+00
  -1.0443920e+00   1.2418631e+00
  -1.0388400e+00   1.2238686e+00
  -1.0369893e+00   1.2014674e+00
  -1.0314372e+00   1.1786989e+00
  -1.0258852e+00   1.1566649e+00
  -1.0231092e+00   1.1405066e+00
  -1.0240345e+00   1.1166365e+00
  -1.0221838e+00   1.0946025e+00
  -1.0212585e+00   1.0780770e+00
  -1.0212585e+00   1.0575119e+00
  -1.0157064e+00   1.0369468e+00
  -1.0129304e+00   1.0171162e+00
  -1.0092290e+00   9.9728563e-01
  -1.0064530e+00   9.7635332e-01
  -1.0064530e+00   9.5725719e-01
  -1.0027517e+00   9.3559041e-01
  -1.0009010e+00   9.1722874e-01
  -9.9812495e-01   9.0033601e-01
  -9.9719961e-01   8.7756754e-01
  -9.9442359e-01   8.5626799e-01
  -9.9164757e-01   8.3056165e-01
  -9.8517018e-01   8.0155021e-01
  -9.8331950e-01   7.7437494e-01
  -9.8054348e-01   7.4830137e-01
  -9.7499143e-01   7.2369673e-01
  -9.7591677e-01   7.0276443e-01
  -9.7129007e-01   6.7742532e-01
  -9.6758870e-01   6.5061728e-01
  -9.6481268e-01   6.3041945e-01
  -9.5926063e-01   6.0765094e-01
  -9.5555927e-01   5.7790503e-01
  -9.4815654e-01   5.5146422e-01
  -9.4352983e-01   5.2245279e-01
  -9.3427642e-01   4.9527751e-01
  -9.2224699e-01   4.6442991e-01
  -9.0836687e-01   4.3982527e-01
  -8.9263608e-01   4.1668957e-01
  -8.8245733e-01   4.0714150e-01
  -8.7783062e-01   3.9098323e-01
  -8.6857721e-01   3.7702836e-01
  -8.5747313e-01   3.5903395e-01
  -8.4729438e-01   3.5719778e-01
  -8.2323551e-01   3.6784755e-01
  -8.1213142e-01   3.4250845e-01
  -7.9917664e-01   3.2892081e-01
  -7.8437118e-01   3.1349701e-01
  -7.6123766e-01   3.1019191e-01
  -7.2700004e-01   2.9072854e-01
  -7.0016515e-01   2.9366640e-01
  -6.7425560e-01   2.7934430e-01
  -6.5019673e-01   2.8044600e-01
  -6.3446594e-01   2.8779067e-01
  -6.1780980e-01   2.7530473e-01
  -5.9652695e-01   2.5877923e-01
  -5.4840922e-01   2.7089793e-01
  -5.2990240e-01   2.6612390e-01
  -5.1417160e-01   2.4996563e-01
  -4.7993398e-01   2.6134986e-01
  -4.5587512e-01   2.5988093e-01
  -4.3921898e-01   2.3894863e-01
  -4.0498136e-01   2.4923116e-01
  -3.7999715e-01   2.3968309e-01
  -3.6889306e-01   2.4041756e-01
  -3.4205817e-01   2.4629330e-01
  -2.9486578e-01   2.2903333e-01
  -2.6895623e-01   2.4812946e-01
  -2.3286794e-01   2.2572821e-01
  -2.1713715e-01   2.2719715e-01
  -1.9492896e-01   2.2389204e-01
  -1.6809407e-01   2.3344011e-01
  -1.3570713e-01   2.1948524e-01
  -1.0332020e-01   2.2719715e-01
  -5.7053146e-02   2.2058694e-01
  -1.9114163e-02   2.2719715e-01
   3.3630276e-02   2.1801631e-01
   1.1135892e-01   2.2829885e-01
   1.2708972e-01   2.2095418e-01
   1.4837256e-01   2.3123671e-01
   1.7798348e-01   2.1948524e-01
   2.0944507e-01   2.3233841e-01
   2.4738406e-01   2.2609544e-01
   2.8069633e-01   2.4335541e-01
   3.0197918e-01   2.3344011e-01
   3.2418736e-01   2.4005031e-01
   3.3621679e-01   2.3417458e-01
   3.5749964e-01   2.5290348e-01
   3.9358794e-01   2.3747968e-01
   4.3430294e-01   2.4923115e-01
   4.5373511e-01   2.3821415e-01
   4.7686870e-01   2.4886392e-01
   4.9630086e-01   2.4739499e-01
   5.3053848e-01   2.6098262e-01
   5.5367201e-01   2.5914646e-01
   5.6847746e-01   2.6538942e-01
   5.9716303e-01   2.5988092e-01
   6.2677395e-01   2.8118046e-01
   6.5175816e-01   2.7677366e-01
   6.8969714e-01   2.8889236e-01
   7.2208407e-01   3.1129360e-01
   7.5539635e-01   3.0541786e-01
   7.8038056e-01   3.2304507e-01
   8.0351409e-01   3.4361014e-01
   8.3034894e-01   3.6050290e-01
   8.5440780e-01   3.7482501e-01
   8.7754133e-01   3.8253691e-01
   8.9142144e-01   4.0897771e-01
   9.0067485e-01   4.3101172e-01
   9.0622690e-01   4.5304572e-01
   9.1918168e-01   4.7765036e-01
   9.3121110e-01   5.0702901e-01
   9.3768849e-01   5.3383705e-01
   9.4138985e-01   5.5660552e-01
   9.4786724e-01   5.8341356e-01
   9.5434462e-01   6.1022160e-01
   9.5989667e-01   6.3372454e-01
   9.6729940e-01   6.6347042e-01
   9.6822475e-01   6.9101293e-01
   9.6822475e-01   7.2002436e-01
   9.7100077e-01   7.4573070e-01
   9.7562747e-01   7.6666301e-01
   9.8117952e-01   7.9677615e-01
   9.8580622e-01   8.2505312e-01
   9.8858224e-01   8.5333013e-01
   9.8950758e-01   8.7793476e-01
   9.9228361e-01   9.0070323e-01
   9.9413429e-01   9.2383894e-01
   1.0006117e+00   9.5285038e-01
   1.0043130e+00   9.8076012e-01
   1.0117158e+00   1.0094043e+00
   1.0135665e+00   1.0380485e+00
   1.0154171e+00   1.0644893e+00
   1.0163425e+00   1.0916646e+00
   1.0181932e+00   1.1162692e+00
   1.0228199e+00   1.1456479e+00
   1.0255959e+00   1.1728232e+00
   1.0292973e+00   1.2003657e+00
   1.0320733e+00   1.2286426e+00
   1.0357746e+00   1.2539817e+00
   1.0404013e+00   1.2833604e+00
   1.0459534e+00   1.3057616e+00
   1.0505801e+00   1.3340386e+00
   1.0570575e+00   1.3553382e+00
   1.0700123e+00   1.3788411e+00
   1.0801910e+00   1.3472590e+00
   1.0875937e+00   1.3211855e+00
   1.0912951e+00   1.2954791e+00
   1.0912951e+00   1.2763830e+00
   1.0922204e+00   1.2543490e+00
   1.0949965e+00   1.2323150e+00
   1.0968471e+00   1.2088120e+00
   1.1033245e+00   1.1783317e+00
   1.1079512e+00   1.1511564e+00
   1.1098019e+00   1.1305913e+00
   1.1079512e+00   1.0946024e+00
   1.1153540e+00   1.0578791e+00
   1.1181300e+00   1.0299694e+00
   1.1218314e+00   9.9655111e-01
   1.1236820e+00   9.6496904e-01
   1.1264581e+00   9.2971463e-01
   1.1273834e+00   8.9042066e-01
   1.1283088e+00   8.5553349e-01
   1.1301594e+00   8.2799097e-01
   1.1329355e+00   7.9310380e-01
   1.1366368e+00   7.6556129e-01
   1.1394128e+00   7.4242559e-01
   1.1431142e+00   7.1267968e-01
   1.1468156e+00   6.8146484e-01
   1.1505169e+00   6.5722744e-01
   1.1532930e+00   6.2601260e-01
   1.1551436e+00   6.0067349e-01
   1.1588450e+00   5.6578635e-01
   1.1569943e+00   5.2722684e-01
   1.1579197e+00   4.9564477e-01
   1.1579197e+00   4.6589887e-01
   1.1625464e+00   4.3688743e-01
   1.1643971e+00   4.1007939e-01
   1.1680984e+00   3.7813008e-01
   1.1690238e+00   3.4911864e-01
   1.1792025e+00   3.0358166e-01
   1.1838292e+00   2.7860978e-01
   1.1875306e+00   2.4959835e-01
   1.1903066e+00   2.2095414e-01
   1.1921573e+00   1.9120823e-01
   1.1958587e+00   1.6733806e-01
   1.1995600e+00   1.3979556e-01
   1.2078881e+00   1.1665985e-01
   1.2125148e+00   9.1320748e-02
   1.2217682e+00   6.6935504e-02
   1.2254696e+00   4.5635966e-02
   1.2412004e+00   2.8375996e-02
   1.2550805e+00   1.5522827e-02
   1.2735873e+00   1.9351912e-03
  -1.2189922e+00   2.9659807e-05
  -1.1913333e+00   7.5566043e-03
  -1.1699964e+00   1.9160644e-02
  -1.1565621e+00   2.2924116e-02
  -1.1494498e+00   3.3587288e-02
  -1.1336447e+00   5.3345517e-02
  -1.1257421e+00   7.6553596e-02
  -1.1194201e+00   1.0007530e-01
  -1.1107273e+00   1.2077440e-01
  -1.1059858e+00   1.3990538e-01
  -1.1044053e+00   1.6342708e-01
  -1.0988735e+00   1.8161720e-01
  -1.0957125e+00   1.9886644e-01
  -1.0933417e+00   2.2113372e-01
  -1.0878099e+00   2.4496904e-01
  -1.0814879e+00   2.7570406e-01
  -1.0806976e+00   3.0487097e-01
  -1.0751658e+00   3.3121528e-01
  -1.0704243e+00   3.6822276e-01
  -1.0680535e+00   3.9958503e-01
  -1.0633120e+00   4.4537398e-01
  -1.0609413e+00   4.7673625e-01
  -1.0546192e+00   5.1562547e-01
  -1.0498777e+00   5.4792860e-01
  -1.0482972e+00   5.7803638e-01
  -1.0411849e+00   6.1128037e-01
  -1.0348628e+00   6.4138815e-01
  -1.0309116e+00   6.6647797e-01
  -1.0277506e+00   6.8811793e-01
  -1.0317018e+00   7.0223095e-01
  -1.0111552e+00   7.2418454e-01
  -1.0032527e+00   7.4143379e-01
  -9.9218910e-01   7.5554681e-01
  -9.7006196e-01   7.2293005e-01
  -9.5741789e-01   6.9219503e-01
  -9.3371024e-01   6.6522347e-01
  -9.1079286e-01   6.4138815e-01
  -9.0210005e-01   6.0343980e-01
  -8.9814878e-01   5.9058127e-01
  -8.8155343e-01   5.8493607e-01
  -8.7128012e-01   5.6674595e-01
  -8.5863604e-01   5.4918309e-01
  -8.3887967e-01   5.2722951e-01
  -8.2228432e-01   5.0433505e-01
  -7.8672286e-01   4.8959478e-01
  -7.3535630e-01   4.7077742e-01
  -7.1797069e-01   4.7203191e-01
  -6.9584356e-01   4.5227368e-01
  -6.8082872e-01   4.3188821e-01
  -6.5633082e-01   4.3376994e-01
  -6.2155961e-01   4.4035602e-01
  -5.8836891e-01   4.2373402e-01
  -5.4648541e-01   4.0554390e-01
  -5.0618242e-01   3.9833058e-01
  -4.5481586e-01   4.0115318e-01
  -4.2636669e-01   3.9049001e-01
  -3.8685395e-01   3.7418163e-01
  -3.6472682e-01   3.8954914e-01
  -3.4497045e-01   3.7104541e-01
  -2.8333058e-01   3.6602744e-01
  -2.2406146e-01   3.6226394e-01
  -1.6321185e-01   3.6320481e-01
  -1.3792369e-01   3.7543609e-01
  -1.0157198e-01   3.5850047e-01
  -5.9688474e-02   3.5285526e-01
  -3.9141850e-02   3.6226394e-01
  -1.1482934e-02   3.5254164e-01
   2.6449294e-02   3.5442337e-01
   4.5415408e-02   3.7135900e-01
   7.7025598e-02   3.5191439e-01
   9.8362477e-02   3.7449523e-01
   1.3550445e-01   3.5065990e-01
   1.5289005e-01   3.6634104e-01
   1.7975872e-01   3.5128715e-01
   2.2717400e-01   3.6445930e-01
   2.5167190e-01   3.5693235e-01
   2.6115496e-01   3.6665466e-01
   2.8012107e-01   3.5254164e-01
   3.4018043e-01   3.8672651e-01
   3.6941986e-01   3.6916364e-01
   3.8933442e-01   3.8072810e-01
   4.1847070e-01   3.8072810e-01
   4.5710793e-01   3.9229120e-01
   5.3628259e-01   4.1114409e-01
   5.5528451e-01   4.0259745e-01
   6.3572597e-01   4.3225932e-01
   6.8133057e-01   4.4507928e-01
   7.0729986e-01   4.6720000e-01
   7.2756857e-01   4.6217256e-01
   7.5353786e-01   4.8328779e-01
   7.8140729e-01   5.0565990e-01
   7.9977581e-01   5.1998809e-01
   8.1941113e-01   5.1345243e-01
   8.3587946e-01   5.3104845e-01
   8.5931516e-01   5.3934372e-01
   8.6691592e-01   5.5568289e-01
   8.8528445e-01   5.8559613e-01
   9.0111938e-01   6.1199017e-01
   9.1442072e-01   6.3788147e-01
   9.3848982e-01   6.6854883e-01
   9.5549320e-01   6.9557760e-01
   9.6827236e-01   7.2877335e-01
   9.8105152e-01   7.6012490e-01
   9.8569849e-01   7.7487857e-01
   1.0019629e+00   7.3292282e-01
   1.0170655e+00   7.0018812e-01
   1.0240360e+00   6.8820076e-01
   1.0298447e+00   6.5546606e-01
   1.0344917e+00   6.1581557e-01
   1.0379769e+00   5.8123666e-01
   1.0403004e+00   5.4527459e-01
   1.0437856e+00   5.0147464e-01
   1.0461091e+00   4.7842203e-01
   1.0495943e+00   4.5214206e-01
   1.0581294e+00   4.2436707e-01
   1.0637515e+00   3.6635577e-01
   1.0704980e+00   3.1012944e-01
   1.0772445e+00   2.6282792e-01
   1.0828666e+00   2.1909633e-01
   1.0907376e+00   1.7581098e-01
   1.0986085e+00   1.3877300e-01
   1.1087283e+00   1.1155231e-01
   1.1143504e+00   8.8042780e-02
   1.1233458e+00   6.6623225e-02
   1.1312167e+00   4.6096152e-02
   1.1458342e+00   2.9585245e-02
   1.1593272e+00   1.3966819e-02
   1.1739447e+00   6.3807268e-03
   1.1930599e+00  -7.5912488e-04
  -1.0914596e+00  -1.3531866e-03
  -1.0645639e+00   7.3799990e-03
  -1.0327781e+00   2.2905662e-02
  -1.0156627e+00   3.6490618e-02
  -1.0046599e+00   5.2986635e-02
  -9.8998954e-01   7.1423360e-02
  -9.7165158e-01   9.6167386e-02
  -9.5942627e-01   1.1605964e-01
  -9.5086855e-01   1.4128885e-01
  -9.3986577e-01   1.6894393e-01
  -9.2030528e-01   1.9223243e-01
  -9.0441238e-01   2.2279858e-01
  -8.8118429e-01   2.5384990e-01
  -8.7018152e-01   2.7859393e-01
  -8.5062102e-01   3.0673420e-01
  -8.2739294e-01   3.2808198e-01
  -7.9805216e-01   3.7514419e-01
  -7.6137624e-01   3.9940303e-01
  -7.3448056e-01   4.2075082e-01
  -7.2592284e-01   4.3530613e-01
  -7.0269476e-01   4.3336542e-01
  -6.7457655e-01   4.6247604e-01
  -6.3178797e-01   4.9643843e-01
  -5.9877963e-01   5.2069728e-01
  -5.5354599e-01   5.3767847e-01
  -5.1931513e-01   5.3670812e-01
  -5.0219969e-01   5.6145215e-01
  -4.7652655e-01   5.6242250e-01
  -4.4474074e-01   5.8959241e-01
  -4.2151266e-01   5.7843334e-01
  -3.9706204e-01   5.9492936e-01
  -3.4082562e-01   6.0899949e-01
  -3.0048210e-01   6.2501033e-01
  -2.5647099e-01   6.4053599e-01
  -2.2957531e-01   6.4490259e-01
  -2.1245988e-01   6.3374352e-01
  -1.8923179e-01   6.5557648e-01
  -1.6355865e-01   6.6091343e-01
  -1.2566019e-01   6.4878400e-01
  -1.1098982e-01   6.7110214e-01
  -9.0206795e-02   6.3228798e-01
  -6.5756178e-02   6.5751719e-01
  -3.6415438e-02   6.8323157e-01
  -9.6204275e-04   6.4829883e-01
   3.4491352e-02   6.6430967e-01
   6.9944747e-02   6.6091343e-01
   7.8502463e-02   6.4490259e-01
   1.1273335e-01   6.6188379e-01
   1.2618119e-01   6.5315061e-01
   1.4451915e-01   6.6042826e-01
   1.6407964e-01   6.3956565e-01
   1.9464291e-01   6.3034729e-01
   2.1787100e-01   6.3616941e-01
   2.2642872e-01   6.1918822e-01
   2.6188211e-01   6.2743623e-01
   2.9244538e-01   6.1724751e-01
   3.2056359e-01   6.1142539e-01
   3.3767902e-01   6.2258446e-01
   3.5479446e-01   5.9104795e-01
   3.8291267e-01   5.9201831e-01
   3.9636051e-01   5.7212605e-01
   4.3792655e-01   5.6096698e-01
   4.4770680e-01   5.5174862e-01
   4.7337995e-01   5.5417450e-01
   5.5039939e-01   5.2554906e-01
   5.9685557e-01   5.0371610e-01
   6.2252871e-01   4.6150570e-01
   6.3842162e-01   4.4986145e-01
   6.5553705e-01   4.7266477e-01
   6.6898489e-01   4.4549486e-01
   6.7387501e-01   4.3530614e-01
   6.9465804e-01   4.6005017e-01
   7.1788612e-01   4.2899882e-01
   7.3500155e-01   4.0182891e-01
   7.4111421e-01   3.9309572e-01
   7.7534507e-01   3.8630325e-01
   7.9857316e-01   3.5961851e-01
   8.3647162e-01   3.1643776e-01
   8.5847717e-01   2.9023820e-01
   8.7070248e-01   2.6792006e-01
   8.8048273e-01   2.3832427e-01
   9.0248828e-01   2.2134307e-01
   9.1104600e-01   1.9417316e-01
   9.1838124e-01   1.7701272e-01
   9.2938402e-01   1.5517975e-01
   9.4283186e-01   1.3480232e-01
   9.5750223e-01   1.0763241e-01
   9.7095007e-01   8.2403205e-02
   9.8317538e-01   6.0570241e-02
   1.0039584e+00   3.7281746e-02
   1.0259640e+00   1.6419136e-02
   1.0455245e+00   6.7155960e-03
   1.0724201e+00  -2.0175896e-03
  -9.4417623e-01  -1.0825357e-04
  -9.0999940e-01   9.3862042e-03
  -8.7753141e-01   2.1593364e-02
  -8.5189879e-01   4.0582280e-02
  -8.1601312e-01   5.3467616e-02
  -7.9892470e-01   7.8560111e-02
  -7.6816556e-01   1.0500896e-01
  -7.4595062e-01   1.3688321e-01
  -7.0835610e-01   1.7825192e-01
  -6.8785001e-01   2.0809164e-01
  -6.6905275e-01   2.3318414e-01
  -6.5196433e-01   2.6302386e-01
  -6.3316708e-01   2.8201278e-01
  -6.2291403e-01   3.1185250e-01
  -5.9728141e-01   3.3830135e-01
  -5.9386372e-01   3.6881925e-01
  -5.8019299e-01   3.9391175e-01
  -5.5285153e-01   4.1357884e-01
  -5.4088964e-01   4.3663681e-01
  -5.2380122e-01   4.7122376e-01
  -5.0500400e-01   4.9224723e-01
  -4.8620674e-01   5.3361594e-01
  -4.6740948e-01   5.6684654e-01
  -4.3323265e-01   5.9397356e-01
  -4.0589119e-01   6.3602045e-01
  -3.8196741e-01   6.8213639e-01
  -3.7684088e-01   7.0112530e-01
  -3.6146131e-01   6.9027449e-01
  -3.5120826e-01   7.2893050e-01
  -3.1532259e-01   7.4317219e-01
  -3.0336070e-01   7.8318455e-01
  -2.7772808e-01   8.2658778e-01
  -2.5380430e-01   8.5303663e-01
  -2.4013357e-01   8.8152000e-01
  -2.0937442e-01   9.1678513e-01
  -1.8886832e-01   9.2899229e-01
  -1.7519759e-01   9.5747566e-01
  -1.5469147e-01   9.9274080e-01
  -1.4443842e-01   1.0056261e+00
  -1.2905885e-01   9.8460270e-01
  -9.4882021e-02   1.0205460e+00
  -7.2667081e-02   1.0510639e+00
  -1.7984154e-02   1.0368222e+00
   1.7901517e-02   1.0578457e+00
   5.5496029e-02   1.0463167e+00
   6.7457920e-02   1.0266496e+00
   8.9672859e-02   1.0219024e+00
   1.1359664e-01   1.0076607e+00
   1.3752042e-01   9.7036101e-01
   1.5119115e-01   9.8799358e-01
   1.6827957e-01   9.6018838e-01
   1.8195030e-01   9.4119946e-01
   1.8536798e-01   9.2967048e-01
   2.0245640e-01   9.3238318e-01
   2.0587408e-01   9.0796886e-01
   2.1270945e-01   8.7812914e-01
   2.1783597e-01   8.6388745e-01
   2.4005091e-01   8.8423272e-01
   2.6397469e-01   8.4422036e-01
   2.7764542e-01   8.1980604e-01
   2.9473384e-01   8.0081712e-01
   3.1523993e-01   7.6758652e-01
   3.3061951e-01   7.4520673e-01
   3.5796097e-01   7.1468883e-01
   3.8359359e-01   6.8823998e-01
   3.9384664e-01   6.5704390e-01
   4.0068200e-01   6.3127321e-01
   4.2973230e-01   6.2042240e-01
   4.4169419e-01   5.7634099e-01
   4.5194724e-01   5.3700680e-01
   4.6903565e-01   5.1530519e-01
   4.9637712e-01   4.8071823e-01
   5.0492133e-01   4.5359121e-01
   5.2884511e-01   4.1832608e-01
   5.6131309e-01   3.7831372e-01
   5.8181919e-01   3.4643947e-01
   5.9719877e-01   3.1795610e-01
   6.1086950e-01   2.9625448e-01
   6.3137559e-01   2.5624212e-01
   6.4162868e-01   2.4147004e-01
   6.5529941e-01   2.1841208e-01
   6.7580551e-01   1.9128505e-01
   6.7580551e-01   1.9128505e-01
   6.9118508e-01   1.6551438e-01
   7.1340002e-01   1.4245641e-01
   7.3732380e-01   1.1736392e-01
   7.6637411e-01   8.8880544e-02
   7.9713326e-01   6.3788048e-02
   8.2789240e-01   3.8695553e-02
   8.5694271e-01   2.4453866e-02
   8.8599301e-01   1.5637584e-02
   9.2358752e-01   1.3958969e-03
  -7.9941040e-01   7.8829870e-04
  -7.5564245e-01   8.3152432e-03
  -7.0312090e-01   2.6264111e-02
  -6.6518867e-01   4.8265949e-02
  -6.3746897e-01   6.8530799e-02
  -6.1558499e-01   8.5321676e-02
  -5.9807781e-01   1.0327054e-01
  -5.6889917e-01   1.3164133e-01
  -5.4993306e-01   1.5885413e-01
  -5.4117946e-01   1.8432995e-01
  -5.3096694e-01   2.0864777e-01
  -5.0470617e-01   2.3701856e-01
  -4.9595258e-01   2.6481035e-01
  -4.7552753e-01   2.9260215e-01
  -4.6385608e-01   3.2502591e-01
  -4.4780783e-01   3.6497661e-01
  -4.4197210e-01   3.8176749e-01
  -4.1862918e-01   4.2519223e-01
  -4.1279345e-01   4.6282696e-01
  -4.0258093e-01   4.9582971e-01
  -3.8799161e-01   5.2709548e-01
  -3.7048443e-01   5.6936217e-01
  -3.6318977e-01   6.0410192e-01
  -3.5151831e-01   6.3536769e-01
  -3.3838792e-01   6.6779145e-01
  -3.2963433e-01   7.0600516e-01
  -3.2379861e-01   7.3611294e-01
  -2.9170210e-01   8.4033217e-01
  -2.8294851e-01   8.7622990e-01
  -2.7565385e-01   8.9186279e-01
  -2.6252347e-01   9.1560161e-01
  -2.5522881e-01   9.4628839e-01
  -2.4647522e-01   9.7813315e-01
  -2.3772163e-01   1.0146099e+00
  -2.2459124e-01   1.0534026e+00
  -2.1583765e-01   1.1031963e+00
  -2.0854299e-01   1.1315670e+00
  -1.9541260e-01   1.1761497e+00
  -1.9103581e-01   1.2022045e+00
  -1.7498756e-01   1.2317333e+00
  -1.6769290e-01   1.2670520e+00
  -1.5310358e-01   1.3104767e+00
  -1.3851426e-01   1.3463745e+00
  -1.2392494e-01   1.3909571e+00
  -1.0641776e-01   1.4314868e+00
  -9.0369508e-02   1.4662266e+00
  -7.8698052e-02   1.4963344e+00
  -7.4321257e-02   1.5229682e+00
  -4.8060483e-02   1.5553919e+00
  -7.2103915e-03   1.5391800e+00
   2.7803973e-02   1.5362851e+00
   3.5098632e-02   1.5200732e+00
   4.3852223e-02   1.5003873e+00
   8.1784451e-02   1.4928604e+00
   8.6161247e-02   1.4471197e+00
   1.0950416e-01   1.4042740e+00
   1.3284707e-01   1.3533224e+00
   1.3868279e-01   1.3255306e+00
   1.6056677e-01   1.2960018e+00
   1.6640250e-01   1.2548931e+00
   1.8099182e-01   1.2224694e+00
   1.9412220e-01   1.1854136e+00
   1.9704008e-01   1.1500949e+00
   2.0141687e-01   1.1240401e+00
   2.1746512e-01   1.1049333e+00
   2.1892405e-01   1.0696145e+00
   2.3351337e-01   1.0308218e+00
   2.4226696e-01   9.9492406e-01
   2.5102055e-01   9.5960532e-01
   2.5685628e-01   9.2370759e-01
   2.6706880e-01   8.9533680e-01
   2.6998667e-01   8.7043998e-01
   2.9187065e-01   7.8416963e-01
   3.0062424e-01   7.5000888e-01
   3.1521356e-01   7.1295315e-01
   3.2250822e-01   6.8226638e-01
   3.3563861e-01   6.5447458e-01
   3.4731006e-01   6.2205082e-01
   3.6481724e-01   5.7804715e-01
   3.7648870e-01   5.2941150e-01
   3.8232442e-01   5.0104071e-01
   3.9691374e-01   4.7324892e-01
   4.1004413e-01   4.4024616e-01
   4.1296196e-01   4.1824433e-01
   4.1879769e-01   3.9508450e-01
   4.2901021e-01   3.5918677e-01
   4.3630487e-01   3.3660593e-01
   4.5381205e-01   3.0649816e-01
   4.6402458e-01   2.8218034e-01
   4.8153176e-01   2.4744059e-01
   4.9174428e-01   2.1385884e-01
   5.0487467e-01   1.8722504e-01
   5.2967651e-01   1.5827525e-01
   5.4572476e-01   1.2874647e-01
   5.7636233e-01   1.0500764e-01
   6.0262310e-01   7.2004885e-02
   6.3326068e-01   5.1194591e-02
   6.6098038e-01   3.7298693e-02
   6.7994650e-01   1.9928821e-02
   7.0620727e-01   5.4539276e-03
   7.4559843e-01  -1.4940212e-03
