  -1.2562218e+00   3.0058881e-03
  -1.2382084e+00   9.8173703e-03
  -1.2257376e+00   1.9061525e-02
  -1.2174237e+00   2.6359541e-02
  -1.2104955e+00   3.6090230e-02
  -1.2063386e+00   4.5820919e-02
  -1.2021816e+00   5.5065073e-02
  -1.1980247e+00   6.4795762e-02
  -1.1952534e+00   7.4039917e-02
  -1.1897108e+00   8.4743674e-02
  -1.1869395e+00   9.6420501e-02
  -1.1827826e+00   1.0907040e-01
  -1.1813970e+00   1.2366643e-01
  -1.1800113e+00   1.3826246e-01
  -1.1800113e+00   1.5723731e-01
  -1.1758544e+00   1.7572562e-01
  -1.1744687e+00   1.8983511e-01
  -1.1675405e+00   2.0783689e-01
  -1.1678989e+00   2.2091739e-01
  -1.1678989e+00   2.3511078e-01
  -1.1693960e+00   2.5350961e-01
  -1.1664017e+00   2.6822868e-01
  -1.1649046e+00   2.8794171e-01
  -1.1604132e+00   3.0975747e-01
  -1.1566704e+00   3.2710493e-01
  -1.1578171e+00   3.4444402e-01
  -1.1562881e+00   3.6323431e-01
  -1.1562881e+00   3.8470894e-01
  -1.1562881e+00   4.0725729e-01
  -1.1593461e+00   4.2712132e-01
  -1.1547591e+00   4.5664892e-01
  -1.1517012e+00   4.8027101e-01
  -1.1486432e+00   5.0926175e-01
  -1.1501722e+00   5.3717876e-01
  -1.1425272e+00   5.6080085e-01
  -1.1409983e+00   5.8173863e-01
  -1.1409983e+00   6.0321325e-01
  -1.1425272e+00   6.2683534e-01
  -1.1394693e+00   6.5099429e-01
  -1.1364113e+00   6.7998503e-01
  -1.1318243e+00   7.1327070e-01
  -1.1257084e+00   7.4172457e-01
  -1.1211214e+00   7.7232591e-01
  -1.1226504e+00   8.0239040e-01
  -1.1241794e+00   8.2977055e-01
  -1.1257084e+00   8.6037188e-01
  -1.1226504e+00   8.9204695e-01
  -1.1211214e+00   9.1137412e-01
  -1.1211214e+00   9.3929113e-01
  -1.1165345e+00   9.7633485e-01
  -1.1134765e+00   1.0090837e+00
  -1.1119475e+00   1.0461274e+00
  -1.1073605e+00   1.0842449e+00
  -1.1043026e+00   1.1153831e+00
  -1.1012446e+00   1.1486687e+00
  -1.0951286e+00   1.1857125e+00
  -1.0935997e+00   1.2179244e+00
  -1.0920707e+00   1.2533575e+00
  -1.0874837e+00   1.2812745e+00
  -1.0874837e+00   1.3118759e+00
  -1.0813678e+00   1.3414035e+00
  -1.0783098e+00   1.3741523e+00
  -1.0645489e+00   1.4063642e+00
  -1.0416141e+00   1.3542883e+00
  -1.0385561e+00   1.3204657e+00
  -1.0354982e+00   1.2946962e+00
  -1.0324402e+00   1.2576525e+00
  -1.0309112e+00   1.2265143e+00
  -1.0263242e+00   1.1948392e+00
  -1.0202083e+00   1.1647747e+00
  -1.0186793e+00   1.1363208e+00
  -1.0171503e+00   1.1180674e+00
  -1.0171503e+00   1.0992771e+00
  -1.0140923e+00   1.0853186e+00
  -1.0125633e+00   1.0670652e+00
  -1.0110344e+00   1.0461274e+00
  -1.0110344e+00   1.0230422e+00
  -1.0079764e+00   1.0053257e+00
  -1.0064474e+00   9.8546163e-01
  -1.0049184e+00   9.6613446e-01
  -1.0018604e+00   9.4090178e-01
  -9.9727346e-01   9.1459537e-01
  -9.8962853e-01   8.8936269e-01
  -9.8657055e-01   8.6627746e-01
  -9.8809954e-01   8.3621299e-01
  -9.8504157e-01   8.0936971e-01
  -9.7586765e-01   7.6105179e-01
  -9.6975170e-01   7.2025001e-01
  -9.6057778e-01   6.7730076e-01
  -9.5293285e-01   6.3220405e-01
  -9.4987487e-01   5.9838152e-01
  -9.4222994e-01   5.6939078e-01
  -9.2846905e-01   5.2912585e-01
  -9.2388209e-01   5.0281943e-01
  -9.1929513e-01   4.7973421e-01
  -9.1012121e-01   4.5128034e-01
  -9.0199051e-01   4.4164185e-01
  -8.8646173e-01   4.4963891e-01
  -8.6782720e-01   4.4200536e-01
  -8.6058044e-01   4.2855575e-01
  -8.5747469e-01   4.1183463e-01
  -8.3780491e-01   4.0238356e-01
  -8.2538189e-01   4.0238356e-01
  -8.1502937e-01   3.8638944e-01
  -8.0571210e-01   3.6712379e-01
  -7.8914808e-01   3.7693837e-01
  -7.6947830e-01   3.6530628e-01
  -7.6326679e-01   3.5076617e-01
  -7.5187902e-01   3.4131510e-01
  -7.3427974e-01   3.4858515e-01
  -7.1978622e-01   3.2822900e-01
  -7.0529269e-01   3.1332538e-01
  -6.7941140e-01   3.2023194e-01
  -6.2350781e-01   2.9805827e-01
  -6.0383803e-01   2.9769477e-01
  -5.7767821e-01   2.8679093e-01
  -5.6586899e-01   2.8392026e-01
  -5.2862453e-01   2.6510148e-01
  -5.0137248e-01   2.6892903e-01
  -4.7321204e-01   2.6892903e-01
  -4.4595999e-01   2.6127393e-01
  -4.3415077e-01   2.5106713e-01
  -4.0144832e-01   2.5489468e-01
  -3.6692906e-01   2.4277410e-01
  -3.4240222e-01   2.6127393e-01
  -2.8880653e-01   2.4022240e-01
  -2.6973010e-01   2.3990344e-01
  -2.5973768e-01   2.3416211e-01
  -2.4974526e-01   2.2746390e-01
  -2.1885961e-01   2.3448108e-01
  -1.9705798e-01   2.4755854e-01
  -1.8252355e-01   2.4755854e-01
  -1.4164548e-01   2.3671381e-01
  -1.1893559e-01   2.4692061e-01
  -9.3500343e-02   2.2491220e-01
  -8.1691123e-02   2.2873975e-01
  -5.7164283e-02   2.2140361e-01
  -2.7187033e-02   2.3894655e-01
   1.7324641e-02   2.2140361e-01
   3.0950664e-02   2.2905871e-01
   9.1813565e-02   2.2267946e-01
   1.2542442e-01   2.3671381e-01
   1.5812688e-01   2.2905871e-01
   1.8083691e-01   2.4373099e-01
   1.9900494e-01   2.3384315e-01
   2.1626457e-01   2.3830863e-01
   2.3897461e-01   2.3352419e-01
   2.5714264e-01   2.4723958e-01
   2.8711989e-01   2.3990344e-01
   3.2981481e-01   2.5234298e-01
   3.6524247e-01   2.4564477e-01
   3.8795251e-01   2.5361883e-01
   4.0248694e-01   2.5138609e-01
   4.2973898e-01   2.5712742e-01
   4.5517422e-01   2.5904119e-01
   4.6607504e-01   2.6988592e-01
   5.0967831e-01   2.6988592e-01
   5.4601437e-01   2.7562724e-01
   5.8507564e-01   2.8647197e-01
   6.2050330e-01   2.9954943e-01
   6.3503772e-01   3.0465283e-01
   6.5320575e-01   3.0050632e-01
   6.7773259e-01   3.1326481e-01
   6.8590821e-01   3.3367841e-01
   7.0770984e-01   3.2028199e-01
   7.2587787e-01   3.3718700e-01
   7.5767196e-01   3.5536786e-01
   7.8492401e-01   3.6876428e-01
   8.0945085e-01   3.9013477e-01
   8.3397769e-01   4.1310007e-01
   8.5759613e-01   4.3670329e-01
   8.7576416e-01   4.5807378e-01
   8.8575658e-01   4.7816842e-01
   8.9574895e-01   4.9539239e-01
   9.0846657e-01   5.1835769e-01
   9.2027579e-01   5.4419365e-01
   9.3117661e-01   5.6971065e-01
   9.3571862e-01   5.9618454e-01
   9.3935223e-01   6.1659813e-01
   9.3753543e-01   6.4466683e-01
   9.4843625e-01   6.7496827e-01
   9.5933707e-01   7.1324377e-01
   9.6387907e-01   7.4705379e-01
   9.6932947e-01   7.7607937e-01
   9.7750509e-01   8.0574288e-01
   9.8295550e-01   8.2870818e-01
   9.7841347e-01   8.5486311e-01
   9.8023028e-01   8.8931105e-01
   9.8295548e-01   9.1578494e-01
   9.8295548e-01   9.3779335e-01
   9.8658909e-01   9.6203450e-01
   9.9022269e-01   9.8468084e-01
   9.9294790e-01   1.0143443e+00
   9.9476470e-01   1.0468785e+00
   1.0002151e+00   1.0733524e+00
   1.0056655e+00   1.1039728e+00
   1.0102075e+00   1.1326795e+00
   1.0111159e+00   1.1553258e+00
   1.0120243e+00   1.1786101e+00
   1.0129327e+00   1.2025322e+00
   1.0220168e+00   1.2315578e+00
   1.0274672e+00   1.2567559e+00
   1.0320092e+00   1.2778074e+00
   1.0374596e+00   1.3046002e+00
   1.0429100e+00   1.3256518e+00
   1.0465436e+00   1.3502119e+00
   1.0538108e+00   1.3600997e+00
   1.0710704e+00   1.3307552e+00
   1.0765208e+00   1.3010917e+00
   1.0819713e+00   1.2736609e+00
   1.0856049e+00   1.2446353e+00
   1.0874217e+00   1.2175235e+00
   1.0883301e+00   1.1958340e+00
   1.0892385e+00   1.1722308e+00
   1.0910553e+00   1.1508603e+00
   1.0937805e+00   1.1269381e+00
   1.0937805e+00   1.0995074e+00
   1.1001393e+00   1.0698438e+00
   1.1028645e+00   1.0494302e+00
   1.1019561e+00   1.0280597e+00
   1.1028645e+00   1.0047755e+00
   1.1019561e+00   9.8340497e-01
   1.1028645e+00   9.6267241e-01
   1.1046813e+00   9.4034503e-01
   1.1110401e+00   9.1387115e-01
   1.1146737e+00   8.8803519e-01
   1.1128242e+00   8.6652064e-01
   1.1142576e+00   8.4311665e-01
   1.1135409e+00   8.4034844e-01
   1.1171245e+00   8.0964644e-01
   1.1214248e+00   7.9127557e-01
   1.1221415e+00   7.6938150e-01
   1.1228582e+00   7.5252057e-01
   1.1228582e+00   7.3238811e-01
   1.1235749e+00   7.1477221e-01
   1.1242916e+00   6.9287816e-01
   1.1228582e+00   6.7450729e-01
   1.1221415e+00   6.5865298e-01
   1.1214248e+00   6.4330198e-01
   1.1235749e+00   6.2744767e-01
   1.1264418e+00   6.1335495e-01
   1.1300253e+00   5.9297083e-01
   1.1307420e+00   5.7434831e-01
   1.1336089e+00   5.5799068e-01
   1.1336089e+00   5.4289134e-01
   1.1336089e+00   5.2854694e-01
   1.1343256e+00   5.1143435e-01
   1.1314588e+00   4.9809659e-01
   1.1336089e+00   4.8526215e-01
   1.1343256e+00   4.6714294e-01
   1.1343256e+00   4.4550054e-01
   1.1350423e+00   4.2989789e-01
   1.1386259e+00   4.0825550e-01
   1.1400593e+00   3.8812304e-01
   1.1465097e+00   3.6547402e-01
   1.1472264e+00   3.4081176e-01
   1.1439932e+00   3.0899411e-01
   1.1458726e+00   2.7401955e-01
   1.1477520e+00   2.4498407e-01
   1.1571489e+00   2.0671003e-01
   1.1627870e+00   1.6975578e-01
   1.1665458e+00   1.3676092e-01
   1.1778221e+00   1.0574574e-01
   1.1815808e+00   7.8689956e-02
   1.1890984e+00   5.1634167e-02
   1.2041334e+00   2.5898172e-02
   1.2229272e+00   1.0060632e-02
   1.2454798e+00   8.2206981e-04
  -8.2080814e-01  -8.4227163e-04
  -7.7108225e-01   1.2349731e-02
  -7.3130154e-01   2.0885732e-02
  -7.0367605e-01   3.4465735e-02
  -6.8599573e-01   4.9597738e-02
  -6.5616020e-01   6.0849740e-02
  -6.3405980e-01   8.2189744e-02
  -5.9759415e-01   1.0508175e-01
  -5.8322889e-01   1.2680975e-01
  -5.6886364e-01   1.4892576e-01
  -5.5891846e-01   1.6328176e-01
  -5.4455320e-01   1.8268176e-01
  -5.3350300e-01   2.0324577e-01
  -5.2466284e-01   2.1216977e-01
  -5.1029759e-01   2.2613773e-01
  -5.0587751e-01   2.4670173e-01
  -4.8156708e-01   2.9985774e-01
  -4.7493696e-01   3.1770575e-01
  -4.6830684e-01   3.3012175e-01
  -4.6278174e-01   3.4486575e-01
  -4.4399640e-01   3.9414179e-01
  -4.3515624e-01   4.2052579e-01
  -4.2742110e-01   4.3837380e-01
  -4.0311067e-01   4.6669780e-01
  -3.9869059e-01   4.9928981e-01
  -3.9648055e-01   5.1868981e-01
  -3.8985043e-01   5.3653781e-01
  -3.7548517e-01   5.6253382e-01
  -3.6554000e-01   5.8115783e-01
  -3.6554000e-01   5.9822983e-01
  -3.6332996e-01   6.1219783e-01
  -3.6001490e-01   6.2771783e-01
  -3.6111992e-01   6.4672984e-01
  -3.5669984e-01   6.6108584e-01
  -3.4564964e-01   6.8203784e-01
  -3.4343960e-01   6.9755785e-01
  -3.3791450e-01   7.1501785e-01
  -3.3570446e-01   7.3053786e-01
  -3.2575929e-01   7.5420586e-01
  -3.2354925e-01   7.7127786e-01
  -3.2244423e-01   7.8602187e-01
  -3.1691913e-01   8.0192987e-01
  -3.1802415e-01   8.2132987e-01
  -3.1691913e-01   8.3723788e-01
  -3.1360407e-01   8.5353388e-01
  -3.0697395e-01   8.7797788e-01
  -2.9592375e-01   8.9272189e-01
  -2.9813379e-01   9.1483792e-01
  -2.9886065e-01   9.3244369e-01
  -2.9184233e-01   9.4796883e-01
  -2.8692951e-01   9.6004394e-01
  -2.7920936e-01   9.7901911e-01
  -2.7570020e-01   9.9035492e-01
  -2.7219104e-01   1.0004586e+00
  -2.6798004e-01   1.0149980e+00
  -2.6236539e-01   1.0273195e+00
  -2.5955806e-01   1.0425982e+00
  -2.5113608e-01   1.0642842e+00
  -2.4762692e-01   1.0734021e+00
  -2.4411774e-01   1.0876951e+00
  -2.3990675e-01   1.1012488e+00
  -2.3569576e-01   1.1115988e+00
  -2.2867744e-01   1.1253990e+00
  -2.2516828e-01   1.1406777e+00
  -2.2306278e-01   1.1566957e+00
  -2.2657192e-01   1.1722208e+00
  -2.1885177e-01   1.1870066e+00
  -2.1323711e-01   1.2040104e+00
  -2.0832429e-01   1.2136212e+00
  -2.0481513e-01   1.2279142e+00
  -2.0200780e-01   1.2422071e+00
  -1.9779681e-01   1.2540358e+00
  -1.9218215e-01   1.2653716e+00
  -1.8867299e-01   1.2742431e+00
  -1.8095284e-01   1.2873040e+00
  -1.7463635e-01   1.2966683e+00
  -1.7182904e-01   1.3109613e+00
  -1.6691621e-01   1.3237757e+00
  -1.6130156e-01   1.3407795e+00
  -1.5989789e-01   1.3563046e+00
  -1.5638873e-01   1.3718297e+00
  -1.5919606e-01   1.3856299e+00
  -1.4726492e-01   1.3989371e+00
  -1.3042095e-01   1.4166801e+00
  -1.2410446e-01   1.4309731e+00
  -1.1848980e-01   1.4447732e+00
  -1.1427881e-01   1.4696628e+00
  -1.0796232e-01   1.4901165e+00
  -1.0445316e-01   1.5063809e+00
  -1.0234767e-01   1.5219061e+00
  -1.0024218e-01   1.5357062e+00
  -7.8467783e-02   1.5387898e+00
  -4.5648696e-02   1.5372248e+00
  -1.4855479e-02   1.5412083e+00
  -3.2393334e-02   1.5533724e+00
  -3.1376189e-02   1.5648011e+00
  -2.4764728e-02   1.5742655e+00
   3.5374122e-03   1.5293847e+00
   1.3871634e-02   1.5089738e+00
   1.6455189e-02   1.4912844e+00
   2.0330523e-02   1.4745021e+00
   3.3248300e-02   1.4590805e+00
   5.1333188e-02   1.4404839e+00
   5.9083854e-02   1.4209802e+00
   7.7168743e-02   1.4091872e+00
   8.7502964e-02   1.3924049e+00
   9.3961853e-02   1.3778905e+00
   1.0171252e-01   1.3647368e+00
   1.0817141e-01   1.3520367e+00
   1.0817141e-01   1.3343473e+00
   1.1333852e-01   1.3225543e+00
   1.1850563e-01   1.3080399e+00
   1.2883985e-01   1.2908040e+00
   1.3529874e-01   1.2767432e+00
   1.4175763e-01   1.2545180e+00
   1.4563296e-01   1.2268499e+00
   1.4692474e-01   1.2123355e+00
   1.4692474e-01   1.1937389e+00
   1.4950830e-01   1.1810388e+00
   1.6113429e-01   1.1592671e+00
   1.7663563e-01   1.1356812e+00
   1.8180274e-01   1.1198061e+00
   1.8696985e-01   1.0980344e+00
   1.9342874e-01   1.0767164e+00
   2.0505474e-01   1.0558519e+00
   2.1280540e-01   1.0327196e+00
   2.1538896e-01   1.0195659e+00
   2.1926429e-01   9.9325852e-01
   2.2313963e-01   9.7602265e-01
   2.2313963e-01   9.6105466e-01
   2.3476563e-01   9.1524354e-01
   2.4251629e-01   8.9664695e-01
   2.5155874e-01   8.7850393e-01
   2.6189296e-01   8.6262879e-01
   2.6964362e-01   8.4584650e-01
   2.7481074e-01   8.2815705e-01
   2.8256140e-01   8.1092118e-01
   2.8772851e-01   7.8960314e-01
   2.9661330e-01   7.6974046e-01
   3.0344853e-01   7.5225459e-01
   3.1223669e-01   7.3065439e-01
   3.2004838e-01   7.0939706e-01
   3.2004838e-01   6.9568265e-01
   3.2338971e-01   6.7028421e-01
   3.2934003e-01   6.4855545e-01
   3.3475126e-01   6.1187655e-01
   3.4940836e-01   5.9222638e-01
   3.5740314e-01   5.6930117e-01
   3.6673038e-01   5.4450452e-01
   3.7739009e-01   5.2064360e-01
   3.7872256e-01   4.9444336e-01
   3.9071473e-01   4.7479319e-01
   3.9337966e-01   4.5514301e-01
   4.0803676e-01   4.3596070e-01
   4.2935617e-01   4.0835688e-01
   4.3735098e-01   3.8683529e-01
   4.4401330e-01   3.6671725e-01
   4.5467301e-01   3.4145274e-01
   4.7332750e-01   3.1384892e-01
   4.8265474e-01   2.8998800e-01
   4.9064952e-01   2.5957701e-01
   4.9731184e-01   2.4179828e-01
   5.1330141e-01   2.1606591e-01
   5.2396111e-01   1.9641573e-01
   5.3595329e-01   1.7957273e-01
   5.4394807e-01   1.5711538e-01
   5.5860517e-01   1.3372232e-01
   5.7992458e-01   1.1921864e-01
   6.0124399e-01   9.8632739e-02
   6.1456863e-01   7.8514702e-02
   6.3055819e-01   5.7928805e-02
   6.6653471e-01   3.6407185e-02
   6.9185152e-01   2.3307068e-02
   7.1850079e-01   1.4417703e-02
   7.5181239e-01   7.8676449e-03
   7.8112659e-01   4.1247544e-03
  -1.0861076e+00  -1.7521276e-03
  -1.0660088e+00   1.0876556e-02
  -1.0427364e+00   2.7962423e-02
  -1.0279268e+00   4.1333970e-02
  -1.0141749e+00   5.6191246e-02
  -1.0025388e+00   7.1419953e-02
  -9.9407608e-01   9.0362978e-02
  -9.8561341e-01   1.0670598e-01
  -9.8032424e-01   1.2007753e-01
  -9.7503507e-01   1.4310631e-01
  -9.5599407e-01   1.6242076e-01
  -9.4118439e-01   1.8284952e-01
  -9.2849039e-01   1.9770679e-01
  -9.1368072e-01   2.1330693e-01
  -8.9463971e-01   2.3893573e-01
  -8.7030950e-01   2.6419312e-01
  -8.4915283e-01   2.8759333e-01
  -8.2799616e-01   3.0950781e-01
  -8.0472381e-01   3.3625091e-01
  -7.8568281e-01   3.5705109e-01
  -7.5394779e-01   3.7822271e-01
  -7.3384895e-01   4.0199435e-01
  -7.2644412e-01   4.2650885e-01
  -6.9047777e-01   4.3913754e-01
  -6.8201510e-01   4.6030915e-01
  -6.6720544e-01   4.7553788e-01
  -6.3970176e-01   4.9485234e-01
  -6.0690891e-01   5.2939551e-01
  -6.2277642e-01   5.1156678e-01
  -5.7517390e-01   5.4053846e-01
  -5.4661239e-01   5.3719558e-01
  -5.2757138e-01   5.5168142e-01
  -5.0958821e-01   5.6728156e-01
  -4.9266287e-01   5.8511029e-01
  -4.6515919e-01   5.9996756e-01
  -4.3977118e-01   6.0256759e-01
  -4.1544101e-01   6.2225348e-01
  -3.7947466e-01   6.3748218e-01
  -3.3716131e-01   6.1259625e-01
  -3.2340947e-01   6.3116784e-01
  -2.9167446e-01   6.3933934e-01
  -2.7051779e-01   6.2596780e-01
  -2.6205512e-01   6.4565368e-01
  -2.5359248e-01   6.6459669e-01
  -2.0916347e-01   6.3302498e-01
  -1.9541163e-01   6.5271087e-01
  -1.8694896e-01   6.7091103e-01
  -1.6050312e-01   6.6831101e-01
  -1.4146211e-01   6.8465401e-01
  -1.2136327e-01   6.6013951e-01
  -8.9628256e-02   6.8093969e-01
  -5.2604076e-02   6.7945396e-01
  -1.9811230e-02   6.6831101e-01
   5.5767793e-03   6.5976808e-01
   2.3559953e-02   6.7425392e-01
   5.3179297e-02   6.6571099e-01
   8.3856475e-02   6.7425392e-01
   1.1347582e-01   6.7091103e-01
   1.2934333e-01   6.4825369e-01
   1.3569033e-01   6.3562500e-01
   1.6742534e-01   6.6311096e-01
   1.8329285e-01   6.5011085e-01
   1.9598685e-01   6.3562500e-01
   2.2243269e-01   6.5605376e-01
   2.2772186e-01   6.3116782e-01
   2.3618453e-01   6.2002486e-01
   2.6368821e-01   6.1965343e-01
   2.8061355e-01   6.2485348e-01
   2.9753889e-01   6.1631055e-01
   3.5254632e-01   6.0256755e-01
   3.7793433e-01   5.9996753e-01
   3.9803317e-01   5.8399596e-01
   4.1601634e-01   5.7025298e-01
   4.3505735e-01   5.5948145e-01
   4.6573452e-01   5.6022432e-01
   4.8583337e-01   5.3719554e-01
   5.1016354e-01   5.2010968e-01
   5.3343588e-01   4.9930949e-01
   5.5988173e-01   4.8593794e-01
   5.8950107e-01   4.7925217e-01
   6.0325291e-01   4.5659482e-01
   6.2017829e-01   4.3096601e-01
   6.4345063e-01   4.4693758e-01
   6.6249164e-01   4.2056592e-01
   6.7941698e-01   3.9939430e-01
   7.1432549e-01   3.9716571e-01
   7.2701949e-01   4.0162289e-01
   7.4077133e-01   3.7450837e-01
   7.6933284e-01   3.4070806e-01
   8.0318352e-01   3.2065074e-01
   8.1587749e-01   3.0245062e-01
   8.3174500e-01   2.8685049e-01
   8.4549684e-01   2.7756469e-01
   8.6665351e-01   2.6047882e-01
   8.7617401e-01   2.4042150e-01
   9.0579336e-01   2.2147847e-01
   9.2377653e-01   2.0513547e-01
   9.3118137e-01   1.8804961e-01
   9.3647054e-01   1.7356376e-01
   9.4281754e-01   1.5647790e-01
   9.5128021e-01   1.3976346e-01
   9.7243688e-01   1.2676335e-01
   9.8407304e-01   1.1079180e-01
   9.9042005e-01   9.4448802e-02
   9.9888272e-01   7.5505776e-02
   1.0126346e+00   5.5448455e-02
   1.0200394e+00   3.9848316e-02
   1.0316756e+00   2.4991041e-02
   1.0443696e+00   1.3476652e-02
   1.0718732e+00   1.5908322e-03
   1.0877407e+00   1.0510467e-04
  -1.2187844e+00   1.4193292e-03
  -1.1935591e+00   9.8336899e-03
  -1.1759014e+00   2.4005245e-02
  -1.1645501e+00   3.9505383e-02
  -1.1595050e+00   5.8105548e-02
  -1.1468924e+00   7.8920019e-02
  -1.1418473e+00   9.6191602e-02
  -1.1393248e+00   1.1080602e-01
  -1.1368023e+00   1.2940618e-01
  -1.1317572e+00   1.4313488e-01
  -1.1292347e+00   1.6350649e-01
  -1.1216671e+00   1.8786385e-01
  -1.1204058e+00   2.0823546e-01
  -1.1216671e+00   2.3303568e-01
  -1.1191446e+00   2.5075012e-01
  -1.1153608e+00   2.7067886e-01
  -1.1153608e+00   2.9193619e-01
  -1.1115770e+00   3.1053635e-01
  -1.1090545e+00   3.2957938e-01
  -1.1090545e+00   3.5216530e-01
  -1.1077932e+00   3.7696552e-01
  -1.1052707e+00   3.9467996e-01
  -1.1040095e+00   4.2169449e-01
  -1.1002257e+00   4.4472326e-01
  -1.0939193e+00   4.7439496e-01
  -1.0926581e+00   4.9255226e-01
  -1.0888743e+00   5.1203815e-01
  -1.0901356e+00   5.3196690e-01
  -1.0813067e+00   5.5588146e-01
  -1.0775229e+00   5.7846738e-01
  -1.0787842e+00   6.1389627e-01
  -1.0762617e+00   6.4489654e-01
  -1.0712166e+00   6.7545396e-01
  -1.0649103e+00   7.0069704e-01
  -1.0573427e+00   7.3214018e-01
  -1.0522977e+00   7.5782612e-01
  -1.0447301e+00   7.8616923e-01
  -1.0409463e+00   8.1451234e-01
  -1.0396850e+00   8.3931260e-01
  -1.0321174e+00   8.6234138e-01
  -1.0144597e+00   8.4684124e-01
  -9.9301827e-01   8.1761241e-01
  -9.7788311e-01   7.9104077e-01
  -9.7031553e-01   7.6668341e-01
  -9.6527047e-01   7.3701171e-01
  -9.6148668e-01   7.1088291e-01
  -9.5518037e-01   6.8342552e-01
  -9.4635152e-01   6.5065380e-01
  -9.3373889e-01   6.3338222e-01
  -9.2364879e-01   6.1345347e-01
  -9.0977489e-01   5.9662475e-01
  -8.9968478e-01   5.8068175e-01
  -8.9463971e-01   5.6252440e-01
  -8.8202708e-01   5.4126706e-01
  -8.6689192e-01   5.1646684e-01
  -8.5301802e-01   5.0318101e-01
  -8.3283781e-01   5.1469540e-01
  -8.2022518e-01   4.9609523e-01
  -7.9121612e-01   4.7129501e-01
  -7.7103591e-01   4.5402343e-01
  -7.4454938e-01   4.3763757e-01
  -7.0797274e-01   4.2479460e-01
  -6.7770243e-01   4.1549452e-01
  -6.8022496e-01   4.1638024e-01
  -6.3608074e-01   4.1593738e-01
  -6.0454916e-01   3.9290861e-01
  -5.7301758e-01   3.7342272e-01
  -5.5662116e-01   3.8360852e-01
  -5.3265715e-01   3.7917991e-01
  -5.0364810e-01   3.6899411e-01
  -4.5950388e-01   3.6987983e-01
  -4.1788219e-01   3.6367978e-01
  -3.9013440e-01   3.5305111e-01
  -3.7752177e-01   3.4463675e-01
  -3.3590008e-01   3.5393683e-01
  -3.1319734e-01   3.3002233e-01
  -2.7535944e-01   3.4375103e-01
  -2.1481880e-01   3.3400808e-01
  -1.7193585e-01   3.4995108e-01
  -1.5301690e-01   3.2913661e-01
  -1.3283669e-01   3.4109386e-01
  -9.1215000e-02   3.3223664e-01
  -7.6079841e-02   3.2913661e-01
  -3.6980679e-02   3.4375103e-01
  -1.4277939e-02   3.2692231e-01
   8.4247999e-03   3.4463675e-01
   3.3650066e-02   3.2470800e-01
   1.0806460e-01   3.4330817e-01
   1.4590250e-01   3.2470800e-01
   1.8752419e-01   3.4020814e-01
   2.3166839e-01   3.4685105e-01
   2.5437113e-01   3.5127967e-01
   2.9347029e-01   3.6722266e-01
   3.2500187e-01   3.4375103e-01
   3.8806503e-01   3.6987983e-01
   4.2085788e-01   3.5172253e-01
   4.5491199e-01   3.5305111e-01
   4.9527241e-01   3.6810839e-01
   5.3689410e-01   3.8272280e-01
   5.5329053e-01   3.9822294e-01
   5.7220947e-01   3.7430844e-01
   5.9491221e-01   3.8670855e-01
   6.3779517e-01   4.0132297e-01
   6.5923664e-01   4.1460880e-01
   6.8320064e-01   4.2966608e-01
   7.0590338e-01   4.4206619e-01
   7.2229981e-01   4.2833749e-01
   7.4374128e-01   4.4118047e-01
   7.5383139e-01   4.5933777e-01
   7.8284044e-01   4.7660935e-01
   8.5094866e-01   4.9166663e-01
   8.6860635e-01   5.1513827e-01
   8.8248024e-01   5.3816703e-01
   8.9761540e-01   5.6341011e-01
   9.1022803e-01   5.8776747e-01
   9.2031814e-01   6.1611058e-01
   9.4049835e-01   6.4135367e-01
   9.5437224e-01   6.7191108e-01
   9.5941730e-01   6.9981133e-01
   9.6446235e-01   7.3789738e-01
   9.6824614e-01   7.5871185e-01
   9.7707498e-01   7.9192643e-01
   9.8842635e-01   8.2115526e-01
   9.9347141e-01   8.4905551e-01
   1.0161741e+00   8.7031284e-01
   1.0313093e+00   8.3355537e-01
   1.0439219e+00   7.9768362e-01
   1.0489670e+00   7.6801193e-01
   1.0489670e+00   7.3922596e-01
   1.0552733e+00   7.1265429e-01
   1.0577958e+00   6.8785407e-01
   1.0577958e+00   6.6703960e-01
   1.0615796e+00   6.4135366e-01
   1.0641021e+00   6.2231063e-01
   1.0653634e+00   5.9972469e-01
   1.0741923e+00   5.7315303e-01
   1.0729310e+00   5.3905273e-01
   1.0754535e+00   5.1380964e-01
   1.0754535e+00   4.8502367e-01
   1.0792373e+00   4.6420920e-01
   1.0817598e+00   4.4118043e-01
   1.0893274e+00   4.1682307e-01
   1.0842824e+00   3.9733718e-01
   1.0905887e+00   3.6766548e-01
   1.0981563e+00   3.4065096e-01
   1.0956338e+00   3.2780799e-01
   1.0956338e+00   3.0079346e-01
   1.0994175e+00   2.7023604e-01
   1.0994175e+00   2.3879291e-01
   1.1069851e+00   2.1310696e-01
   1.1145527e+00   1.9052105e-01
   1.1183365e+00   1.6439225e-01
   1.1221203e+00   1.4269205e-01
   1.1284266e+00   1.2010614e-01
   1.1347329e+00   9.9291665e-02
   1.1435618e+00   7.0505695e-02
   1.1511293e+00   5.2348446e-02
   1.1599582e+00   3.1533975e-02
   1.1776159e+00   1.1162365e-02
   1.1927510e+00   9.7655996e-04
  -9.5374617e-01  -7.3068991e-04
  -8.9979665e-01   8.7408230e-03
  -8.7123514e-01   2.0440927e-02
  -8.4426038e-01   2.4340962e-02
  -8.0459161e-01   4.3283988e-02
  -7.7603010e-01   5.8326979e-02
  -7.4746859e-01   7.1141379e-02
  -7.3160109e-01   9.0084404e-02
  -7.0462633e-01   1.0735599e-01
  -6.8241182e-01   1.3465623e-01
  -6.6971781e-01   1.5415640e-01
  -6.3956955e-01   1.7811376e-01
  -6.3480930e-01   2.0597115e-01
  -6.2528880e-01   2.3271425e-01
  -6.0783454e-01   2.6057164e-01
  -5.8879353e-01   2.8508614e-01
  -5.6499227e-01   3.1405783e-01
  -5.5229827e-01   3.3857233e-01
  -5.3325726e-01   3.6308684e-01
  -5.0786926e-01   4.1545879e-01
  -4.9517526e-01   4.5055910e-01
  -4.8089450e-01   4.8008793e-01
  -4.6026675e-01   5.0905962e-01
  -4.4757274e-01   5.4694567e-01
  -4.3487874e-01   5.8204599e-01
  -4.2377149e-01   6.1157482e-01
  -4.0473048e-01   6.4723228e-01
  -3.9044973e-01   6.8567548e-01
  -3.6823522e-01   7.1520431e-01
  -3.6188822e-01   7.4473315e-01
  -3.4919421e-01   7.6757621e-01
  -3.3808697e-01   8.0323367e-01
  -3.2697971e-01   8.3499109e-01
  -3.0952546e-01   8.6451993e-01
  -3.0159170e-01   8.9293447e-01
  -2.8413745e-01   9.2079186e-01
  -2.6668319e-01   9.4196348e-01
  -2.6192294e-01   9.6703513e-01
  -2.5081568e-01   9.9600681e-01
  -2.3812168e-01   1.0160641e+00
  -2.0956017e-01   1.0389072e+00
  -2.0003967e-01   1.0701075e+00
  -1.9051918e-01   1.1040935e+00
  -1.6989143e-01   1.1157936e+00
  -1.4609017e-01   1.1297223e+00
  -1.2070216e-01   1.1664941e+00
  -1.0800815e-01   1.1976943e+00
  -9.2140646e-02   1.2216517e+00
  -5.7232133e-02   1.2049373e+00
  -1.2803116e-02   1.2194231e+00
   9.4113920e-03   1.1893371e+00
   2.5278898e-02   1.1960229e+00
   4.4319905e-02   1.1531225e+00
   6.8121164e-02   1.1230365e+00
   9.8269425e-02   1.0940648e+00
   1.3000444e-01   1.0745647e+00
   1.5063219e-01   1.0383501e+00
   1.6967320e-01   1.0093784e+00
   2.1568897e-01   9.3750631e-01
   2.3155648e-01   9.0574888e-01
   2.5059748e-01   8.6619139e-01
   2.8074577e-01   8.1883379e-01
   2.9502652e-01   7.8094774e-01
   3.2041453e-01   7.3191873e-01
   3.2517478e-01   6.9626127e-01
   3.4738929e-01   6.6617529e-01
   3.7277730e-01   6.4444653e-01
   3.9181831e-01   6.1324625e-01
   3.9657856e-01   5.9318893e-01
   4.1403282e-01   5.5474573e-01
   4.3466058e-01   5.2688834e-01
   4.4576783e-01   5.0794531e-01
   4.5211483e-01   4.8454510e-01
   4.6322208e-01   4.4554476e-01
   4.8702334e-01   4.1768736e-01
   5.0130409e-01   3.9094427e-01
   5.1241135e-01   3.5194392e-01
   5.2669210e-01   3.2520083e-01
   5.4890661e-01   3.0180062e-01
   5.6477412e-01   2.7171464e-01
   5.7746812e-01   2.4831443e-01
   5.9650913e-01   2.2658566e-01
   6.1396339e-01   2.0597119e-01
   6.3935142e-01   1.7421377e-01
   6.5521893e-01   1.5471359e-01
   6.6949968e-01   1.3298483e-01
   6.9964794e-01   1.1348466e-01
   7.1868895e-01   8.8970152e-02
   7.3931671e-01   6.9469978e-02
   7.4883721e-01   5.7212726e-02
   7.8057222e-01   3.9941144e-02
   8.1230723e-01   2.1555266e-02
   8.3928199e-01   1.1526605e-02
   8.7101701e-01   3.8364905e-04
