  -1.2187844e+00   1.4193292e-03
  -1.1935591e+00   9.8336899e-03
  -1.1759014e+00   2.4005245e-02
  -1.1645501e+00   3.9505383e-02
  -1.1595050e+00   5.8105548e-02
  -1.1468924e+00   7.8920019e-02
  -1.1418473e+00   9.6191602e-02
  -1.1393248e+00   1.1080602e-01
  -1.1368023e+00   1.2940618e-01
  -1.1317572e+00   1.4313488e-01
  -1.1292347e+00   1.6350649e-01
  -1.1216671e+00   1.8786385e-01
  -1.1204058e+00   2.0823546e-01
  -1.1216671e+00   2.3303568e-01
  -1.1191446e+00   2.5075012e-01
  -1.1153608e+00   2.7067886e-01
  -1.1153608e+00   2.9193619e-01
  -1.1115770e+00   3.1053635e-01
  -1.1090545e+00   3.2957938e-01
  -1.1090545e+00   3.5216530e-01
  -1.1077932e+00   3.7696552e-01
  -1.1052707e+00   3.9467996e-01
  -1.1040095e+00   4.2169449e-01
  -1.1002257e+00   4.4472326e-01
  -1.0939193e+00   4.7439496e-01
  -1.0926581e+00   4.9255226e-01
  -1.0888743e+00   5.1203815e-01
  -1.0901356e+00   5.3196690e-01
  -1.0813067e+00   5.5588146e-01
  -1.0775229e+00   5.7846738e-01
  -1.0787842e+00   6.1389627e-01
  -1.0762617e+00   6.4489654e-01
  -1.0712166e+00   6.7545396e-01
  -1.0649103e+00   7.0069704e-01
  -1.0573427e+00   7.3214018e-01
  -1.0522977e+00   7.5782612e-01
  -1.0447301e+00   7.8616923e-01
  -1.0409463e+00   8.1451234e-01
  -1.0396850e+00   8.3931260e-01
  -1.0321174e+00   8.6234138e-01
  -1.0144597e+00   8.4684124e-01
  -9.9301827e-01   8.1761241e-01
  -9.7788311e-01   7.9104077e-01
  -9.7031553e-01   7.6668341e-01
  -9.6527047e-01   7.3701171e-01
  -9.6148668e-01   7.1088291e-01
  -9.5518037e-01   6.8342552e-01
  -9.4635152e-01   6.5065380e-01
  -9.3373889e-01   6.3338222e-01
  -9.2364879e-01   6.1345347e-01
  -9.0977489e-01   5.9662475e-01
  -8.9968478e-01   5.8068175e-01
  -8.9463971e-01   5.6252440e-01
  -8.8202708e-01   5.4126706e-01
  -8.6689192e-01   5.1646684e-01
  -8.5301802e-01   5.0318101e-01
  -8.3283781e-01   5.1469540e-01
  -8.2022518e-01   4.9609523e-01
  -7.9121612e-01   4.7129501e-01
  -7.7103591e-01   4.5402343e-01
  -7.4454938e-01   4.3763757e-01
  -7.0797274e-01   4.2479460e-01
  -6.7770243e-01   4.1549452e-01
  -6.8022496e-01   4.1638024e-01
  -6.3608074e-01   4.1593738e-01
  -6.0454916e-01   3.9290861e-01
  -5.7301758e-01   3.7342272e-01
  -5.5662116e-01   3.8360852e-01
  -5.3265715e-01   3.7917991e-01
  -5.0364810e-01   3.6899411e-01
  -4.5950388e-01   3.6987983e-01
  -4.1788219e-01   3.6367978e-01
  -3.9013440e-01   3.5305111e-01
  -3.7752177e-01   3.4463675e-01
  -3.3590008e-01   3.5393683e-01
  -3.1319734e-01   3.3002233e-01
  -2.7535944e-01   3.4375103e-01
  -2.1481880e-01   3.3400808e-01
  -1.7193585e-01   3.4995108e-01
  -1.5301690e-01   3.2913661e-01
  -1.3283669e-01   3.4109386e-01
  -9.1215000e-02   3.3223664e-01
  -7.6079841e-02   3.2913661e-01
  -3.6980679e-02   3.4375103e-01
  -1.4277939e-02   3.2692231e-01
   8.4247999e-03   3.4463675e-01
   3.3650066e-02   3.2470800e-01
   1.0806460e-01   3.4330817e-01
   1.4590250e-01   3.2470800e-01
   1.8752419e-01   3.4020814e-01
   2.3166839e-01   3.4685105e-01
   2.5437113e-01   3.5127967e-01
   2.9347029e-01   3.6722266e-01
   3.2500187e-01   3.4375103e-01
   3.8806503e-01   3.6987983e-01
   4.2085788e-01   3.5172253e-01
   4.5491199e-01   3.5305111e-01
   4.9527241e-01   3.6810839e-01
   5.3689410e-01   3.8272280e-01
   5.5329053e-01   3.9822294e-01
   5.7220947e-01   3.7430844e-01
   5.9491221e-01   3.8670855e-01
   6.3779517e-01   4.0132297e-01
   6.5923664e-01   4.1460880e-01
   6.8320064e-01   4.2966608e-01
   7.0590338e-01   4.4206619e-01
   7.2229981e-01   4.2833749e-01
   7.4374128e-01   4.4118047e-01
   7.5383139e-01   4.5933777e-01
   7.8284044e-01   4.7660935e-01
   8.5094866e-01   4.9166663e-01
   8.6860635e-01   5.1513827e-01
   8.8248024e-01   5.3816703e-01
   8.9761540e-01   5.6341011e-01
   9.1022803e-01   5.8776747e-01
   9.2031814e-01   6.1611058e-01
   9.4049835e-01   6.4135367e-01
   9.5437224e-01   6.7191108e-01
   9.5941730e-01   6.9981133e-01
   9.6446235e-01   7.3789738e-01
   9.6824614e-01   7.5871185e-01
   9.7707498e-01   7.9192643e-01
   9.8842635e-01   8.2115526e-01
   9.9347141e-01   8.4905551e-01
   1.0161741e+00   8.7031284e-01
   1.0313093e+00   8.3355537e-01
   1.0439219e+00   7.9768362e-01
   1.0489670e+00   7.6801193e-01
   1.0489670e+00   7.3922596e-01
   1.0552733e+00   7.1265429e-01
   1.0577958e+00   6.8785407e-01
   1.0577958e+00   6.6703960e-01
   1.0615796e+00   6.4135366e-01
   1.0641021e+00   6.2231063e-01
   1.0653634e+00   5.9972469e-01
   1.0741923e+00   5.7315303e-01
   1.0729310e+00   5.3905273e-01
   1.0754535e+00   5.1380964e-01
   1.0754535e+00   4.8502367e-01
   1.0792373e+00   4.6420920e-01
   1.0817598e+00   4.4118043e-01
   1.0893274e+00   4.1682307e-01
   1.0842824e+00   3.9733718e-01
   1.0905887e+00   3.6766548e-01
   1.0981563e+00   3.4065096e-01
   1.0956338e+00   3.2780799e-01
   1.0956338e+00   3.0079346e-01
   1.0994175e+00   2.7023604e-01
   1.0994175e+00   2.3879291e-01
   1.1069851e+00   2.1310696e-01
   1.1145527e+00   1.9052105e-01
   1.1183365e+00   1.6439225e-01
   1.1221203e+00   1.4269205e-01
   1.1284266e+00   1.2010614e-01
   1.1347329e+00   9.9291665e-02
   1.1435618e+00   7.0505695e-02
   1.1511293e+00   5.2348446e-02
   1.1599582e+00   3.1533975e-02
   1.1776159e+00   1.1162365e-02
   1.1927510e+00   9.7655996e-04